0.000000,-2.663857,-2.301707,-2.191288,-2.381236,3.542732E+9
0.005000,-2.471937,-2.214621,-2.050306,-2.107487,3.542732E+9
0.010000,-2.397010,-2.128191,-2.004955,-1.969792,3.542732E+9
0.015000,-2.271145,-2.091385,-1.981294,-1.878433,3.542732E+9
0.020000,-2.208048,-2.030588,-1.947774,-1.886977,3.542732E+9
0.025000,-2.199832,-2.038475,-1.882048,-1.873175,3.542732E+9
0.030000,-2.154810,-2.004627,-1.904723,-2.230395,3.542732E+9
0.035000,-2.115375,-1.953689,-1.859701,-1.858387,3.542732E+9
0.040000,-2.095985,-1.852143,-1.834397,-1.973735,3.542732E+9
0.045000,-2.016786,-1.847870,-1.859701,-1.930685,3.542732E+9
0.050000,-1.958618,-1.777544,-1.982280,-1.980308,3.542732E+9
0.055000,-1.910967,-1.735808,-1.923455,-1.972750,3.542732E+9
0.060000,-1.888292,-1.707546,-1.951060,-1.993782,3.542732E+9
0.065000,-1.792661,-1.653322,-1.881719,-1.978008,3.542732E+9
0.070000,-1.742381,-1.717076,-1.808435,-1.930356,3.542732E+9
0.075000,-1.672711,-1.560320,-1.789703,-1.841955,3.542732E+9
0.080000,-1.594169,-1.491308,-1.712804,-1.781816,3.542732E+9
0.085000,-1.509711,-1.414409,-1.641820,-1.754540,3.542732E+9
0.090000,-1.458116,-1.353941,-1.609286,-1.766370,3.542732E+9
0.095000,-1.398963,-1.321735,-1.596469,-1.617501,3.542732E+9
0.100000,-1.438399,-1.341125,-1.642477,-1.622760,3.542732E+9
0.105000,-1.430183,-1.374973,-1.639191,-1.588253,3.542732E+9
0.110000,-1.445957,-1.385161,-1.657266,-1.628018,3.542732E+9
0.115000,-1.458774,-1.379903,-1.661538,-1.667124,3.542732E+9
0.120000,-1.445629,-1.420981,-1.678298,-1.766042,3.542732E+9
0.125000,-1.435770,-1.378588,-1.718062,-1.802191,3.542732E+9
0.130000,-1.337838,-1.359528,-1.809092,-1.875147,3.542732E+9
0.135000,-1.463046,-1.410137,-1.796276,-1.931999,3.542732E+9
0.140000,-1.502810,-1.435770,-1.784445,-1.981294,3.542732E+9
0.145000,-1.480792,-1.410794,-1.808106,-1.966834,3.542732E+9
0.150000,-1.470604,-1.355256,-1.776229,-1.925427,3.542732E+9
0.155000,-1.466004,-1.385161,-1.766042,-1.841298,3.542732E+9
0.160000,-1.469618,-1.371030,-1.689800,-1.803177,3.542732E+9
0.165000,-1.426897,-1.383518,-1.638862,-1.684542,3.542732E+9
0.170000,-1.416709,-1.327651,-1.652008,-1.616516,3.542732E+9
0.175000,-1.410137,-1.332580,-1.603042,-1.587925,3.542732E+9
0.180000,-1.365114,-1.346054,-1.574451,-1.642806,3.542732E+9
0.185000,-1.389433,-1.374973,-1.608957,-1.634919,3.542732E+9
0.190000,-1.447929,-1.411451,-1.739094,-1.682241,3.542732E+9
0.195000,-1.469290,-1.461403,-1.722663,-1.792989,3.542732E+9
0.200000,-1.544217,-1.784445,-1.797919,-1.989838,3.542732E+9
0.205000,-1.751582,-1.958290,-1.856415,-2.265887,3.542732E+9
0.210000,-2.084155,-2.551794,-1.986552,-2.653998,3.542732E+9
0.215000,-2.589587,-3.070372,-2.327669,-3.074972,3.542732E+9
0.220000,-2.989857,-3.054926,-2.901456,-3.510078,3.542732E+9
0.225000,-2.816998,-2.967839,-3.253418,-3.840680,3.542732E+9
0.230000,-2.583343,-2.910329,-3.180134,-4.136776,3.542732E+9
0.235000,-2.420014,-2.816012,-2.957980,-4.197244,3.542732E+9
0.240000,-2.471937,-2.643482,-2.783478,-3.997108,3.542732E+9
0.245000,-2.310909,-2.496256,-2.547522,-3.217598,3.542732E+9
0.250000,-2.223822,-2.455177,-2.340814,-2.795309,3.542732E+9
0.255000,-2.102887,-2.428558,-2.186358,-2.418371,3.542732E+9
0.260000,-2.078897,-2.378607,-2.043076,-2.217907,3.542732E+9
0.265000,-2.073967,-2.421328,-1.839983,-2.107487,3.542732E+9
0.270000,-2.014157,-2.429216,-1.851157,-2.070681,3.542732E+9
0.275000,-1.958947,-2.387151,-1.856086,-2.102887,3.542732E+9
0.280000,-1.965848,-2.430859,-1.806792,-2.276074,3.542732E+9
0.285000,-1.989838,-2.286919,-1.897165,-2.503157,3.542732E+9
0.290000,-2.144623,-2.494284,-2.113403,-2.752915,3.542732E+9
0.295000,-2.282647,-2.565925,-2.387808,-2.979013,3.542732E+9
0.300000,-2.564611,-2.721696,-2.610290,-3.241588,3.542732E+9
0.305000,-2.491984,-2.733526,-2.712165,-3.141684,3.542732E+9
0.310000,-2.515316,-2.674702,-2.626393,-3.152529,3.542732E+9
0.315000,-2.374006,-2.654327,-2.419685,-2.855448,3.542732E+9
0.320000,-2.396681,-2.624750,-2.129506,-2.669115,3.542732E+9
0.325000,-2.254385,-2.544564,-1.877776,-2.408183,3.542732E+9
0.330000,-2.184387,-2.445318,-1.775572,-2.221193,3.542732E+9
0.335000,-2.053921,-2.352645,-1.781487,-1.997725,3.542732E+9
0.340000,-1.970778,-2.223165,-1.811721,-1.931999,3.542732E+9
0.345000,-2.009556,-2.238611,-1.805477,-1.926084,3.542732E+9
0.350000,-1.991810,-2.208048,-1.807778,-2.073310,3.542732E+9
0.355000,-1.931342,-2.125233,-1.777544,-1.944487,3.542732E+9
0.360000,-1.903737,-2.120304,-1.797919,-2.047020,3.542732E+9
0.365000,-1.865945,-2.002983,-1.853457,-2.004627,3.542732E+9
0.370000,-1.804491,-1.921812,-1.987538,-2.034203,3.542732E+9
0.375000,-1.854114,-1.887635,-1.910967,-2.097957,3.542732E+9
0.380000,-1.856415,-1.874489,-1.947445,-2.167627,3.542732E+9
0.385000,-1.750925,-1.798905,-1.907681,-2.178471,3.542732E+9
0.390000,-1.726606,-1.834725,-1.875147,-2.074953,3.542732E+9
0.395000,-1.627360,-1.654637,-1.787074,-1.963877,3.542732E+9
0.400000,-1.552762,-1.580366,-1.699987,-1.834397,3.542732E+9
0.405000,-1.462717,-1.455816,-1.629661,-1.713461,3.542732E+9
0.410000,-1.419667,-1.356899,-1.583981,-1.652336,3.542732E+9
0.415000,-1.357556,-1.343425,-1.597784,-1.514312,3.542732E+9
0.420000,-1.412437,-1.349340,-1.570179,-1.539616,3.542732E+9
0.425000,-1.370044,-1.351312,-1.579381,-1.548161,3.542732E+9
0.430000,-1.411451,-1.359199,-1.663181,-1.619473,3.542732E+9
0.435000,-1.439713,-1.375959,-1.672383,-1.676983,3.542732E+9
0.440000,-1.434784,-1.408165,-1.692429,-1.806792,3.542732E+9
0.445000,-1.477177,-1.409479,-1.730878,-1.854443,3.542732E+9
0.450000,-1.488679,-1.410137,-1.826510,-1.932328,3.542732E+9
0.455000,-1.501824,-1.419667,-1.823552,-1.971435,3.542732E+9
0.460000,-1.552104,-1.666139,-1.884020,-1.978336,3.542732E+9
0.465000,-1.545203,-1.416052,-1.833411,-1.980308,3.542732E+9
0.470000,-1.502810,-1.438070,-1.768999,-1.934300,3.542732E+9
0.475000,-1.457459,-1.387790,-1.719705,-1.819937,3.542732E+9
0.480000,-1.472576,-1.348354,-1.718062,-1.770314,3.542732E+9
0.485000,-1.398635,-1.344411,-1.644120,-1.648064,3.542732E+9
0.490000,-1.390419,-1.324364,-1.706889,-1.630647,3.542732E+9
0.495000,-1.373330,-1.330937,-1.565249,-1.595812,3.542732E+9
0.500000,-1.376288,-1.332580,-1.588911,-1.693743,3.542732E+9
0.505000,-1.430183,-1.369715,-1.618487,-1.648721,3.542732E+9
0.510000,-1.450229,-1.379903,-1.849514,-1.714447,3.542732E+9
0.515000,-1.449901,-1.405864,-1.696372,-1.753883,3.542732E+9
0.520000,-1.511026,-1.391076,-1.782473,-1.793647,3.542732E+9
0.525000,-1.564592,-1.439056,-1.792003,-1.863973,3.542732E+9
0.530000,-1.713133,-1.555391,-1.880076,-1.918197,3.542732E+9
0.535000,-1.955661,-1.709846,-2.022044,-2.016129,3.542732E+9
0.540000,-2.476867,-2.052278,-2.211334,-2.272459,3.542732E+9
0.545000,-2.917559,-2.439074,-2.513345,-2.447619,3.542732E+9
0.550000,-2.986571,-2.692776,-2.837045,-2.785778,3.542732E+9
0.555000,-2.893240,-2.560996,-3.028307,-3.176848,3.542732E+9
0.560000,-2.918216,-2.397010,-3.093047,-3.622470,3.542732E+9
0.565000,-2.824885,-2.357574,-3.020091,-3.473929,3.542732E+9
0.570000,-2.790051,-2.374334,-2.898498,-3.347735,3.542732E+9
0.575000,-2.756202,-2.404897,-2.692119,-2.988871,3.542732E+9
0.580000,-2.693762,-2.248798,-2.607004,-2.636581,3.542732E+9
0.585000,-2.538978,-2.136735,-2.350673,-2.285276,3.542732E+9
0.590000,-2.538320,-2.136078,-2.264901,-2.075610,3.542732E+9
0.595000,-2.532077,-2.205419,-2.155467,-1.978336,3.542732E+9
0.600000,-2.580714,-2.263258,-2.104858,-1.910967,3.542732E+9
0.605000,-2.483768,-2.105187,-2.134435,-1.899137,3.542732E+9
0.610000,-2.496256,-2.063780,-2.177485,-1.935943,3.542732E+9
0.615000,-2.513016,-2.093356,-2.267201,-2.138379,3.542732E+9
0.620000,-2.663528,-2.154810,-2.382550,-2.503486,3.542732E+9
0.625000,-2.726625,-2.270159,-2.532405,-2.705593,3.542732E+9
0.630000,-2.878781,-2.377292,-2.627708,-2.923146,3.542732E+9
0.635000,-2.884696,-2.459449,-2.668129,-2.901785,3.542732E+9
0.640000,-2.869908,-2.491984,-2.692119,-2.746672,3.542732E+9
0.645000,-2.839345,-2.440389,-2.487712,-2.514659,3.542732E+9
0.650000,-2.782821,-2.343115,-2.263586,-2.712823,3.542732E+9
0.655000,-2.614234,-2.333913,-2.056550,-2.143308,3.542732E+9
0.660000,-2.467994,-2.282647,-1.950074,-2.036832,3.542732E+9
0.665000,-2.413770,-2.148895,-1.958290,-1.859701,3.542732E+9
0.670000,-2.394052,-2.108473,-2.234667,-1.792332,3.542732E+9
0.675000,-2.282975,-2.075939,-1.930356,-1.810078,3.542732E+9
0.680000,-2.345415,-2.088427,-1.919183,-1.865616,3.542732E+9
0.685000,-2.208048,-2.036175,-1.858058,-1.917868,3.542732E+9
0.690000,-2.182086,-1.737122,-1.877776,-1.915568,3.542732E+9
0.695000,-2.070352,-1.886977,-1.909981,-1.903737,3.542732E+9
0.700000,-2.027302,-1.847542,-1.899137,-1.971106,3.542732E+9
0.705000,-1.961247,-1.774258,-1.903409,-2.014485,3.542732E+9
0.710000,-1.964862,-1.720362,-1.897165,-2.064766,3.542732E+9
0.715000,-1.833739,-1.686514,-1.893221,-1.954675,3.542732E+9
0.720000,-1.811064,-1.623088,-1.862001,-1.911296,3.542732E+9
0.725000,-1.708532,-1.576423,-1.769657,-1.851157,3.542732E+9
0.730000,-1.588582,-1.509383,-1.739094,-1.781487,3.542732E+9
0.735000,-1.465018,-1.392062,-1.638205,-1.683227,3.542732E+9
0.740000,-1.403235,-1.323379,-1.610600,-1.722334,3.542732E+9
0.745000,-1.358542,-1.311219,-1.582995,-1.627360,3.542732E+9
0.750000,-1.368729,-1.317792,-1.755197,-1.630318,3.542732E+9
0.755000,-1.398963,-1.342768,-1.627032,-1.633604,3.542732E+9
0.760000,-1.481778,-1.387133,-1.699987,-1.641820,3.542732E+9
0.765000,-1.445957,-1.392719,-1.684542,-1.707546,3.542732E+9
0.770000,-1.498209,-1.431497,-1.696701,-1.771957,3.542732E+9
0.775000,-1.427883,-1.395348,-1.709189,-1.810407,3.542732E+9
0.780000,-1.536001,-1.385489,-1.726935,-1.885334,3.542732E+9
0.785000,-1.478491,-1.419667,-1.773600,-1.884677,3.542732E+9
0.790000,-1.492294,-1.411780,-1.794304,-1.939558,3.542732E+9
0.795000,-1.466004,-1.401921,-1.761441,-1.920826,3.542732E+9
0.800000,-1.468633,-1.385489,-1.790032,-2.099929,3.542732E+9
0.805000,-1.453187,-1.383518,-1.734165,-1.842284,3.542732E+9
0.810000,-1.447272,-1.387461,-1.724306,-1.818294,3.542732E+9
0.815000,-1.418352,-1.356241,-1.663838,-1.734165,3.542732E+9
0.820000,-1.591540,-1.378260,-1.650364,-1.660881,3.542732E+9
0.825000,-1.384832,-1.338495,-1.588582,-1.620131,3.542732E+9
0.830000,-1.431169,-1.391733,-1.592854,-1.619802,3.542732E+9
0.835000,-1.415723,-1.400935,-1.624074,-1.643135,3.542732E+9
0.840000,-1.622760,-1.444971,-1.673697,-1.732850,3.542732E+9
0.845000,-1.508397,-1.520885,-1.735479,-1.864631,3.542732E+9
0.850000,-1.630647,-1.688814,-1.821251,-2.079225,3.542732E+9
0.855000,-1.839655,-2.131477,-1.907352,-2.325369,3.542732E+9
0.860000,-2.383207,-2.817327,-2.113403,-2.779863,3.542732E+9
0.865000,-2.829486,-2.972769,-2.540949,-3.158773,3.542732E+9
0.870000,-2.808125,-2.926760,-3.010232,-3.551157,3.542732E+9
0.875000,-2.547522,-2.821270,-3.100277,-3.755236,3.542732E+9
0.880000,-2.331941,-2.655641,-2.991829,-3.922180,3.542732E+9
0.885000,-2.391423,-2.608976,-2.714137,-3.816690,3.542732E+9
0.890000,-2.485411,-2.612262,-2.483768,-3.384870,3.542732E+9
0.895000,-2.310909,-2.551137,-2.372691,-2.860706,3.542732E+9
0.900000,-2.316167,-2.597802,-2.237625,-2.499214,3.542732E+9
0.905000,-2.116689,-2.392409,-2.062794,-2.305980,3.542732E+9
0.910000,-2.395367,-2.457149,-1.917211,-2.550808,3.542732E+9
0.915000,-2.054907,-2.468651,-1.857729,-2.164669,3.542732E+9
0.920000,-2.072981,-2.448276,-1.890592,-2.257014,3.542732E+9
0.925000,-2.062465,-2.424615,-1.900122,-2.274102,3.542732E+9
0.930000,-2.083169,-2.391095,-1.944159,-2.468322,3.542732E+9
0.935000,-2.165655,-2.499214,-2.061808,-2.678645,3.542732E+9
0.940000,-2.381893,-2.678645,-2.318139,-2.978355,3.542732E+9
0.945000,-2.484097,-2.776905,-2.522546,-3.077273,3.542732E+9
0.950000,-2.516631,-2.763432,-2.645125,-3.198209,3.542732E+9
0.955000,-2.474895,-2.752915,-2.567897,-3.001031,3.542732E+9
0.960000,-2.448933,-2.805168,-2.362832,-2.943521,3.542732E+9
0.965000,-2.399639,-2.725968,-2.137393,-2.636581,3.542732E+9
0.970000,-2.385836,-2.673059,-1.741723,-2.418042,3.542732E+9
0.975000,-2.225137,-2.536349,-1.839655,-2.178471,3.542732E+9
0.980000,-2.135750,-2.438746,-1.823881,-2.077254,3.542732E+9
0.985000,-2.015800,-2.360203,-1.799891,-2.046034,3.542732E+9
0.990000,-2.037489,-2.299078,-1.834725,-1.983266,3.542732E+9
0.995000,-2.030260,-2.258000,-1.830782,-1.980965,3.542732E+9
1.000000,-2.056221,-2.294806,-1.768342,-1.997068,3.542732E+9
1.005000,-1.972750,-2.188002,-1.765713,-1.984580,3.542732E+9
1.010000,-1.917211,-2.076596,-1.795947,-1.965191,3.542732E+9
1.015000,-1.834397,-1.953689,-1.853129,-1.964862,3.542732E+9
1.020000,-1.863973,-1.892564,-1.892564,-2.051949,3.542732E+9
1.025000,-1.747967,-1.820923,-1.880076,-2.068052,3.542732E+9
1.030000,-1.746324,-1.762098,-1.836040,-2.140022,3.542732E+9
1.035000,-1.645764,-1.707546,-1.813036,-2.052606,3.542732E+9
1.040000,-1.634590,-1.646421,-1.809092,-2.212649,3.542732E+9
1.045000,-1.568207,-1.554733,-1.722663,-1.844584,3.542732E+9
1.050000,-1.451544,-1.464360,-1.659895,-1.807778,3.542732E+9
1.055000,-1.383189,-1.354927,-1.599756,-1.687499,3.542732E+9
1.060000,-1.355913,-1.331594,-1.672383,-1.623088,3.542732E+9
1.065000,-1.340796,-1.319764,-1.585624,-1.572808,3.542732E+9
1.070000,-1.401264,-1.411780,-1.579709,-1.533701,3.542732E+9
1.075000,-1.399292,-1.359199,-1.621116,-1.579381,3.542732E+9
1.080000,-1.433469,-1.413094,-1.644778,-1.634262,3.542732E+9
1.085000,-1.431169,-1.369715,-1.664824,-1.716419,3.542732E+9
1.090000,-1.511354,-1.370044,-1.702945,-1.855758,3.542732E+9
1.095000,-1.443328,-1.401592,-1.731536,-1.883362,3.542732E+9
1.100000,-1.510040,-1.403235,-1.637219,-1.941530,3.542732E+9
1.105000,-1.515626,-1.402907,-1.796604,-2.003312,3.542732E+9
1.110000,-1.505768,-1.417695,-1.832096,-2.089084,3.542732E+9
1.115000,-1.498866,-1.398306,-1.801534,-1.942844,3.542732E+9
1.120000,-1.476848,-1.408822,-1.912282,-1.901108,3.542732E+9
1.125000,-1.417695,-1.374316,-1.698016,-1.800219,3.542732E+9
1.130000,-1.438070,-1.365443,-1.680270,-1.672383,3.542732E+9
1.135000,-1.410794,-1.344411,-1.624403,-1.605014,3.542732E+9
1.140000,-1.390090,-1.364129,-1.571165,-1.574122,3.542732E+9
1.145000,-1.362157,-1.324364,-1.545532,-1.586282,3.542732E+9
1.150000,-1.447929,-1.336195,-1.572808,-1.687499,3.542732E+9
1.155000,-1.396663,-1.363143,-1.633933,-1.661866,3.542732E+9
1.160000,-1.440042,-1.354927,-1.670411,-1.725949,3.542732E+9
1.165000,-1.473562,-1.374973,-1.725949,-1.817308,3.542732E+9
1.170000,-1.508068,-1.417366,-1.799891,-2.016457,3.542732E+9
1.175000,-1.619473,-1.443985,-1.852143,-1.912282,3.542732E+9
1.180000,-1.876133,-1.598770,-2.095985,-1.985895,3.542732E+9
1.185000,-2.286262,-1.890921,-2.187673,-2.096643,3.542732E+9
1.190000,-2.900799,-2.259643,-2.518931,-2.287248,3.542732E+9
1.195000,-3.087789,-2.653012,-2.835730,-2.617849,3.542732E+9
1.200000,-2.968825,-2.734512,-3.099948,-3.115065,3.542732E+9
1.205000,-2.952065,-2.417713,-3.152529,-3.428249,3.542732E+9
1.210000,-2.976384,-2.273117,-3.138069,-3.915936,3.542732E+9
1.215000,-2.695405,-2.247812,-3.002017,-3.473600,3.542732E+9
1.220000,-2.650054,-2.278375,-2.753901,-3.224828,3.542732E+9
1.225000,-2.570198,-2.192274,-2.533720,-2.754230,3.542732E+9
1.230000,-2.571183,-2.058850,-2.446633,-2.331284,3.542732E+9
1.235000,-2.521560,-2.080540,-2.262600,-2.060493,3.542732E+9
1.240000,-2.564282,-2.171242,-2.176500,-2.003641,3.542732E+9
1.245000,-2.593202,-2.247484,-2.173542,-1.847542,3.542732E+9
1.250000,-2.597145,-2.154153,-2.204762,-1.774586,3.542732E+9
1.255000,-2.537335,-2.054907,-2.220865,-1.869560,3.542732E+9
1.260000,-2.524518,-2.097300,-2.335228,-2.134106,3.542732E+9
1.265000,-2.588272,-2.145280,-2.393724,-2.467994,3.542732E+9
1.270000,-2.771647,-2.217907,-2.603389,-2.766389,3.542732E+9
1.275000,-2.852819,-2.343115,-2.725639,-2.978684,3.542732E+9
1.280000,-2.976384,-2.488369,-2.804839,-3.013190,3.542732E+9
1.285000,-2.941877,-2.481139,-2.781178,-2.891597,3.542732E+9
1.290000,-2.998073,-2.506115,-2.617192,-2.674373,3.542732E+9
1.295000,-2.857091,-2.428887,-2.381893,-2.376306,3.542732E+9
1.300000,-3.114079,-2.341471,-2.160397,-2.273774,3.542732E+9
1.305000,-2.612591,-2.265229,-2.026645,-1.956975,3.542732E+9
1.310000,-2.571841,-2.182086,-2.009227,-1.860030,3.542732E+9
1.315000,-2.390109,-2.129834,-1.963219,-1.760784,3.542732E+9
1.320000,-2.403582,-2.096643,-1.923455,-1.844913,3.542732E+9
1.325000,-2.306308,-2.092699,-1.928713,-1.860358,3.542732E+9
1.330000,-2.317810,-2.032560,-1.981294,-1.926741,3.542732E+9
1.335000,-2.216921,-1.989181,-1.937586,-1.986881,3.542732E+9
1.340000,-2.158096,-1.938243,-1.956975,-2.090399,3.542732E+9
1.345000,-2.066409,-1.839983,-1.968806,-2.050963,3.542732E+9
1.350000,-1.992796,-1.807449,-1.975050,-2.104858,3.542732E+9
1.355000,-1.921812,-1.773600,-1.958947,-2.042748,3.542732E+9
1.360000,-1.896179,-1.723649,-1.989181,-2.011528,3.542732E+9
1.365000,-1.811721,-1.680927,-1.856086,-1.971764,3.542732E+9
1.370000,-1.760455,-1.637876,-1.829796,-1.815336,3.542732E+9
1.375000,-1.623088,-1.531401,-1.750596,-1.716747,3.542732E+9
1.380000,-1.548818,-1.481120,-1.636891,-1.679941,3.542732E+9
1.385000,-1.381546,-1.367415,-1.565578,-1.652008,3.542732E+9
1.390000,-1.418681,-1.281643,-1.560977,-1.636233,3.542732E+9
1.395000,-1.329294,-1.285586,-1.563606,-1.576751,3.542732E+9
1.400000,-1.395020,-1.308262,-1.636562,-1.647407,3.542732E+9
1.405000,-1.410794,-1.383518,-1.657594,-1.690786,3.542732E+9
1.410000,-1.466332,-1.386475,-1.715104,-1.768671,3.542732E+9
1.415000,-1.452858,-1.393377,-1.706889,-1.790032,3.542732E+9
1.420000,-1.465675,-1.437741,-1.734493,-1.871860,3.542732E+9
1.425000,-1.475534,-1.398963,-1.745338,-1.894207,3.542732E+9
1.430000,-1.475534,-1.414737,-1.811721,-1.886977,3.542732E+9
1.435000,-1.488679,-1.409151,-1.753883,-1.893221,3.542732E+9
1.440000,-1.529100,-1.475205,-1.764070,-1.902094,3.542732E+9
1.445000,-1.460088,-1.406193,-1.795618,-1.885663,3.542732E+9
1.450000,-1.464032,-1.373987,-1.757826,-1.866931,3.542732E+9
1.455000,-1.418024,-1.362485,-1.705903,-1.816651,3.542732E+9
1.460000,-1.434455,-1.359856,-1.654308,-1.777872,3.542732E+9
1.465000,-1.398306,-1.339481,-1.631633,-1.651679,3.542732E+9
1.470000,-1.401921,-1.327322,-1.647407,-1.634919,3.542732E+9
1.475000,-1.367743,-1.344411,-1.567878,-1.621445,3.542732E+9
1.480000,-1.419010,-1.358870,-1.596141,-1.687171,3.542732E+9
1.485000,-1.414409,-1.373987,-1.639848,-1.672711,3.542732E+9
1.490000,-1.461731,-1.415723,-1.800548,-1.710175,3.542732E+9
1.495000,-1.460088,-1.429526,-1.736465,-1.801862,3.542732E+9
1.500000,-1.554733,-1.652008,-1.790689,-1.935943,3.542732E+9
1.505000,-1.544217,-1.669753,-1.786088,-2.107816,3.542732E+9
1.510000,-1.783131,-2.081197,-1.884020,-2.353302,3.542732E+9
1.515000,-2.087112,-2.631980,-2.014157,-2.711837,3.542732E+9
1.520000,-2.564939,-2.906057,-2.372691,-3.147928,3.542732E+9
1.525000,-2.746343,-2.863992,-2.815355,-3.396372,3.542732E+9
1.530000,-2.549822,-2.828172,-3.096005,-3.718758,3.542732E+9
1.535000,-2.325369,-2.727611,-2.893898,-3.872229,3.542732E+9
1.540000,-2.299078,-2.626065,-2.733855,-4.047388,3.542732E+9
1.545000,-2.333913,-2.535034,-2.579728,-3.481816,3.542732E+9
1.550000,-2.267201,-2.548508,-2.443675,-3.023706,3.542732E+9
1.555000,-2.217250,-2.551794,-2.294806,-2.593202,3.542732E+9
1.560000,-2.168613,-2.538649,-2.203447,-2.375978,3.542732E+9
1.565000,-2.121290,-2.494941,-2.001998,-2.314524,3.542732E+9
1.570000,-2.172227,-2.539635,-1.947116,-2.294806,3.542732E+9
1.575000,-2.030588,-2.536677,-1.965191,-2.331613,3.542732E+9
1.580000,-2.136735,-2.590244,-1.959276,-2.447290,3.542732E+9
1.585000,-2.047020,-2.427901,-1.991810,-2.572498,3.542732E+9
1.590000,-2.153824,-2.491655,-2.093685,-2.792351,3.542732E+9
1.595000,-2.237953,-2.617192,-2.257014,-2.977698,3.542732E+9
1.600000,-2.497899,-2.755873,-2.456820,-3.200180,3.542732E+9
1.605000,-2.493298,-2.813712,-2.593530,-3.039480,3.542732E+9
1.610000,-2.582357,-2.783149,-2.591887,-3.053283,3.542732E+9
1.615000,-2.399968,-2.743057,-2.388794,-2.808125,3.542732E+9
1.620000,-2.380907,-2.694748,-2.036175,-2.679302,3.542732E+9
1.625000,-2.282647,-2.632966,-1.927070,-2.456163,3.542732E+9
1.630000,-2.238939,-2.529776,-1.871860,-2.260300,3.542732E+9
1.635000,-2.106830,-2.420671,-1.827167,-2.119975,3.542732E+9
1.640000,-2.046362,-2.346730,-1.832425,-2.304008,3.542732E+9
1.645000,-1.948431,-2.279032,-1.830124,-2.061479,3.542732E+9
1.650000,-1.995096,-2.263586,-1.878762,-2.131806,3.542732E+9
1.655000,-1.944487,-2.174199,-1.846227,-2.042748,3.542732E+9
1.660000,-1.929370,-2.151195,-1.861016,-2.058522,3.542732E+9
1.665000,-1.849842,-2.028945,-1.783131,-1.995754,3.542732E+9
1.670000,-1.880405,-1.930356,-1.874818,-1.961905,3.542732E+9
1.675000,-1.763084,-1.844584,-1.878762,-1.976693,3.542732E+9
1.680000,-1.772614,-1.993125,-1.907352,-1.989838,3.542732E+9
1.685000,-1.685856,-1.744352,-1.842612,-2.066737,3.542732E+9
1.690000,-1.656937,-1.720034,-1.790360,-2.040118,3.542732E+9
1.695000,-1.546846,-1.604028,-1.763413,-1.944816,3.542732E+9
1.700000,-1.679284,-1.542903,-1.729893,-1.863973,3.542732E+9
1.705000,-1.437741,-1.455159,-1.663838,-1.750596,3.542732E+9
1.710000,-1.439056,-1.365772,-1.604028,-1.718391,3.542732E+9
1.715000,-1.349340,-1.307933,-1.566893,-1.636562,3.542732E+9
1.720000,-1.362485,-1.334552,-1.654965,-1.585296,3.542732E+9
1.725000,-1.377274,-1.336195,-1.623417,-1.569522,3.542732E+9
1.730000,-1.446943,-1.373002,-1.670082,-1.679941,3.542732E+9
1.735000,-1.430840,-1.406850,-1.648064,-1.681913,3.542732E+9
1.740000,-1.473233,-1.425582,-1.852143,-1.754211,3.542732E+9
1.745000,-1.465675,-1.395348,-1.708532,-1.804820,3.542732E+9
1.750000,-1.495909,-1.407508,-1.790360,-1.846227,3.542732E+9
1.755000,-1.454173,-1.401921,-1.760126,-1.931014,3.542732E+9
1.760000,-1.491637,-1.430840,-1.794961,-1.977350,3.542732E+9
1.765000,-1.460417,-1.396334,-1.788717,-1.977679,3.542732E+9
1.770000,-1.581024,-1.406193,-1.801862,-1.996739,3.542732E+9
1.775000,-1.468304,-1.392719,-1.756840,-1.863316,3.542732E+9
1.780000,-1.466661,-1.362814,-1.705574,-1.781816,3.542732E+9
1.785000,-1.415723,-1.371030,-1.632290,-1.694072,3.542732E+9
1.790000,-1.424268,-1.350326,-1.644449,-1.780830,3.542732E+9
1.795000,-1.357227,-1.333566,-1.582667,-1.561306,3.542732E+9
1.800000,-1.385818,-1.361500,-1.582667,-1.604356,3.542732E+9
1.805000,-1.389104,-1.344082,-1.593512,-1.669096,3.542732E+9
1.810000,-1.402249,-1.379245,-1.704588,-1.710175,3.542732E+9
1.815000,-1.427883,-1.361171,-1.708860,-1.757497,3.542732E+9
1.820000,-1.498209,-1.423610,-1.746324,-1.837354,3.542732E+9
1.825000,-1.465346,-1.417366,-1.762756,-1.884020,3.542732E+9
1.830000,-1.612901,-1.440042,-1.788060,-1.760784,3.542732E+9
1.835000,-1.636233,-1.504453,-1.865616,-1.944816,3.542732E+9
1.840000,-1.881062,-1.707546,-1.960262,-1.997725,3.542732E+9
1.845000,-2.260957,-2.033546,-2.108145,-2.126548,3.542732E+9
1.850000,-2.802867,-2.487054,-2.402597,-2.130820,3.542732E+9
1.855000,-2.870565,-2.787422,-2.730240,-2.739442,3.542732E+9
1.860000,-2.912958,-2.730240,-3.010890,-3.237973,3.542732E+9
1.865000,-2.840002,-2.579071,-3.055255,-3.542284,3.542732E+9
1.870000,-2.712165,-2.448933,-3.093376,-3.684581,3.542732E+9
1.875000,-2.718738,-2.537992,-2.889954,-3.578105,3.542732E+9
1.880000,-2.740428,-2.329312,-2.742071,-3.317501,3.542732E+9
1.885000,-2.628365,-2.397667,-2.551137,-2.900142,3.542732E+9
1.890000,-2.645454,-2.377621,-2.442032,-2.496585,3.542732E+9
1.895000,-2.537663,-2.350016,-2.306308,-2.268516,3.542732E+9
1.900000,-2.785121,-2.429544,-2.194574,-2.198846,3.542732E+9
1.905000,-2.590901,-2.442032,-2.205748,-1.997725,3.542732E+9
1.910000,-2.624750,-2.262272,-2.181429,-1.962891,3.542732E+9
1.915000,-2.487054,-2.249127,-2.150209,-2.025659,3.542732E+9
1.920000,-2.537663,-2.243211,-2.335228,-2.245840,3.542732E+9
1.925000,-2.533391,-2.283633,-2.273445,-2.502171,3.542732E+9
1.930000,-2.685875,-2.384522,-2.480153,-2.832772,3.542732E+9
1.935000,-2.767375,-2.504143,-2.630337,-2.922817,3.542732E+9
1.940000,-2.862349,-2.583343,-2.721038,-3.062156,3.542732E+9
1.945000,-2.839016,-2.608647,-2.648083,-2.871222,3.542732E+9
1.950000,-2.839674,-2.604375,-2.526161,-2.713480,3.542732E+9
1.955000,-2.706579,-2.479167,-2.278046,-2.411470,3.542732E+9
1.960000,-2.604704,-2.424615,-2.483111,-2.251427,3.542732E+9
1.965000,-2.464050,-2.342786,-1.935614,-2.049977,3.542732E+9
1.970000,-2.419685,-2.250441,-1.922469,-1.939887,3.542732E+9
1.975000,-2.269502,-2.170584,-1.891907,-1.842941,3.542732E+9
1.980000,-2.201475,-2.112088,-1.897822,-1.829796,3.542732E+9
1.985000,-2.132792,-2.051621,-1.882705,-1.852471,3.542732E+9
1.990000,-2.169598,-2.049977,-1.846556,-1.912610,3.542732E+9
1.995000,-2.062465,-1.973078,-1.835054,-1.926084,3.542732E+9
2.000000,-1.988852,-1.847542,-1.838997,-1.948431,3.542732E+9
2.005000,-1.883691,-1.742381,-1.872518,-1.994439,3.542732E+9
2.010000,-1.905052,-1.714118,-1.891907,-2.047348,3.542732E+9
2.015000,-1.778201,-1.675997,-1.882376,-1.978008,3.542732E+9
2.020000,-1.774586,-1.641491,-1.826510,-2.005284,3.542732E+9
2.025000,-1.664824,-1.607643,-1.773600,-1.910639,3.542732E+9
2.030000,-1.632947,-1.527457,-1.795947,-1.815665,3.542732E+9
2.035000,-1.500838,-1.426897,-1.685199,-1.740080,3.542732E+9
2.040000,-1.424925,-1.377931,-1.626703,-1.745338,3.542732E+9
2.045000,-1.342768,-1.314834,-1.585953,-1.663181,3.542732E+9
2.050000,-1.356899,-1.307933,-1.700316,-1.619145,3.542732E+9
2.055000,-1.342110,-1.293145,-1.628346,-1.618487,3.542732E+9
2.060000,-1.393377,-1.326993,-1.699001,-1.635905,3.542732E+9
2.065000,-1.394691,-1.349997,-1.662195,-1.709189,3.542732E+9
2.070000,-1.440370,-1.403893,-1.675669,-1.752239,3.542732E+9
2.075000,-1.434127,-1.389433,-1.687499,-1.771628,3.542732E+9
2.080000,-1.589568,-1.409479,-1.706560,-1.918854,3.542732E+9
2.085000,-1.474219,-1.415395,-1.719048,-1.842612,3.542732E+9
2.090000,-1.522856,-1.400935,-1.761112,-1.895850,3.542732E+9
2.095000,-1.477834,-1.402249,-1.770643,-1.893879,3.542732E+9
2.100000,-1.479806,-1.419010,-1.816979,-1.735808,3.542732E+9
2.105000,-1.472576,-1.399620,-1.772286,-1.888949,3.542732E+9
2.110000,-1.469947,-1.405864,-1.751253,-1.874489,3.542732E+9
2.115000,-1.392719,-1.370701,-1.696372,-1.795618,3.542732E+9
2.120000,-1.463703,-1.329622,-1.737122,-1.701302,3.542732E+9
2.125000,-1.372344,-1.310562,-1.626374,-1.678955,3.542732E+9
2.130000,-1.388776,-1.388447,-1.587925,-1.669096,3.542732E+9
2.135000,-1.381874,-1.339810,-1.582995,-1.658909,3.542732E+9
2.140000,-1.355256,-1.366758,-1.622431,-1.668110,3.542732E+9
2.145000,-1.433798,-1.379245,-1.641163,-1.655951,3.542732E+9
2.150000,-1.472247,-1.393705,-1.687171,-1.726606,3.542732E+9
2.155000,-1.451872,-1.385818,-1.708860,-1.764070,3.542732E+9
2.160000,-1.482764,-1.427225,-1.771300,-2.192602,3.542732E+9
2.165000,-1.488350,-1.458774,-1.772286,-1.912939,3.542732E+9
2.170000,-1.594826,-1.650693,-1.841626,-2.091056,3.542732E+9
2.175000,-1.778201,-1.914254,-1.917540,-2.239596,3.542732E+9
2.180000,-2.098614,-2.533062,-2.077582,-2.526490,3.542732E+9
2.185000,-2.763103,-2.920845,-2.397010,-2.878781,3.542732E+9
2.190000,-2.954694,-2.968496,-2.914273,-3.223513,3.542732E+9
2.195000,-2.736155,-2.837045,-3.111450,-3.515665,3.542732E+9
2.200000,-2.567240,-2.705593,-3.012204,-3.748335,3.542732E+9
2.205000,-2.480153,-2.586629,-2.857420,-3.853168,3.542732E+9
2.210000,-2.610290,-2.556066,-2.756202,-3.553457,3.542732E+9
2.215000,-2.362504,-2.462078,-2.563954,-3.007275,3.542732E+9
2.220000,-2.404897,-2.450905,-2.423300,-2.697706,3.542732E+9
2.225000,-2.258000,-2.387808,-2.223822,-2.441375,3.542732E+9
2.230000,-2.240254,-2.392080,-2.084155,-2.403582,3.542732E+9
2.235000,-2.225465,-2.471280,-1.976693,-2.174528,3.542732E+9
2.240000,-2.212320,-2.516631,-2.005284,-2.190631,3.542732E+9
2.245000,-2.171242,-2.370391,-1.949088,-2.188002,3.542732E+9
2.250000,-2.142651,-2.347387,-2.021058,-2.361847,3.542732E+9
2.255000,-2.193588,-2.374006,-2.032231,-2.509072,3.542732E+9
2.260000,-2.540949,-2.531748,-2.308937,-2.707236,3.542732E+9
2.265000,-2.473909,-2.631323,-2.520574,-2.928404,3.542732E+9
2.270000,-2.621792,-2.673059,-2.694748,-3.013519,3.542732E+9
2.275000,-2.550808,-2.662542,-2.654655,-2.991172,3.542732E+9
2.280000,-2.566254,-2.781835,-2.509072,-2.923146,3.542732E+9
2.285000,-2.482125,-2.661885,-2.294149,-2.663200,3.542732E+9
2.290000,-2.521560,-2.656627,-2.091385,-2.424615,3.542732E+9
2.295000,-2.338514,-2.491984,-1.902423,-2.209363,3.542732E+9
2.300000,-2.506115,-2.450248,-1.828810,-2.248798,3.542732E+9
2.305000,-2.101244,-2.290863,-1.829467,-1.972092,3.542732E+9
2.310000,-2.129177,-2.164012,-1.856086,-1.996082,3.542732E+9
2.315000,-2.024344,-2.159411,-1.844913,-1.910967,3.542732E+9
2.320000,-2.048663,-2.127534,-1.806463,-1.918197,3.542732E+9
2.325000,-1.997397,-2.071010,-1.771957,-1.933971,3.542732E+9
2.330000,-1.962562,-2.005941,-1.847870,-1.936600,3.542732E+9
2.335000,-1.817965,-1.862659,-1.858387,-1.898808,3.542732E+9
2.340000,-1.796604,-1.784116,-1.884677,-2.069038,3.542732E+9
2.345000,-1.740409,-1.761441,-1.852471,-2.044719,3.542732E+9
2.350000,-1.742709,-1.726935,-1.869560,-2.139036,3.542732E+9
2.355000,-1.649050,-1.667124,-1.827167,-2.048334,3.542732E+9
2.360000,-1.520556,-1.632290,-1.869560,-1.951060,3.542732E+9
2.365000,-1.554733,-1.540931,-1.740737,-1.834068,3.542732E+9
2.370000,-1.544874,-1.320750,-1.654965,-1.762427,3.542732E+9
2.375000,-1.386475,-1.386804,-1.616187,-1.692758,3.542732E+9
2.380000,-1.372673,-1.349340,-1.605671,-1.596798,3.542732E+9
2.385000,-1.343096,-1.296102,-1.596469,-1.571822,3.542732E+9
2.390000,-1.397320,-1.321078,-1.616187,-1.621774,3.542732E+9
2.395000,-1.365772,-1.344082,-1.605342,-1.607314,3.542732E+9
2.400000,-1.440699,-1.360185,-1.655294,-1.669753,3.542732E+9
2.405000,-1.436427,-1.383846,-1.693086,-1.719705,3.542732E+9
2.410000,-1.468304,-1.378260,-1.732850,-1.654637,3.542732E+9
2.415000,-1.446286,-1.389433,-1.728907,-1.884020,3.542732E+9
2.420000,-1.489665,-1.424925,-1.752897,-1.975050,3.542732E+9
2.425000,-1.483421,-1.418024,-1.776558,-1.938243,3.542732E+9
2.430000,-1.382532,-1.393377,-1.875804,-1.943830,3.542732E+9
2.435000,-1.485064,-1.423939,-1.794633,-1.915568,3.542732E+9
2.440000,-1.506754,-1.453516,-1.755526,-1.850171,3.542732E+9
2.445000,-1.445957,-1.378260,-1.714447,-1.790689,3.542732E+9
2.450000,-1.586610,-1.384175,-1.699330,-1.701302,3.542732E+9
2.455000,-1.384504,-1.349997,-1.645435,-1.620459,3.542732E+9
2.460000,-1.424268,-1.318120,-1.614215,-1.678298,3.542732E+9
2.465000,-1.361500,-1.344411,-1.562292,-1.643135,3.542732E+9
2.470000,-1.388776,-1.346054,-1.654637,-1.657923,3.542732E+9
2.475000,-1.423282,-1.353284,-1.665810,-1.661538,3.542732E+9
2.480000,-1.445957,-1.426897,-1.704260,-1.745338,3.542732E+9
2.485000,-1.490322,-1.387461,-1.723649,-1.765713,3.542732E+9
2.490000,-1.605342,-1.438727,-1.891249,-1.822566,3.542732E+9
2.495000,-1.764727,-1.523842,-1.960919,-1.884348,3.542732E+9
2.500000,-2.223165,-1.842284,-2.128848,-2.007256,3.542732E+9
2.505000,-2.834416,-2.148566,-2.446304,-2.244197,3.542732E+9
2.510000,-3.217269,-2.644139,-2.855777,-2.594187,3.542732E+9
2.515000,-3.013519,-2.782492,-3.142342,-3.114079,3.542732E+9
2.520000,-3.030607,-2.441703,-3.233372,-3.548857,3.542732E+9
2.525000,-2.938591,-2.294149,-3.234358,-3.578105,3.542732E+9
2.530000,-2.844603,-2.240582,-3.193608,-3.463741,3.542732E+9
2.535000,-2.669772,-2.346401,-2.810426,-3.257033,3.542732E+9
2.540000,-2.646111,-2.313538,-2.602403,-2.938920,3.542732E+9
2.545000,-2.574798,-2.125891,-2.442689,-2.351988,3.542732E+9
2.550000,-2.520903,-2.081526,-2.281004,-2.146266,3.542732E+9
2.555000,-2.441375,-2.094342,-2.135750,-2.002655,3.542732E+9
2.560000,-2.459778,-2.232695,-2.178143,-1.867588,3.542732E+9
2.565000,-2.494613,-2.118004,-2.137064,-1.760784,3.542732E+9
2.570000,-2.516960,-2.025330,-2.162040,-1.794961,3.542732E+9
2.575000,-2.421000,-2.025659,-2.182415,-1.949417,3.542732E+9
2.580000,-2.513016,-2.162040,-2.297764,-2.248798,3.542732E+9
2.585000,-2.589587,-2.161054,-2.447947,-2.612262,3.542732E+9
2.590000,-2.782492,-2.315181,-2.661885,-2.905400,3.542732E+9
2.595000,-2.817327,-2.427572,-2.767047,-3.030607,3.542732E+9
2.600000,-2.955680,-2.485411,-2.747657,-3.207739,3.542732E+9
2.605000,-2.860377,-2.495927,-2.639867,-2.772305,3.542732E+9
2.610000,-2.904085,-2.431845,-2.440718,-2.583343,3.542732E+9
2.615000,-2.696063,-2.360861,-2.176500,-2.273117,3.542732E+9
2.620000,-2.598788,-2.290534,-2.016786,-2.077254,3.542732E+9
2.625000,-2.405226,-2.178800,-1.970449,-1.901766,3.542732E+9
2.630000,-2.428558,-2.108802,-1.981622,-1.839983,3.542732E+9
2.635000,-2.292834,-2.091056,-1.942516,-1.772943,3.542732E+9
2.640000,-2.286590,-2.097629,-1.946131,-1.743695,3.542732E+9
2.645000,-2.229080,-2.035189,-1.887306,-1.880733,3.542732E+9
2.650000,-2.210348,-2.077911,-1.888620,-1.989181,3.542732E+9
2.655000,-2.071996,-1.927727,-1.874818,-1.962562,3.542732E+9
2.660000,-1.998383,-1.828810,-1.977350,-2.020401,3.542732E+9
2.665000,-1.939229,-1.785102,-1.947445,-2.042090,3.542732E+9
2.670000,-2.027959,-1.757826,-2.015143,-2.055235,3.542732E+9
2.675000,-1.858387,-1.725292,-1.932985,-2.079554,3.542732E+9
2.680000,-1.838669,-1.800219,-1.889935,-1.993125,3.542732E+9
2.685000,-1.698016,-1.632618,-1.820923,-1.872189,3.542732E+9
2.690000,-1.695715,-1.569193,-1.791675,-1.778858,3.542732E+9
2.695000,-1.509054,-1.456145,-1.693743,-1.712475,3.542732E+9
2.700000,-1.463374,-1.390747,-1.594169,-1.714447,3.542732E+9
2.705000,-1.317792,-1.296102,-1.549475,-1.628346,3.542732E+9
2.710000,-1.366100,-1.279671,-1.596798,-1.582667,3.542732E+9
2.715000,-1.326008,-1.298403,-1.594826,-1.573465,3.542732E+9
2.720000,-1.415066,-1.349997,-1.662852,-1.849514,3.542732E+9
2.725000,-1.417038,-1.388447,-1.654308,-1.689143,3.542732E+9
2.730000,-1.471262,-1.404879,-1.704260,-1.768671,3.542732E+9
2.735000,-1.477177,-1.390090,-1.700973,-1.800548,3.542732E+9
2.740000,-1.398306,-1.419010,-1.809092,-1.842941,3.542732E+9
2.745000,-1.469947,-1.402907,-1.766699,-1.901437,3.542732E+9
2.750000,-1.559663,-1.498866,-1.807449,-1.909653,3.542732E+9
2.755000,-1.479806,-1.428211,-1.804820,-1.936272,3.542732E+9
2.760000,-1.524499,-1.421639,-1.807778,-1.920169,3.542732E+9
2.765000,-1.445300,-1.384504,-1.757497,-1.897493,3.542732E+9
2.770000,-1.466004,-1.366429,-1.729893,-1.866602,3.542732E+9
2.775000,-1.392062,-1.345397,-1.670082,-1.737780,3.542732E+9
2.780000,-1.407836,-1.336524,-1.699001,-1.673368,3.542732E+9
2.785000,-1.363471,-1.326993,-1.585953,-1.599098,3.542732E+9
2.790000,-1.384832,-1.353612,-1.558677,-1.628018,3.542732E+9
2.795000,-1.385818,-1.357885,-1.554733,-1.614872,3.542732E+9
2.800000,-1.427883,-1.378588,-1.692100,-1.608300,3.542732E+9
2.805000,-1.431826,-1.384504,-1.664495,-1.650693,3.542732E+9
2.810000,-1.481778,-1.446286,-1.690786,-1.731864,3.542732E+9
2.815000,-1.444971,-1.462717,-1.719705,-1.862659,3.542732E+9
2.820000,-1.497881,-1.611258,-1.748296,-2.049649,3.542732E+9
2.825000,-1.575766,-1.888620,-1.755526,-2.297764,3.542732E+9
2.830000,-1.849185,-2.506115,-1.818294,-2.730897,3.542732E+9
2.835000,-2.245512,-3.078916,-2.017114,-3.034551,3.542732E+9
2.840000,-2.708551,-3.074644,-2.546208,-3.395058,3.542732E+9
2.845000,-2.598788,-3.022720,-2.922160,-3.690825,3.542732E+9
2.850000,-2.353959,-3.175862,-2.904742,-4.017483,3.542732E+9
2.855000,-2.137721,-2.836059,-2.712494,-4.137104,3.542732E+9
2.860000,-2.214949,-2.688504,-2.613905,-3.856454,3.542732E+9
2.865000,-2.176828,-2.601746,-2.418042,-3.295154,3.542732E+9
2.870000,-2.190631,-2.615548,-2.293820,-2.833430,3.542732E+9
2.875000,-2.043076,-2.614234,-2.147252,-2.519589,3.542732E+9
2.880000,-2.049320,-2.588272,-1.978336,-2.354288,3.542732E+9
2.885000,-1.964534,-2.561653,-1.812379,-2.291848,3.542732E+9
2.890000,-1.987209,-2.677331,-1.795947,-2.328655,3.542732E+9
2.895000,-1.945145,-2.600760,-1.808106,-2.329641,3.542732E+9
2.900000,-2.042419,-2.557381,-1.792989,-2.569540,3.542732E+9
2.905000,-1.938901,-2.539635,-1.830782,-2.708222,3.542732E+9
2.910000,-2.134435,-2.690476,-2.064108,-2.993144,3.542732E+9
2.915000,-2.253727,-2.833101,-2.296121,-3.128868,3.542732E+9
2.920000,-2.392080,-2.949765,-2.558367,-3.258348,3.542732E+9
2.925000,-2.408183,-2.920188,-2.602075,-3.173890,3.542732E+9
2.930000,-2.416070,-2.865307,-2.486068,-3.093376,3.542732E+9
2.935000,-2.297107,-2.871222,-2.223165,-2.875166,3.542732E+9
2.940000,-2.288562,-2.707893,-1.962233,-2.714137,3.542732E+9
2.945000,-2.171899,-2.723339,-1.805477,-2.377949,3.542732E+9
2.950000,-2.102229,-2.623764,-1.725620,-2.306308,3.542732E+9
2.955000,-1.961576,-2.493955,-1.712804,-2.115046,3.542732E+9
2.960000,-1.852800,-2.365461,-1.802520,-2.042748,3.542732E+9
2.965000,-1.849514,-2.281661,-1.745667,-2.031574,3.542732E+9
2.970000,-1.954018,-2.234010,-1.803834,-2.014485,3.542732E+9
2.975000,-1.854772,-2.126877,-1.731864,-1.985895,3.542732E+9
2.980000,-1.878104,-2.201475,-1.722991,-1.950074,3.542732E+9
2.985000,-1.756840,-1.965520,-1.766042,-1.955332,3.542732E+9
2.990000,-1.759798,-1.868574,-1.825524,-1.973407,3.542732E+9
2.995000,-1.688157,-1.775901,-1.828481,-2.011528,3.542732E+9
3.000000,-1.731207,-1.768999,-1.838669,-2.142651,3.542732E+9
3.005000,-1.611915,-1.684870,-1.798905,-2.106830,3.542732E+9
3.010000,-1.647735,-1.630647,-1.798576,-2.060165,3.542732E+9
3.015000,-1.522856,-1.587596,-1.759469,-1.891578,3.542732E+9
3.020000,-1.491965,-1.472247,-1.737122,-1.788060,3.542732E+9
3.025000,-1.402249,-1.362485,-1.614872,-1.725292,3.542732E+9
3.030000,-1.335538,-1.317792,-1.580695,-1.692758,3.542732E+9
3.035000,-1.315163,-1.286901,-1.569522,-1.563606,3.542732E+9
3.040000,-1.374645,-1.317792,-1.675997,-1.537973,3.542732E+9
3.045000,-1.367743,-1.350983,-1.610600,-1.579381,3.542732E+9
3.050000,-1.464032,-1.483421,-1.678298,-1.629989,3.542732E+9
3.055000,-1.429197,-1.385489,-1.664167,-1.711818,3.542732E+9
3.060000,-1.502153,-1.440370,-1.687499,-1.780830,3.542732E+9
3.065000,-1.452858,-1.392062,-1.696701,-1.875804,3.542732E+9
3.070000,-1.537973,-1.385489,-1.753554,-1.994439,3.542732E+9
3.075000,-1.475862,-1.414080,-1.777215,-1.958618,3.542732E+9
3.080000,-1.494266,-1.406850,-1.815665,-1.990824,3.542732E+9
3.085000,-1.498538,-1.398635,-1.802191,-1.976036,3.542732E+9
3.090000,-1.505768,-1.414737,-1.815336,-1.996411,3.542732E+9
3.095000,-1.458445,-1.385161,-1.731536,-1.815993,3.542732E+9
3.100000,-1.466332,-1.399292,-1.782802,-1.746653,3.542732E+9
3.105000,-1.379903,-1.352955,-1.627689,-1.674354,3.542732E+9
3.110000,-1.414080,-1.320092,-1.629003,-1.581352,3.542732E+9
3.115000,-1.373330,-1.315163,-1.567878,-1.581352,3.542732E+9
3.120000,-1.405207,-1.379903,-1.565578,-1.613887,3.542732E+9
3.125000,-1.401921,-1.350983,-1.596469,-1.651350,3.542732E+9
3.130000,-1.501167,-1.363800,-1.691772,-1.735808,3.542732E+9
3.135000,-1.476848,-1.390419,-1.732193,-1.772286,3.542732E+9
3.140000,-1.597784,-1.442671,-1.896179,-1.866931,3.542732E+9
3.145000,-1.748953,-1.511026,-1.932657,-1.925427,3.542732E+9
3.150000,-2.085141,-1.730878,-2.117018,-2.087112,3.542732E+9
3.155000,-2.630337,-2.037161,-2.332598,-2.212649,3.542732E+9
3.160000,-3.100934,-2.511044,-2.789065,-2.449919,3.542732E+9
3.165000,-3.015162,-2.701978,-3.007603,-2.885353,3.542732E+9
3.170000,-3.019763,-2.484425,-3.184406,-3.264263,3.542732E+9
3.175000,-2.929390,-2.290863,-3.135112,-3.456183,3.542732E+9
3.180000,-2.817327,-2.234338,-3.068071,-3.405574,3.542732E+9
3.185000,-2.717095,-2.305651,-2.842303,-3.186378,3.542732E+9
3.190000,-2.786764,-2.250441,-2.609962,-2.945821,3.542732E+9
3.195000,-2.634280,-2.129506,-2.474238,-2.425272,3.542732E+9
3.200000,-2.649726,-2.103544,-2.348373,-2.103873,3.542732E+9
3.205000,-2.558038,-2.090727,-2.224479,-1.993782,3.542732E+9
3.210000,-2.675030,-2.198846,-2.243211,-1.947116,3.542732E+9
3.215000,-2.623107,-2.187344,-2.195889,-1.861016,3.542732E+9
3.220000,-2.574798,-2.050963,-2.211006,-1.971106,3.542732E+9
3.225000,-2.580385,-2.036175,-2.252742,-2.024016,3.542732E+9
3.230000,-2.725311,-2.102558,-2.369734,-2.326355,3.542732E+9
3.235000,-2.725968,-2.200490,-2.469966,-2.575784,3.542732E+9
3.240000,-2.937277,-2.346730,-2.816341,-2.815026,3.542732E+9
3.245000,-2.962581,-2.434802,-2.731226,-2.940563,3.542732E+9
3.250000,-3.046053,-2.477853,-2.845260,-2.892912,3.542732E+9
3.255000,-2.948450,-2.469308,-2.686204,-2.707565,3.542732E+9
3.260000,-2.942206,-2.238611,-2.501843,-2.466022,3.542732E+9
3.265000,-2.814041,-2.344101,-2.218564,-2.276074,3.542732E+9
3.270000,-2.742071,-2.310909,-2.084812,-2.066409,3.542732E+9
3.275000,-2.499871,-2.201147,-2.002655,-1.869231,3.542732E+9
3.280000,-2.462736,-2.112088,-1.954675,-1.826181,3.542732E+9
3.285000,-2.361518,-2.058850,-1.933971,-1.796604,3.542732E+9
3.290000,-2.383865,-2.065752,-1.915897,-1.851157,3.542732E+9
3.295000,-2.224808,-1.983266,-1.907681,-1.802191,3.542732E+9
3.300000,-2.249127,-1.932985,-1.899465,-1.865945,3.542732E+9
3.305000,-2.100258,-1.896508,-1.866274,-1.915897,3.542732E+9
3.310000,-2.044391,-1.802848,-1.921483,-1.960919,3.542732E+9
3.315000,-1.935614,-1.719048,-1.901108,-2.010542,3.542732E+9
3.320000,-1.922469,-1.884348,-1.942516,-2.071010,3.542732E+9
3.325000,-1.800548,-1.635576,-1.907024,-2.029931,3.542732E+9
3.330000,-1.809749,-1.620788,-2.042419,-2.000683,3.542732E+9
3.335000,-1.689471,-1.590554,-1.785760,-1.919840,3.542732E+9
3.340000,-1.666467,-1.533044,-1.776558,-1.799891,3.542732E+9
3.345000,-1.492294,-1.451215,-1.671397,-1.721020,3.542732E+9
3.350000,-1.446286,-1.400278,-1.622102,-1.665481,3.542732E+9
3.355000,-1.321078,-1.277042,-1.557362,-1.613229,3.542732E+9
3.360000,-1.365443,-1.281314,-1.567878,-1.807120,3.542732E+9
3.365000,-1.328965,-1.322393,-1.582995,-1.568536,3.542732E+9
3.370000,-1.433798,-1.355256,-1.673368,-1.628346,3.542732E+9
3.375000,-1.432812,-1.366758,-1.665810,-1.703931,3.542732E+9
3.380000,-1.442999,-1.403564,-1.713790,-1.765056,3.542732E+9
3.385000,-1.447929,-1.388776,-1.692100,-1.817308,3.542732E+9
3.390000,-1.494923,-1.430183,-1.761112,-1.882048,3.542732E+9
3.395000,-1.457459,-1.407508,-1.759798,-1.894536,3.542732E+9
3.400000,-1.531729,-1.434127,-1.856086,-1.906366,3.542732E+9
3.405000,-1.478163,-1.412108,-1.792003,-1.955004,3.542732E+9
3.410000,-1.504453,-1.505439,-1.806792,-1.921483,3.542732E+9
3.415000,-1.457131,-1.385489,-1.774586,-1.884348,3.542732E+9
3.420000,-1.628018,-1.390747,-1.729235,-1.824209,3.542732E+9
3.425000,-1.384175,-1.361828,-1.667453,-1.745667,3.542732E+9
3.430000,-1.425911,-1.335866,-1.619145,-1.697030,3.542732E+9
3.435000,-1.356241,-1.320092,-1.593183,-1.615858,3.542732E+9
3.440000,-1.391076,-1.344411,-1.609286,-1.595155,3.542732E+9
3.445000,-1.386147,-1.326336,-1.579381,-1.611258,3.542732E+9
3.450000,-1.432483,-1.383189,-1.623745,-1.689800,3.542732E+9
3.455000,-1.418352,-1.396334,-1.663181,-1.706231,3.542732E+9
3.460000,-1.337838,-1.400606,-1.782473,-1.753225,3.542732E+9
3.465000,-1.490651,-1.447272,-1.754540,-1.872189,3.542732E+9
3.470000,-1.557691,-1.563935,-1.807120,-1.976036,3.542732E+9
3.475000,-1.610600,-1.689800,-1.839655,-2.112417,3.542732E+9
3.480000,-1.932657,-2.041762,-1.934629,-2.239268,3.542732E+9
3.485000,-2.301379,-2.724982,-2.076925,-2.697377,3.542732E+9
3.490000,-2.832444,-2.934648,-2.485740,-3.055912,3.542732E+9
3.495000,-2.823242,-2.853147,-2.908686,-3.336233,3.542732E+9
3.500000,-2.613577,-2.785450,-3.082531,-3.846595,3.542732E+9
3.505000,-2.314195,-2.573484,-2.864978,-3.750307,3.542732E+9
3.510000,-2.342457,-2.518931,-2.716766,-3.772982,3.542732E+9
3.515000,-2.351330,-2.413770,-2.553437,-3.259334,3.542732E+9
3.520000,-2.285276,-2.409826,-2.409169,-2.764089,3.542732E+9
3.525000,-2.260957,-2.474895,-2.201804,-2.465693,3.542732E+9
3.530000,-2.236967,-2.390109,-2.108802,-2.280675,3.542732E+9
3.535000,-2.155467,-2.417713,-1.969135,-2.203447,3.542732E+9
3.540000,-2.242883,-2.614562,-1.937258,-2.224808,3.542732E+9
3.545000,-2.128520,-2.521232,-1.993453,-2.286590,3.542732E+9
3.550000,-2.217250,-2.479824,-2.017443,-2.393724,3.542732E+9
3.555000,-2.135750,-2.424615,-2.037818,-2.560010,3.542732E+9
3.560000,-2.341800,-2.520903,-2.150209,-2.882067,3.542732E+9
3.565000,-2.415084,-2.712823,-2.373677,-3.001359,3.542732E+9
3.570000,-2.728268,-2.824228,-2.607333,-3.152200,3.542732E+9
3.575000,-2.645782,-2.868922,-2.716109,-3.102577,3.542732E+9
3.580000,-2.638552,-2.826857,-2.677331,-3.025349,3.542732E+9
3.585000,-2.550480,-2.807797,-2.405554,-2.858734,3.542732E+9
3.590000,-2.522875,-2.780849,-2.156782,-3.305342,3.542732E+9
3.595000,-2.436117,-2.714794,-1.953360,-2.378607,3.542732E+9
3.600000,-2.339171,-2.617520,-1.870546,-2.244197,3.542732E+9
3.605000,-2.203119,-2.468980,-1.829139,-2.070352,3.542732E+9
3.610000,-2.147909,-2.386165,-1.854443,-2.042419,3.542732E+9
3.615000,-2.015471,-2.261286,-1.841298,-1.979322,3.542732E+9
3.620000,-2.140022,-2.254056,-1.883362,-1.969463,3.542732E+9
3.625000,-2.005284,-2.174528,-1.825195,-1.983266,3.542732E+9
3.630000,-2.046034,-2.109131,-1.831768,-1.988524,3.542732E+9
3.635000,-1.924441,-2.043405,-1.823881,-1.974064,3.542732E+9
3.640000,-1.889935,-2.004955,-1.870217,-1.954346,3.542732E+9
3.645000,-1.774915,-1.809092,-1.862987,-2.006270,3.542732E+9
3.650000,-2.070352,-1.795618,-1.871860,-2.072981,3.542732E+9
3.655000,-1.655951,-1.714118,-1.838997,-2.062137,3.542732E+9
3.660000,-1.676655,-1.651679,-1.811064,-2.040118,3.542732E+9
3.665000,-1.594169,-1.610272,-1.755197,-1.912610,3.542732E+9
3.670000,-1.560320,-1.528772,-1.788389,-1.826181,3.542732E+9
3.675000,-1.422296,-1.412766,-1.632618,-1.699330,3.542732E+9
3.680000,-1.358542,-1.343096,-1.597126,-1.726606,3.542732E+9
3.685000,-1.299717,-1.292159,-1.567221,-1.599098,3.542732E+9
3.690000,-1.343096,-1.324364,-1.683227,-1.566893,3.542732E+9
3.695000,-1.355584,-1.322393,-1.614872,-1.563606,3.542732E+9
3.700000,-1.446286,-1.376288,-1.698344,-1.604356,3.542732E+9
3.705000,-1.433798,-1.391405,-1.659895,-1.707217,3.542732E+9
3.710000,-1.499524,-1.453516,-1.705245,-1.767356,3.542732E+9
3.715000,-1.438727,-1.405536,-1.716419,-1.829139,3.542732E+9
3.720000,-1.506425,-1.387133,-1.758483,-1.965520,3.542732E+9
3.725000,-1.465346,-1.400606,-1.785431,-1.965191,3.542732E+9
3.730000,-1.504453,-1.403564,-1.823223,-2.002655,3.542732E+9
3.735000,-1.474219,-1.399620,-1.803834,-1.978993,3.542732E+9
3.740000,-1.497223,-1.425582,-1.819608,-2.223822,3.542732E+9
3.745000,-1.440042,-1.399949,-1.735808,-1.835054,3.542732E+9
3.750000,-1.473233,-1.393048,-1.706231,-1.749282,3.542732E+9
3.755000,-1.419010,-1.358870,-1.641820,-1.662195,3.542732E+9
3.760000,-1.443328,-1.352627,-1.632947,-1.591868,3.542732E+9
3.765000,-1.353941,-1.312862,-1.561306,-1.574780,3.542732E+9
3.770000,-1.399620,-1.381546,-1.577080,-1.587596,3.542732E+9
3.775000,-1.374645,-1.338495,-1.590225,-1.650036,3.542732E+9
3.780000,-1.493937,-1.380560,-1.662524,-1.728249,3.542732E+9
3.785000,-1.437413,-1.385489,-1.707874,-1.768014,3.542732E+9
3.790000,-1.479806,-1.377931,-1.757826,-1.844256,3.542732E+9
3.795000,-1.463703,-1.379574,-1.749939,-1.879090,3.542732E+9
3.800000,-1.491308,-1.407179,-1.773929,-2.025987,3.542732E+9
3.805000,-1.530743,-1.442671,-1.794633,-1.906038,3.542732E+9
3.810000,-1.644449,-1.493937,-1.796604,-1.895522,3.542732E+9
3.815000,-1.873832,-1.652665,-1.995096,-1.944159,3.542732E+9
3.820000,-2.331613,-1.941858,-2.209034,-2.055235,3.542732E+9
3.825000,-2.867279,-2.339828,-2.494941,-2.280346,3.542732E+9
3.830000,-3.052626,-2.806482,-2.904742,-2.728268,3.542732E+9
3.835000,-2.925446,-2.730240,-3.142999,-3.269193,3.542732E+9
3.840000,-3.076616,-2.532405,-3.257033,-3.723030,3.542732E+9
3.845000,-2.859391,-2.473909,-3.235344,-3.799273,3.542732E+9
3.850000,-2.858406,-2.467337,-3.142013,-3.761809,3.542732E+9
3.855000,-2.687190,-2.480482,-2.839345,-3.452239,3.542732E+9
3.860000,-2.615220,-2.282318,-2.663528,-3.109807,3.542732E+9
3.865000,-2.551137,-2.199832,-2.470294,-2.533391,3.542732E+9
3.870000,-2.505458,-2.205419,-2.316167,-2.314195,3.542732E+9
3.875000,-2.490012,-2.270159,-2.171570,-2.046362,3.542732E+9
3.880000,-2.526818,-2.310580,-2.478839,-1.816979,3.542732E+9
3.885000,-2.407526,-2.108802,-2.143308,-1.745010,3.542732E+9
3.890000,-2.465036,-2.069038,-2.177485,-1.834068,3.542732E+9
3.895000,-2.318139,-2.077582,-2.118332,-2.056550,3.542732E+9
3.900000,-2.395038,-2.111431,-2.175185,-2.376306,3.542732E+9
3.905000,-2.472923,-2.175514,-2.417385,-2.721038,3.542732E+9
3.910000,-2.697377,-2.353302,-2.614234,-2.988214,3.542732E+9
3.915000,-2.692119,-2.428887,-2.721696,-3.073329,3.542732E+9
3.920000,-2.810426,-2.504143,-2.713480,-2.978027,3.542732E+9
3.925000,-2.737470,-2.484754,-2.598131,-2.753573,3.542732E+9
3.930000,-2.819299,-2.410155,-2.390437,-2.592544,3.542732E+9
3.935000,-2.571183,-2.373349,-2.144294,-2.254713,3.542732E+9
3.940000,-2.522546,-2.276074,-2.004627,-2.107487,3.542732E+9
3.945000,-2.298092,-2.213963,-1.940215,-1.929699,3.542732E+9
3.950000,-2.290205,-2.108473,-2.090727,-1.915897,3.542732E+9
3.955000,-2.218564,-2.088098,-1.906695,-1.851814,3.542732E+9
3.960000,-2.245512,-2.112088,-1.947445,-1.894207,3.542732E+9
3.965000,-2.152838,-2.044391,-1.872189,-1.945802,3.542732E+9
3.970000,-2.204104,-2.006598,-1.876461,-2.116032,3.542732E+9
3.975000,-2.036832,-1.917211,-1.892893,-2.002983,3.542732E+9
3.980000,-1.955989,-1.852800,-1.927070,-2.049320,3.542732E+9
3.985000,-1.940544,-1.801205,-1.940215,-2.047348,3.542732E+9
3.990000,-1.950403,-1.821251,-2.012514,-2.063123,3.542732E+9
3.995000,-1.868574,-1.776887,-1.901437,-2.042419,3.542732E+9
4.000000,-1.877776,-1.747310,-1.908010,-1.931999,3.542732E+9
4.005000,-1.710175,-1.664824,-1.826181,-1.870217,3.542732E+9
4.010000,-1.698673,-1.601399,-1.773600,-1.805149,3.542732E+9
4.015000,-1.537645,-1.500181,-1.688157,-1.784116,3.542732E+9
4.020000,-1.672383,-1.428211,-1.620788,-1.679941,3.542732E+9
4.025000,-1.350326,-1.319106,-1.614215,-1.657594,3.542732E+9
4.030000,-1.411122,-1.292487,-1.622760,-1.661866,3.542732E+9
4.035000,-1.314177,-1.315491,-1.609286,-1.631304,3.542732E+9
4.040000,-1.395348,-1.333895,-1.653322,-1.652008,3.542732E+9
4.045000,-1.427225,-1.368401,-1.637219,-1.674026,3.542732E+9
4.050000,-1.467975,-1.333895,-1.713461,-1.758155,3.542732E+9
4.055000,-1.449243,-1.388776,-1.693086,-1.758483,3.542732E+9
4.060000,-1.477506,-1.420981,-1.817637,-1.798576,3.542732E+9
4.065000,-1.459102,-1.405864,-1.718062,-1.854772,3.542732E+9
4.070000,-1.529758,-1.431169,-1.811721,-1.891578,3.542732E+9
4.075000,-1.494594,-1.419010,-1.792332,-1.930028,3.542732E+9
4.080000,-1.508397,-1.462389,-1.805477,-1.929370,3.542732E+9
4.085000,-1.465018,-1.416052,-1.764070,-1.923455,3.542732E+9
4.090000,-1.511026,-1.375302,-1.783459,-1.939558,3.542732E+9
4.095000,-1.391076,-1.363143,-1.709846,-1.776229,3.542732E+9
4.100000,-1.433141,-1.342110,-1.875804,-1.705903,3.542732E+9
4.105000,-1.380889,-1.327322,-1.607314,-1.678626,3.542732E+9
4.110000,-1.373659,-1.348026,-1.599427,-1.708860,3.542732E+9
4.115000,-1.373002,-1.336852,-1.575108,-1.580695,3.542732E+9
4.120000,-1.426239,-1.368072,-1.687171,-1.564264,3.542732E+9
4.125000,-1.405864,-1.375959,-1.624731,-1.645435,3.542732E+9
4.130000,-1.485721,-1.381546,-1.682241,-1.703274,3.542732E+9
4.135000,-1.436756,-1.390747,-1.683885,-1.777215,3.542732E+9
4.140000,-1.480792,-1.471590,-1.722334,-1.872189,3.542732E+9
4.145000,-1.486379,-1.535344,-1.761770,-1.999040,3.542732E+9
4.150000,-1.699001,-1.806792,-1.827495,-2.269173,3.542732E+9
4.155000,-1.825195,-2.298421,-1.866602,-2.510058,3.542732E+9
4.160000,-2.303679,-2.914930,-2.089741,-2.914273,3.542732E+9
4.165000,-2.685875,-2.958309,-2.527804,-3.231729,3.542732E+9
4.170000,-2.837373,-2.970140,-3.008261,-3.666177,3.542732E+9
4.175000,-2.567897,-3.008261,-3.042438,-3.873872,3.542732E+9
4.180000,-2.421000,-2.923803,-3.012204,-4.102598,3.542732E+9
4.185000,-2.493955,-2.773948,-2.841974,-3.926453,3.542732E+9
4.190000,-2.472923,-2.655641,-2.780520,-3.412475,3.542732E+9
4.195000,-2.325040,-2.564282,-2.497242,-3.002345,3.542732E+9
4.200000,-2.280675,-2.680946,-2.311238,-2.681932,3.542732E+9
4.205000,-2.094342,-2.475552,-2.108473,-2.459778,3.542732E+9
4.210000,-2.123919,-2.500528,-1.904066,-2.300064,3.542732E+9
4.215000,-2.018429,-2.494941,-1.823223,-2.219550,3.542732E+9
4.220000,-2.101572,-2.485740,-1.827495,-2.247155,3.542732E+9
4.225000,-1.947774,-2.410812,-1.781816,-2.250441,3.542732E+9
4.230000,-2.039461,-2.342129,-1.857072,-2.451234,3.542732E+9
4.235000,-2.045377,-2.441375,-2.016786,-2.605361,3.542732E+9
4.240000,-2.246826,-2.568883,-2.268844,-2.896527,3.542732E+9
4.245000,-2.388465,-2.727282,-2.487054,-3.070043,3.542732E+9
4.250000,-2.506443,-2.749958,-2.643811,-3.131497,3.542732E+9
4.255000,-2.392738,-2.684232,-2.564611,-3.043753,3.542732E+9
4.260000,-2.362175,-2.648083,-2.369076,-2.986242,3.542732E+9
4.265000,-2.315510,-2.650712,-2.134435,-2.634280,3.542732E+9
4.270000,-2.312223,-2.637895,-1.929370,-2.534706,3.542732E+9
4.275000,-2.168284,-2.527476,-1.796933,-2.263915,3.542732E+9
4.280000,-2.063451,-2.423300,-1.839655,-2.046034,3.542732E+9
4.285000,-1.924770,-2.244526,-1.808764,-1.968806,3.542732E+9
4.290000,-2.019743,-2.223494,-1.820594,-1.978008,3.542732E+9
4.295000,-1.917540,-2.202790,-1.772286,-1.946131,3.542732E+9
4.300000,-1.957304,-2.404240,-1.759469,-1.915568,3.542732E+9
4.305000,-1.872846,-2.028945,-1.754868,-1.948102,3.542732E+9
4.310000,-1.878433,-1.993782,-1.818951,-1.935943,3.542732E+9
4.315000,-1.736137,-1.835711,-1.840312,-1.962233,3.542732E+9
4.320000,-1.848856,-1.823552,-1.858715,-2.128191,3.542732E+9
4.325000,-1.699987,-1.773929,-1.832425,-2.092371,3.542732E+9
4.330000,-1.751253,-1.724306,-1.845570,-2.148895,3.542732E+9
4.335000,-1.645106,-1.684870,-1.811064,-2.019743,3.542732E+9
4.340000,-1.620459,-1.611915,-1.810407,-1.920826,3.542732E+9
4.345000,-1.500838,-1.516941,-1.701959,-1.828810,3.542732E+9
4.350000,-1.483421,-1.428540,-1.671725,-1.832096,3.542732E+9
4.355000,-1.349340,-1.358542,-1.626703,-1.641163,3.542732E+9
4.360000,-1.379574,-1.344739,-1.821580,-1.582667,3.542732E+9
4.365000,-1.325679,-1.320421,-1.591540,-1.595812,3.542732E+9
4.370000,-1.380231,-1.321078,-1.684870,-1.624074,3.542732E+9
4.375000,-1.361171,-1.325022,-1.654965,-1.654637,3.542732E+9
4.380000,-1.449243,-1.394691,-1.674354,-1.716747,3.542732E+9
4.385000,-1.418681,-1.380889,-1.659895,-1.788389,3.542732E+9
4.390000,-1.508725,-1.376288,-1.678298,-1.651679,3.542732E+9
4.395000,-1.456473,-1.389104,-1.713461,-1.864302,3.542732E+9
4.400000,-1.511354,-1.416381,-1.773600,-1.893550,3.542732E+9
4.405000,-1.490651,-1.415066,-1.773272,-1.883362,3.542732E+9
4.410000,-1.569522,-1.411780,-1.815008,-2.272131,3.542732E+9
4.415000,-1.481449,-1.424268,-1.751253,-1.905709,3.542732E+9
4.420000,-1.501495,-1.450229,-1.760784,-1.868903,3.542732E+9
4.425000,-1.447272,-1.381546,-1.736137,-1.779516,3.542732E+9
4.430000,-1.278356,-1.331594,-1.749939,-1.724963,3.542732E+9
4.435000,-1.366429,-1.331923,-1.626703,-1.742709,3.542732E+9
4.440000,-1.403893,-1.374316,-1.593840,-1.690128,3.542732E+9
4.445000,-1.348354,-1.327322,-1.584639,-1.672711,3.542732E+9
4.450000,-1.564592,-1.341453,-1.628346,-1.655951,3.542732E+9
4.455000,-1.409479,-1.366429,-1.640177,-1.678298,3.542732E+9
4.460000,-1.476520,-1.394691,-1.665153,-1.724635,3.542732E+9
4.465000,-1.478820,-1.389433,-1.705245,-1.734822,3.542732E+9
4.470000,-1.614544,-1.431826,-1.823881,-1.976364,3.542732E+9
4.475000,-1.760455,-1.541260,-1.926084,-1.885334,3.542732E+9
4.480000,-2.168284,-1.802191,-2.113074,-1.993125,3.542732E+9
4.485000,-2.863664,-2.198846,-2.448276,-2.228423,3.542732E+9
4.490000,-3.125910,-2.654327,-2.904085,-2.620149,3.542732E+9
4.495000,-3.001359,-2.705921,-3.117366,-3.113093,3.542732E+9
4.500000,-3.082202,-2.537335,-3.214969,-3.497919,3.542732E+9
4.505000,-2.895869,-2.330298,-3.181777,-3.645802,3.542732E+9
4.510000,-2.714466,-2.351330,-3.078587,-3.542284,3.542732E+9
4.515000,-2.784464,-2.426258,-2.816341,-3.247503,3.542732E+9
4.520000,-2.790708,-2.289548,-2.577099,-2.880424,3.542732E+9
4.525000,-2.662214,-2.196217,-2.427244,-2.382222,3.542732E+9
4.530000,-2.607661,-2.123262,-2.323068,-2.149223,3.542732E+9
4.535000,-2.572169,-2.158425,-2.205090,-1.960919,3.542732E+9
4.540000,-2.657942,-2.259314,-2.243540,-1.957961,3.542732E+9
4.545000,-2.546536,-2.084483,-2.190631,-1.766699,3.542732E+9
4.550000,-2.593530,-2.060822,-2.190631,-1.876790,3.542732E+9
4.555000,-2.532077,-2.064437,-2.216592,-2.042090,3.542732E+9
4.560000,-2.620149,-2.139365,-2.431187,-2.343443,3.542732E+9
4.565000,-2.707236,-2.222179,-2.470623,-2.672073,3.542732E+9
4.570000,-2.956009,-2.385836,-2.750944,-2.869908,3.542732E+9
4.575000,-2.934319,-2.455834,-2.747000,-2.941220,3.542732E+9
4.580000,-2.967839,-2.708551,-2.768032,-2.857420,3.542732E+9
4.585000,-2.882724,-2.470294,-2.610619,-2.641181,3.542732E+9
4.590000,-2.850518,-2.418371,-2.394709,-2.424286,3.542732E+9
4.595000,-2.739442,-2.333256,-2.166641,-2.201147,3.542732E+9
4.600000,-2.633294,-2.287905,-2.040118,-1.920169,3.542732E+9
4.605000,-2.431187,-2.177814,-1.975707,-1.880405,3.542732E+9
4.610000,-2.494941,-2.087770,-1.977350,-1.848199,3.542732E+9
4.615000,-2.271145,-2.032560,-1.930028,-1.766699,3.542732E+9
4.620000,-2.258986,-2.018429,-1.856743,-1.812707,3.542732E+9
4.625000,-2.156453,-1.965191,-1.815993,-1.843598,3.542732E+9
4.630000,-2.133449,-1.896836,-1.834068,-1.891249,3.542732E+9
4.635000,-2.001669,-1.818951,-1.836368,-1.860030,3.542732E+9
4.640000,-1.961247,-1.745010,-1.895193,-1.968149,3.542732E+9
4.645000,-1.865616,-1.699659,-1.898479,-1.958947,3.542732E+9
4.650000,-1.882705,-1.682241,-1.919183,-2.002326,3.542732E+9
4.655000,-1.793318,-1.636891,-1.882048,-2.019086,3.542732E+9
4.660000,-1.890592,-1.627360,-1.909981,-1.938243,3.542732E+9
4.665000,-1.635576,-1.543560,-1.785102,-1.846556,3.542732E+9
4.670000,-1.601399,-1.476191,-1.705903,-1.803177,3.542732E+9
4.675000,-1.412766,-1.386475,-1.630975,-1.748624,3.542732E+9
4.680000,-1.364786,-1.336195,-1.592526,-1.670739,3.542732E+9
4.685000,-1.315491,-1.269812,-1.571165,-1.625060,3.542732E+9
4.690000,-1.420981,-1.304647,-1.614872,-1.645106,3.542732E+9
4.695000,-1.354927,-1.334223,-1.606657,-1.598441,3.542732E+9
4.700000,-1.416709,-1.358213,-1.685856,-1.615530,3.542732E+9
4.705000,-1.407836,-1.361500,-1.661538,-1.672054,3.542732E+9
4.710000,-1.466989,-1.370372,-1.703274,-1.827167,3.542732E+9
4.715000,-1.452201,-1.394362,-1.690128,-1.816651,3.542732E+9
4.720000,-1.480792,-1.436098,-1.582995,-1.842612,3.542732E+9
4.725000,-1.476191,-1.395020,-1.759798,-1.893221,3.542732E+9
4.730000,-1.562949,-1.428540,-1.862659,-1.943173,3.542732E+9
4.735000,-1.473891,-1.421967,-1.827495,-1.969463,3.542732E+9
4.740000,-1.503467,-1.442014,-1.799891,-1.969135,3.542732E+9
4.745000,-1.459102,-1.388776,-1.753554,-1.907681,3.542732E+9
4.750000,-1.500838,-1.380231,-1.740080,-1.904066,3.542732E+9
4.755000,-1.387133,-1.342768,-1.678298,-1.688485,3.542732E+9
4.760000,-1.417695,-1.329294,-1.622760,-1.621774,3.542732E+9
4.765000,-1.342768,-1.331266,-1.562949,-1.623088,3.542732E+9
4.770000,-1.391405,-1.326665,-1.577737,-1.666467,3.542732E+9
4.775000,-1.383846,-1.329294,-1.584310,-1.597455,3.542732E+9
4.780000,-1.414737,-1.394034,-1.468633,-1.649707,3.542732E+9
4.785000,-1.449901,-1.396334,-1.678298,-1.729564,3.542732E+9
4.790000,-1.544217,-1.442342,-1.764399,-1.806792,3.542732E+9
4.795000,-1.508068,-1.517270,-1.767028,-1.934300,3.542732E+9
4.800000,-1.656280,-1.788717,-1.829139,-2.106830,3.542732E+9
4.805000,-1.963219,-2.247812,-1.941858,-2.397667,3.542732E+9
4.810000,-2.595173,-2.772962,-2.207062,-2.838688,3.542732E+9
4.815000,-2.738784,-2.797938,-2.637238,-3.067414,3.542732E+9
4.820000,-2.710522,-2.852819,-3.171261,-3.424306,3.542732E+9
4.825000,-2.537992,-2.711508,-2.978684,-3.640873,3.542732E+9
4.830000,-2.373020,-2.535691,-2.874508,-3.831478,3.542732E+9
4.835000,-2.459449,-2.557052,-2.704278,-3.530453,3.542732E+9
4.840000,-2.385836,-2.557052,-2.550808,-3.153844,3.542732E+9
4.845000,-2.317810,-2.497899,-2.350016,-2.720053,3.542732E+9
4.850000,-2.478510,-2.528462,-2.214949,-2.476538,3.542732E+9
4.855000,-2.190631,-2.424943,-2.040118,-2.323068,3.542732E+9
4.860000,-2.259971,-2.542264,-1.963548,-2.229738,3.542732E+9
4.865000,-2.143637,-2.501185,-1.955332,-2.202461,3.542732E+9
4.870000,-2.277389,-2.570855,-2.000683,-2.279032,3.542732E+9
4.875000,-2.188988,-2.492970,-1.981622,-2.366447,3.542732E+9
4.880000,-2.435788,-2.520903,-2.040776,-2.662214,3.542732E+9
4.885000,-2.356588,-2.631651,-2.214292,-2.787422,3.542732E+9
4.890000,-2.603718,-2.751930,-2.456820,-3.037509,3.542732E+9
4.895000,-2.578413,-2.826528,-2.598131,-3.037509,3.542732E+9
4.900000,-2.647754,-2.825543,-2.608647,-3.028636,3.542732E+9
4.905000,-2.580714,-2.816998,-2.484425,-2.953379,3.542732E+9
4.910000,-2.554423,-2.777891,-2.295792,-2.797280,3.542732E+9
4.915000,-2.467994,-2.743714,-2.093028,-2.498556,3.542732E+9
4.920000,-2.358232,-2.611933,-1.931999,-2.360861,3.542732E+9
4.925000,-2.221522,-2.480153,-1.821909,-2.125891,3.542732E+9
4.930000,-2.214292,-2.447290,-1.810078,-2.115375,3.542732E+9
4.935000,-1.997725,-2.286919,-1.801862,-1.944159,3.542732E+9
4.940000,-2.015800,-2.226123,-1.884020,-1.908338,3.542732E+9
4.945000,-1.970449,-2.169927,-1.802520,-1.917540,3.542732E+9
4.950000,-2.009556,-2.095985,-1.783131,-1.917868,3.542732E+9
4.955000,-1.895193,-2.023687,-1.762098,-1.897822,3.542732E+9
4.960000,-1.880405,-1.966506,-1.803834,-1.893221,3.542732E+9
4.965000,-1.744352,-1.793647,-1.842941,-1.952046,3.542732E+9
4.970000,-1.865616,-1.743695,-1.872846,-2.001669,3.542732E+9
4.975000,-1.686185,-1.686842,-1.843270,-2.071667,3.542732E+9
4.980000,-1.663510,-1.638862,-1.829796,-2.091385,3.542732E+9
4.985000,-1.573794,-1.584639,-1.777215,-1.972092,3.542732E+9
4.990000,-1.592526,-1.525485,-1.802848,-1.873832,3.542732E+9
4.995000,-1.445957,-1.413423,-1.664495,-1.759798,3.542732E+9
5.000000,-1.370372,-1.353941,-1.625060,-1.735479,3.542732E+9
5.005000,-1.329951,-1.298403,-1.573465,-1.632947,3.542732E+9
5.010000,-1.365772,-1.313848,-1.698344,-1.571822,3.542732E+9
5.015000,-1.345068,-1.335209,-1.615858,-1.564264,3.542732E+9
5.020000,-1.443985,-1.364129,-1.660552,-1.588582,3.542732E+9
5.025000,-1.384504,-1.386804,-1.647735,-1.669753,3.542732E+9
5.030000,-1.491637,-1.414080,-1.704260,-1.721348,3.542732E+9
5.035000,-1.458774,-1.391405,-1.707546,-1.790360,3.542732E+9
5.040000,-1.513326,-1.412766,-1.725292,-1.898151,3.542732E+9
5.045000,-1.462717,-1.386147,-1.726606,-1.932328,3.542732E+9
5.050000,-1.502481,-1.399292,-1.649707,-1.968477,3.542732E+9
5.055000,-1.443985,-1.398306,-1.803506,-1.973735,3.542732E+9
5.060000,-1.497223,-1.418352,-1.842941,-2.053264,3.542732E+9
5.065000,-1.469618,-1.407836,-1.779187,-1.883362,3.542732E+9
5.070000,-1.469618,-1.406522,-1.951060,-1.803834,3.542732E+9
5.075000,-1.400606,-1.359199,-1.665481,-1.708860,3.542732E+9
5.080000,-1.420981,-1.349669,-1.679612,-1.644449,3.542732E+9
5.085000,-1.371030,-1.323050,-1.595483,-1.590883,3.542732E+9
5.090000,-1.407508,-1.349669,-1.579709,-1.610600,3.542732E+9
5.095000,-1.370372,-1.349669,-1.574451,-1.634919,3.542732E+9
5.100000,-1.461403,-1.374973,-1.637219,-1.712804,3.542732E+9
5.105000,-1.431169,-1.370372,-1.674026,-1.716090,3.542732E+9
5.110000,-1.475205,-1.379903,-1.825524,-1.824209,3.542732E+9
5.115000,-1.454173,-1.408493,-1.755854,-1.853129,3.542732E+9
5.120000,-1.542245,-1.434784,-1.842284,-1.942187,3.542732E+9
5.125000,-1.679941,-1.503467,-1.902423,-1.931014,3.542732E+9
5.130000,-2.008241,-1.783131,-2.147580,-2.041433,3.542732E+9
5.135000,-2.471280,-2.086127,-2.253727,-2.226780,3.542732E+9
5.140000,-2.943521,-2.469966,-2.595502,-2.492312,3.542732E+9
5.145000,-2.907043,-2.802210,-2.970140,-2.965867,3.542732E+9
5.150000,-3.043424,-2.654655,-3.190979,-3.410832,3.542732E+9
5.155000,-2.909672,-2.555738,-3.181448,-3.678008,3.542732E+9
5.160000,-2.809768,-2.442689,-3.089104,-3.787771,3.542732E+9
5.165000,-2.720381,-2.498228,-2.898170,-3.554115,3.542732E+9
5.170000,-2.652026,-2.367433,-2.762774,-3.211354,3.542732E+9
5.175000,-2.515645,-2.227766,-2.495599,-2.678974,3.542732E+9
5.180000,-2.520246,-2.207719,-2.409826,-2.553437,3.542732E+9
5.185000,-2.458464,-2.177157,-2.215278,-2.140679,3.542732E+9
5.190000,-2.549822,-2.305651,-2.150867,-2.041433,3.542732E+9
5.195000,-2.414756,-2.223494,-2.169270,-1.813693,3.542732E+9
5.200000,-2.448933,-2.101572,-2.205748,-1.794304,3.542732E+9
5.205000,-2.403582,-2.126548,-2.129834,-1.991481,3.542732E+9
5.210000,-2.495599,-2.142979,-2.228423,-2.250770,3.542732E+9
5.215000,-2.480810,-2.204433,-2.301050,-2.529447,3.542732E+9
5.220000,-2.641839,-2.527804,-2.532077,-2.820285,3.542732E+9
5.225000,-2.768361,-2.471937,-2.691462,-2.994130,3.542732E+9
5.230000,-2.892254,-2.544236,-2.757516,-3.020420,3.542732E+9
5.235000,-2.837045,-2.508087,-2.699678,-2.859063,3.542732E+9
5.240000,-2.817327,-2.504472,-2.533062,-2.608319,3.542732E+9
5.245000,-2.696063,-2.448605,-2.284619,-2.387808,3.542732E+9
5.250000,-2.695734,-2.368748,-2.090070,-2.314195,3.542732E+9
5.255000,-2.424943,-2.280346,-1.990824,-2.003969,3.542732E+9
5.260000,-2.402597,-2.211663,-1.959933,-1.904395,3.542732E+9
5.265000,-2.279361,-2.150538,-1.923455,-1.862987,3.542732E+9
5.270000,-2.321096,-2.141008,-1.943173,-1.883034,3.542732E+9
5.275000,-2.206733,-2.077582,-1.870546,-1.880076,3.542732E+9
5.280000,-2.186358,-2.033546,-1.857401,-2.219879,3.542732E+9
5.285000,-2.094671,-1.980308,-1.855758,-1.949417,3.542732E+9
5.290000,-2.051621,-1.932985,-1.911624,-2.032889,3.542732E+9
5.295000,-1.943173,-1.788060,-1.932328,-2.009885,3.542732E+9
5.300000,-1.880076,-1.792661,-2.099929,-2.007584,3.542732E+9
5.305000,-1.849514,-1.737780,-1.908667,-2.047020,3.542732E+9
5.310000,-1.878762,-1.707874,-1.924770,-2.025659,3.542732E+9
5.315000,-1.697687,-1.656280,-1.832754,-1.922469,3.542732E+9
5.320000,-1.718062,-1.635905,-1.786417,-1.808435,3.542732E+9
5.325000,-1.541917,-1.482106,-1.689800,-1.775572,3.542732E+9
5.330000,-1.467318,-1.421310,-1.622102,-1.739751,3.542732E+9
5.335000,-1.336195,-1.329294,-1.603042,-1.657266,3.542732E+9
5.340000,-1.396663,-1.310562,-1.626046,-1.619145,3.542732E+9
5.345000,-1.335538,-1.302675,-1.615858,-1.602385,3.542732E+9
5.350000,-1.393377,-1.338167,-1.686185,-1.616844,3.542732E+9
5.355000,-1.389104,-1.348683,-1.626046,-1.645764,3.542732E+9
5.360000,-1.420981,-1.374645,-1.692758,-1.724963,3.542732E+9
5.365000,-1.437413,-1.370701,-1.670082,-1.722006,3.542732E+9
5.370000,-1.494266,-1.395348,-1.872518,-1.827824,3.542732E+9
5.375000,-1.453844,-1.410137,-1.729564,-1.862001,3.542732E+9
5.380000,-1.539616,-1.416381,-1.826510,-1.891578,3.542732E+9
5.385000,-1.503139,-1.422624,-1.803506,-1.969792,3.542732E+9
5.390000,-1.549147,-1.464032,-1.827495,-1.980965,3.542732E+9
5.395000,-1.467647,-1.410137,-1.786088,-1.927399,3.542732E+9
5.400000,-1.523842,-1.394362,-1.760126,-1.893550,3.542732E+9
5.405000,-1.391405,-1.382532,-1.689471,-1.778530,3.542732E+9
5.410000,-1.443985,-1.342439,-1.581352,-1.727921,3.542732E+9
5.415000,-1.369387,-1.304647,-1.609286,-1.640506,3.542732E+9
5.420000,-1.353941,-1.329951,-1.590225,-1.716090,3.542732E+9
5.425000,-1.369387,-1.342439,-1.561963,-1.607643,3.542732E+9
5.430000,-1.438399,-1.373659,-1.888292,-1.630647,3.542732E+9
5.435000,-1.406522,-1.361171,-1.640834,-1.640177,3.542732E+9
5.440000,-1.463374,-1.371358,-1.721020,-1.692758,3.542732E+9
5.445000,-1.427554,-1.398306,-1.694401,-1.798247,3.542732E+9
5.450000,-1.506096,-1.475205,-1.735151,-1.881719,3.542732E+9
5.455000,-1.474876,-1.507739,-1.751582,-1.960590,3.542732E+9
5.460000,-1.652665,-1.745010,-1.811393,-2.207062,3.542732E+9
5.465000,-1.758812,-2.159411,-1.838340,-2.414756,3.542732E+9
5.470000,-2.210677,-2.836716,-2.046691,-2.802867,3.542732E+9
5.475000,-2.626065,-2.956337,-2.416399,-3.179805,3.542732E+9
5.480000,-2.828500,-2.987228,-2.931361,-3.591907,3.542732E+9
5.485000,-2.619163,-3.027978,-3.069057,-3.849882,3.542732E+9
5.490000,-2.478181,-2.899813,-3.084503,-4.107528,3.542732E+9
5.495000,-2.476538,-2.771319,-2.857748,-4.004009,3.542732E+9
5.500000,-2.486068,-2.621792,-2.784793,-3.481487,3.542732E+9
5.505000,-2.234996,-2.468322,-2.518931,-3.010561,3.542732E+9
5.510000,-2.303350,-2.637238,-2.321425,-2.684561,3.542732E+9
5.515000,-2.104858,-2.459121,-2.100586,-2.430530,3.542732E+9
5.520000,-2.103215,-2.491984,-1.908338,-2.247155,3.542732E+9
5.525000,-2.035518,-2.507101,-1.850171,-2.130820,3.542732E+9
5.530000,-2.097629,-2.444004,-1.857729,-2.220536,3.542732E+9
5.535000,-1.982608,-2.403582,-1.793647,-2.191945,3.542732E+9
5.540000,-2.002655,-2.365790,-1.835054,-2.384522,3.542732E+9
5.545000,-2.022373,-2.398324,-1.954675,-2.606018,3.542732E+9
5.550000,-2.274431,-2.543250,-2.251098,-2.879766,3.542732E+9
5.555000,-2.380250,-2.700006,-2.501185,-3.041124,3.542732E+9
5.560000,-2.431845,-2.730240,-2.663200,-3.052626,3.542732E+9
5.565000,-2.447290,-2.713151,-2.603718,-3.135769,3.542732E+9
5.570000,-2.452220,-2.746672,-2.452877,-3.160745,3.542732E+9
5.575000,-2.327340,-2.694419,-2.211992,-2.718081,3.542732E+9
5.580000,-2.333913,-2.677002,-1.996082,-2.508087,3.542732E+9
5.585000,-2.204104,-2.541607,-1.803834,-2.274102,3.542732E+9
5.590000,-2.130163,-2.445976,-1.838012,-2.120961,3.542732E+9
5.595000,-1.943502,-2.284619,-1.763741,-1.951060,3.542732E+9
5.600000,-1.933643,-2.209363,-1.822237,-1.880076,3.542732E+9
5.605000,-1.930028,-2.197532,-1.774915,-1.912610,3.542732E+9
5.610000,-1.999697,-2.228423,-1.776887,-1.941201,3.542732E+9
5.615000,-1.898151,-2.090727,-1.761770,-1.955661,3.542732E+9
5.620000,-1.886320,-2.047348,-1.805477,-1.944487,3.542732E+9
5.625000,-1.776887,-1.889278,-1.866931,-1.984580,3.542732E+9
5.630000,-1.913268,-1.864302,-1.873175,-2.150538,3.542732E+9
5.635000,-1.739423,-1.833411,-1.852471,-2.100915,3.542732E+9
5.640000,-1.748953,-1.757826,-1.855100,-2.144294,3.542732E+9
5.645000,-1.663838,-1.718719,-1.821580,-2.078568,3.542732E+9
5.650000,-1.662195,-1.649707,-1.847870,-1.963877,3.542732E+9
5.655000,-1.523514,-1.532715,-1.753225,-1.840641,3.542732E+9
5.660000,-1.477834,-1.472576,-1.665153,-1.816651,3.542732E+9
5.665000,-1.368729,-1.377602,-1.599756,-1.664824,3.542732E+9
5.670000,-1.397649,-1.344082,-1.507082,-1.586939,3.542732E+9
5.675000,-1.334552,-1.297745,-1.597455,-1.540274,3.542732E+9
5.680000,-1.344411,-1.308919,-1.633933,-1.557362,3.542732E+9
5.685000,-1.351641,-1.334223,-1.607971,-1.638205,3.542732E+9
5.690000,-1.472576,-1.379245,-1.652336,-1.693415,3.542732E+9
5.695000,-1.430512,-1.382532,-1.671068,-1.725620,3.542732E+9
5.700000,-1.641491,-1.388776,-1.693415,-1.625717,3.542732E+9
5.705000,-1.458116,-1.401921,-1.722991,-1.887306,3.542732E+9
5.710000,-1.520556,-1.414737,-1.776558,-1.947774,3.542732E+9
5.715000,-1.472247,-1.407508,-1.791346,-1.940544,3.542732E+9
5.720000,-1.518256,-1.425254,-1.850828,-1.944487,3.542732E+9
5.725000,-1.483749,-1.414737,-1.779844,-1.919512,3.542732E+9
5.730000,-1.508068,-1.433469,-1.757497,-1.908667,3.542732E+9
5.735000,-1.447929,-1.370044,-1.724963,-1.809092,3.542732E+9
5.740000,-1.328965,-1.384504,-1.764399,-1.703274,3.542732E+9
5.745000,-1.389433,-1.324693,-1.639848,-1.672711,3.542732E+9
5.750000,-1.442671,-1.386804,-1.597455,-1.687828,3.542732E+9
5.755000,-1.351969,-1.358213,-1.559334,-1.663510,3.542732E+9
5.760000,-1.445629,-1.344411,-1.588582,-1.629332,3.542732E+9
5.765000,-1.418352,-1.347040,-1.645106,-1.658909,3.542732E+9
5.770000,-1.489336,-1.394691,-1.680927,-1.707546,3.542732E+9
5.775000,-1.464689,-1.389433,-1.697030,-1.734493,3.542732E+9
5.780000,-1.554733,-1.417695,-1.815336,-1.486707,3.542732E+9
5.785000,-1.709189,-1.481778,-1.903409,-1.859701,3.542732E+9
5.790000,-2.111431,-1.751253,-2.111102,-2.006598,3.542732E+9
5.795000,-2.673387,-2.052606,-2.369405,-2.194574,3.542732E+9
5.800000,-3.218584,-2.500528,-2.802539,-2.508744,3.542732E+9
5.805000,-2.960609,-2.700663,-3.061499,-3.002345,3.542732E+9
5.810000,-3.050325,-2.511044,-3.188678,-3.381584,3.542732E+9
5.815000,-2.931361,-2.319782,-3.170604,-3.547213,3.542732E+9
5.820000,-2.778220,-2.232695,-3.063142,-3.474258,3.542732E+9
5.825000,-2.708879,-2.318796,-2.804839,-3.262291,3.542732E+9
5.830000,-2.694419,-2.265229,-2.609633,-2.916244,3.542732E+9
5.835000,-2.606675,-2.137064,-2.439732,-2.364147,3.542732E+9
5.840000,-2.604046,-2.093685,-2.351330,-2.115703,3.542732E+9
5.845000,-2.544236,-2.102887,-2.176500,-1.990167,3.542732E+9
5.850000,-2.639538,-2.235324,-2.200818,-2.042419,3.542732E+9
5.855000,-2.580056,-2.133449,-2.222836,-1.765713,3.542732E+9
5.860000,-2.604704,-2.071667,-2.227109,-1.838012,3.542732E+9
5.865000,-2.566254,-2.079225,-2.246498,-2.044062,3.542732E+9
5.870000,-2.656627,-2.111431,-2.495927,-2.353959,3.542732E+9
5.875000,-2.704936,-2.198189,-2.487712,-2.669772,3.542732E+9
5.880000,-2.905071,-2.319125,-2.744042,-2.840002,3.542732E+9
5.885000,-2.935962,-2.419028,-2.770661,-2.980327,3.542732E+9
5.890000,-3.054597,-2.685218,-2.852162,-2.925446,3.542732E+9
5.895000,-2.932676,-2.478181,-2.670758,-2.696391,3.542732E+9
5.900000,-2.908357,-2.431845,-2.486068,-2.412784,3.542732E+9
5.905000,-2.777891,-2.343443,-2.214292,-2.223822,3.542732E+9
5.910000,-2.691462,-2.268187,-2.045705,-2.061479,3.542732E+9
5.915000,-2.461093,-2.171570,-1.992139,-1.867917,3.542732E+9
5.920000,-2.499214,-2.109788,-1.987538,-1.810735,3.542732E+9
5.925000,-2.328984,-2.075610,-1.943830,-1.778858,3.542732E+9
5.930000,-2.364147,-2.047020,-1.935943,-1.841626,3.542732E+9
5.935000,-2.251427,-2.006598,-1.904066,-1.869231,3.542732E+9
5.940000,-2.159740,-1.970778,-1.902423,-1.916225,3.542732E+9
5.945000,-2.072981,-1.883362,-1.881062,-1.923784,3.542732E+9
5.950000,-2.068381,-1.785431,-1.937258,-2.069366,3.542732E+9
5.955000,-1.912939,-1.749939,-1.919840,-1.969792,3.542732E+9
5.960000,-1.886320,-1.729564,-1.930356,-2.023687,3.542732E+9
5.965000,-1.820923,-1.646421,-1.883362,-2.022373,3.542732E+9
5.970000,-1.787074,-1.629661,-1.935943,-1.981951,3.542732E+9
5.975000,-1.661209,-1.578395,-1.805806,-1.872846,3.542732E+9
5.980000,-1.658580,-1.517270,-1.790032,-1.772614,3.542732E+9
5.985000,-1.479806,-1.435112,-1.652336,-1.751911,3.542732E+9
5.990000,-1.441028,-1.383846,-1.593840,-1.703602,3.542732E+9
5.995000,-1.326993,-1.303332,-1.580038,-1.634262,3.542732E+9
6.000000,-1.405207,-1.298731,-1.599098,-1.617173,3.542732E+9
6.005000,-1.340139,-1.298074,-1.597455,-1.583981,3.542732E+9
6.010000,-1.433141,-1.349669,-1.642149,-1.657923,3.542732E+9
6.015000,-1.399292,-1.381217,-1.661209,-1.664167,3.542732E+9
6.020000,-1.461074,-1.373330,-1.730221,-1.648393,3.542732E+9
6.025000,-1.458774,-1.390747,-1.709518,-1.804491,3.542732E+9
6.030000,-1.472576,-1.424268,-1.740080,-1.912282,3.542732E+9
6.035000,-1.472905,-1.405207,-1.754540,-1.905052,3.542732E+9
6.040000,-1.405207,-1.372016,-1.868903,-1.924441,3.542732E+9
6.045000,-1.462717,-1.426897,-1.806135,-1.963548,3.542732E+9
6.050000,-1.526800,-1.449572,-1.795947,-1.934300,3.542732E+9
6.055000,-1.455487,-1.389762,-1.751582,-1.899137,3.542732E+9
6.060000,-1.365772,-1.376288,-1.718719,-1.802848,3.542732E+9
6.065000,-1.393377,-1.365772,-1.676326,-1.711818,3.542732E+9
6.070000,-1.454501,-1.348026,-1.665153,-1.675340,3.542732E+9
6.075000,-1.349012,-1.321078,-1.587596,-1.602385,3.542732E+9
6.080000,-1.376288,-1.334881,-1.592854,-1.588911,3.542732E+9
6.085000,-1.376616,-1.334552,-1.578395,-1.614544,3.542732E+9
6.090000,-1.433798,-1.383846,-1.638534,-1.661538,3.542732E+9
6.095000,-1.434455,-1.385489,-1.667453,-1.686842,3.542732E+9
6.100000,-1.341125,-1.392391,-1.775572,-1.790360,3.542732E+9
6.105000,-1.473891,-1.477834,-1.752568,-1.910967,3.542732E+9
6.110000,-1.574780,-1.637876,-1.811393,-2.027959,3.542732E+9
6.115000,-1.690128,-1.846885,-1.878762,-2.250441,3.542732E+9
6.120000,-2.079883,-2.461421,-1.987866,-2.564282,3.542732E+9
6.125000,-2.555738,-2.762774,-2.278703,-2.864978,3.542732E+9
6.130000,-2.743385,-2.784793,-2.714466,-3.201495,3.542732E+9
6.135000,-2.581371,-2.801224,-2.912629,-3.431536,3.542732E+9
6.140000,-2.327669,-2.528462,-2.868922,-3.574490,3.542732E+9
6.145000,-2.191617,-2.389451,-2.694091,-3.597165,3.542732E+9
6.150000,-2.317810,-2.399639,-2.560996,-3.380927,3.542732E+9
6.155000,-2.216921,-2.387808,-2.373349,-2.877795,3.542732E+9
6.160000,-2.304665,-2.507101,-2.230723,-2.542921,3.542732E+9
6.165000,-2.165983,-2.431187,-2.073967,-2.374992,3.542732E+9
6.170000,-2.231381,-2.425272,-1.994439,-2.274760,3.542732E+9
6.175000,-2.180443,-2.521232,-1.964534,-2.231381,3.542732E+9
6.180000,-2.165983,-2.634280,-1.972421,-2.270159,3.542732E+9
6.185000,-2.180443,-2.527147,-1.966506,-2.367762,3.542732E+9
6.190000,-2.223822,-2.534377,-2.009885,-2.570855,3.542732E+9
6.195000,-2.269830,-2.546208,-2.133449,-2.672073,3.542732E+9
6.200000,-2.458792,-2.691133,-2.368748,-2.957323,3.542732E+9
6.205000,-2.536020,-2.787093,-2.524518,-3.041452,3.542732E+9
6.210000,-2.672401,-2.848218,-2.618177,-3.171261,3.542732E+9
6.215000,-2.582685,-2.844932,-2.573155,-3.012204,3.542732E+9
6.220000,-2.609962,-2.842303,-2.447619,-2.862020,3.542732E+9
6.225000,-2.492970,-2.814041,-2.166641,-2.635595,3.542732E+9
6.230000,-2.487383,-2.754559,-1.987866,-2.723339,3.542732E+9
6.235000,-2.314195,-2.584329,-1.851485,-2.192602,3.542732E+9
6.240000,-2.208377,-2.669115,-1.795618,-2.168613,3.542732E+9
6.245000,-2.105516,-2.420671,-1.803177,-2.043733,3.542732E+9
6.250000,-2.069366,-2.348373,-1.853786,-2.042090,3.542732E+9
6.255000,-2.043405,-2.285605,-1.870546,-1.972421,3.542732E+9
6.260000,-1.941201,-2.212320,-1.902423,-1.954018,3.542732E+9
6.265000,-1.980965,-2.174528,-1.820923,-1.992139,3.542732E+9
6.270000,-2.007913,-2.345415,-1.828810,-2.005941,3.542732E+9
6.275000,-1.849185,-1.963548,-1.843927,-1.987866,3.542732E+9
6.280000,-1.823881,-1.868574,-1.874818,-1.991481,3.542732E+9
6.285000,-1.730550,-1.789703,-1.863973,-2.053921,3.542732E+9
6.290000,-1.785431,-1.741723,-1.864631,-2.139693,3.542732E+9
6.295000,-1.610272,-1.645106,-1.794304,-2.007584,3.542732E+9
6.300000,-1.630975,-1.608957,-1.788717,-1.929370,3.542732E+9
6.305000,-1.491965,-1.531729,-1.718062,-1.788389,3.542732E+9
6.310000,-1.462717,-1.436756,-1.705245,-1.723649,3.542732E+9
6.315000,-1.350655,-1.329294,-1.595155,-1.646092,3.542732E+9
6.320000,-1.292487,-1.470933,-1.595155,-1.622760,3.542732E+9
6.325000,-1.308919,-1.301360,-1.560649,-1.565907,3.542732E+9
6.330000,-1.399949,-1.341782,-1.732522,-1.598112,3.542732E+9
6.335000,-1.391076,-1.364786,-1.645764,-1.629989,3.542732E+9
6.340000,-1.479149,-1.403893,-1.707217,-1.696044,3.542732E+9
6.345000,-1.460745,-1.404221,-1.719048,-1.781159,3.542732E+9
6.350000,-1.524171,-1.449243,-1.745010,-1.862987,3.542732E+9
6.355000,-1.456145,-1.407179,-1.735808,-1.904723,3.542732E+9
6.360000,-1.517270,-1.407179,-1.771628,-1.996082,3.542732E+9
6.365000,-1.437413,-1.405864,-1.780173,-1.954346,3.542732E+9
6.370000,-1.501167,-1.393705,-2.028288,-1.949745,3.542732E+9
6.375000,-1.455159,-1.394362,-1.773600,-1.878104,3.542732E+9
6.380000,-1.465018,-1.401264,-1.751582,-1.882376,3.542732E+9
6.385000,-1.426239,-1.363471,-1.684213,-1.747639,3.542732E+9
6.390000,-1.427225,-1.369058,-1.846885,-1.701302,3.542732E+9
6.395000,-1.365114,-1.337181,-1.617830,-1.634919,3.542732E+9
6.400000,-1.424268,-1.345397,-1.643463,-1.582010,3.542732E+9
6.405000,-1.377274,-1.344411,-1.588582,-1.607314,3.542732E+9
6.410000,-1.414409,-1.391405,-1.604356,-1.676326,3.542732E+9
6.415000,-1.412437,-1.368072,-1.652336,-1.717076,3.542732E+9
6.420000,-1.476848,-1.385161,-1.712804,-1.809421,3.542732E+9
6.425000,-1.466004,-1.403235,-1.759141,-1.815336,3.542732E+9
6.430000,-1.552433,-1.445300,-1.905381,-1.908667,3.542732E+9
6.435000,-1.646421,-1.510697,-1.880076,-1.939229,3.542732E+9
6.440000,-1.879419,-1.710175,-2.025002,-2.071010,3.542732E+9
6.445000,-2.395367,-2.080211,-2.208377,-2.215278,3.542732E+9
6.450000,-2.808782,-2.590573,-2.637238,-2.495927,3.542732E+9
6.455000,-2.850190,-2.773619,-2.841317,-2.931690,3.542732E+9
6.460000,-2.935962,-2.663857,-3.076287,-3.307314,3.542732E+9
6.465000,-2.754887,-2.501185,-3.034551,-3.598808,3.542732E+9
6.470000,-2.681274,-2.418042,-2.973755,-3.653690,3.542732E+9
6.475000,-2.600760,-2.457806,-2.790051,-3.458812,3.542732E+9
6.480000,-2.657942,-2.363161,-2.586300,-3.194265,3.542732E+9
6.485000,-2.521232,-2.287248,-2.446961,-2.650054,3.542732E+9
6.490000,-2.484754,-2.206076,-2.339500,-2.318796,3.542732E+9
6.495000,-2.410484,-2.154810,-2.211334,-2.077254,3.542732E+9
6.500000,-2.529776,-2.272788,-2.206076,-1.960919,3.542732E+9
6.505000,-2.403254,-2.213963,-2.136407,-1.867917,3.542732E+9
6.510000,-2.435459,-2.138707,-2.130163,-1.975707,3.542732E+9
6.515000,-2.389123,-2.140350,-2.135092,-2.033546,3.542732E+9
6.520000,-2.449591,-2.180772,-2.182415,-2.343115,3.542732E+9
6.525000,-2.510387,-2.269830,-2.286919,-2.587943,3.542732E+9
6.530000,-2.706579,-2.410484,-2.563296,-2.854791,3.542732E+9
6.535000,-2.773948,-2.501514,-2.666486,-2.962252,3.542732E+9
6.540000,-2.858406,-2.551137,-2.776577,-2.928075,3.542732E+9
6.545000,-2.799252,-2.545550,-2.652683,-2.827843,3.542732E+9
6.550000,-2.819956,-2.710522,-2.494613,-2.592873,3.542732E+9
6.555000,-2.679960,-2.465693,-2.246169,-2.383207,3.542732E+9
6.560000,-2.635923,-2.455506,-2.079883,-2.146594,3.542732E+9
6.565000,-2.412455,-2.318467,-1.978665,-2.006270,3.542732E+9
6.570000,-2.418699,-2.238939,-1.930685,-1.962891,3.542732E+9
6.575000,-2.303022,-2.193917,-1.912939,-1.891249,3.542732E+9
6.580000,-2.286262,-2.181758,-1.889935,-1.886649,3.542732E+9
6.585000,-2.203776,-2.104201,-1.883362,-1.860358,3.542732E+9
6.590000,-2.272788,-2.057536,-1.849842,-1.986223,3.542732E+9
6.595000,-2.080540,-1.994439,-1.823223,-1.925098,3.542732E+9
6.600000,-2.028945,-1.882048,-1.919840,-1.939229,3.542732E+9
6.605000,-1.933971,-1.793318,-1.908995,-1.980965,3.542732E+9
6.610000,-1.898808,-1.767028,-1.953689,-2.071667,3.542732E+9
6.615000,-1.835383,-1.736465,-1.917211,-2.024673,3.542732E+9
6.620000,-1.806135,-1.722663,-2.121290,-2.043733,3.542732E+9
6.625000,-1.714118,-1.657266,-1.802191,-1.948760,3.542732E+9
6.630000,-1.727264,-1.583653,-1.802520,-1.854772,3.542732E+9
6.635000,-1.553090,-1.481449,-1.699001,-1.764727,3.542732E+9
6.640000,-1.483749,-1.468633,-1.639848,-1.687499,3.542732E+9
6.645000,-1.362485,-1.315163,-1.581024,-1.669096,3.542732E+9
6.650000,-1.379574,-1.278685,-1.582995,-1.641820,3.542732E+9
6.655000,-1.326336,-1.304975,-1.613558,-1.575766,3.542732E+9
6.660000,-1.407836,-1.337510,-1.653322,-1.607971,3.542732E+9
6.665000,-1.401592,-1.361828,-1.634919,-1.663838,3.542732E+9
6.670000,-1.459760,-1.396334,-1.695058,-1.720362,3.542732E+9
6.675000,-1.436427,-1.386147,-1.681584,-1.742052,3.542732E+9
6.680000,-1.450558,-1.231691,-1.712475,-1.838340,3.542732E+9
6.685000,-1.448586,-1.394034,-1.715104,-1.884677,3.542732E+9
6.690000,-1.528114,-1.423939,-1.862987,-1.923784,3.542732E+9
6.695000,-1.493937,-1.419338,-1.797919,-1.970778,3.542732E+9
6.700000,-1.535673,-1.661209,-1.874818,-1.931014,3.542732E+9
6.705000,-1.480792,-1.412108,-1.793975,-1.921483,3.542732E+9
6.710000,-1.504453,-1.406522,-1.757497,-1.879090,3.542732E+9
6.715000,-1.403564,-1.367743,-1.684213,-1.771628,3.542732E+9
6.720000,-1.444643,-1.347368,-1.651022,-1.736137,3.542732E+9
6.725000,-1.358870,-1.330280,-1.622102,-1.631961,3.542732E+9
6.730000,-1.385161,-1.319435,-1.619473,-1.617501,3.542732E+9
6.735000,-1.365114,-1.313848,-1.558677,-1.600741,3.542732E+9
6.740000,-1.397977,-1.252395,-1.613229,-1.667453,3.542732E+9
6.745000,-1.405864,-1.381546,-1.649050,-1.665153,3.542732E+9
6.750000,-1.518584,-1.399949,-1.776558,-1.733508,3.542732E+9
6.755000,-1.466332,-1.445957,-1.734165,-1.855758,3.542732E+9
6.760000,-1.538959,-1.695387,-1.735479,-1.987538,3.542732E+9
6.765000,-1.622760,-1.811721,-1.798905,-2.207391,3.542732E+9
6.770000,-1.928056,-2.399639,-1.893550,-2.550808,3.542732E+9
6.775000,-2.411470,-2.925775,-2.143637,-2.935962,3.542732E+9
6.780000,-2.832115,-2.932347,-2.673716,-3.322102,3.542732E+9
6.785000,-2.669115,-2.935962,-3.007603,-3.612611,3.542732E+9
6.790000,-2.481139,-2.816012,-3.033565,-3.880116,3.542732E+9
6.795000,-2.225794,-2.613248,-2.818970,-3.958001,3.542732E+9
6.800000,-2.312223,-2.495927,-2.705593,-3.731903,3.542732E+9
6.805000,-2.191288,-2.399639,-2.475552,-3.088446,3.542732E+9
6.810000,-2.212649,-2.442361,-2.529447,-2.704607,3.542732E+9
6.815000,-2.047677,-2.388137,-2.070352,-2.356588,3.542732E+9
6.820000,-2.054250,-2.331284,-1.910310,-2.153824,3.542732E+9
6.825000,-1.977350,-2.387151,-1.756512,-2.104530,3.542732E+9
6.830000,-2.022044,-2.534706,-1.792661,-2.117018,3.542732E+9
6.835000,-1.974721,-2.444661,-1.838012,-2.133121,3.542732E+9
6.840000,-1.979322,-2.438089,-1.844913,-2.276732,3.542732E+9
6.845000,-1.977679,-2.368419,-1.902752,-2.564611,3.542732E+9
6.850000,-2.268516,-2.555738,-2.103544,-2.979998,3.542732E+9
6.855000,-2.314853,-2.703621,-2.402268,-3.049339,3.542732E+9
6.860000,-2.561982,-2.802210,-2.668129,-3.202809,3.542732E+9
6.865000,-2.512687,-2.833101,-2.706579,-3.184406,3.542732E+9
6.870000,-2.563954,-2.825543,-2.472923,-3.153515,3.542732E+9
6.875000,-2.421000,-2.792351,-2.289877,-2.926760,3.542732E+9
6.880000,-2.401282,-2.787422,-2.051621,-2.650712,3.542732E+9
6.885000,-2.304994,-2.704278,-1.863973,-2.390109,3.542732E+9
6.890000,-2.252742,-2.595502,-1.775243,-2.379592,3.542732E+9
6.895000,-2.114389,-2.496913,-1.768014,-2.043076,3.542732E+9
6.900000,-2.037489,-2.437103,-1.804491,-2.033217,3.542732E+9
6.905000,-1.987209,-2.331613,-1.777872,-1.999040,3.542732E+9
6.910000,-2.002326,-2.298750,-1.899465,-2.001012,3.542732E+9
6.915000,-1.978336,-2.217250,-1.799562,-1.975707,3.542732E+9
6.920000,-1.994439,-2.152838,-1.821251,-1.984909,3.542732E+9
6.925000,-1.895193,-2.084483,-1.840969,-2.031903,3.542732E+9
6.930000,-1.934957,-2.066080,-1.895193,-2.063451,3.542732E+9
6.935000,-1.809421,-1.898808,-1.909981,-2.106502,3.542732E+9
6.940000,-1.860358,-1.911953,-1.909653,-2.174199,3.542732E+9
6.945000,-1.721020,-1.833082,-1.844913,-2.140350,3.542732E+9
6.950000,-1.761770,-1.751582,-1.806135,-2.106173,3.542732E+9
6.955000,-1.635905,-1.657923,-1.755526,-1.905052,3.542732E+9
6.960000,-1.526800,-1.547503,-1.704917,-1.784116,3.542732E+9
6.965000,-1.414080,-1.418024,-1.611586,-1.672711,3.542732E+9
6.970000,-1.364457,-1.309905,-1.593840,-1.738108,3.542732E+9
6.975000,-1.272441,-1.278356,-1.559663,-1.541260,3.542732E+9
6.980000,-1.332909,-1.332252,-1.616516,-1.519899,3.542732E+9
6.985000,-1.349012,-1.332580,-1.602056,-1.556048,3.542732E+9
6.990000,-1.363800,-1.396663,-1.711818,-1.624731,3.542732E+9
6.995000,-1.437413,-1.393377,-1.639520,-1.699001,3.542732E+9
7.000000,-1.473891,-1.477177,-1.711489,-1.776229,3.542732E+9
7.005000,-1.447929,-1.396006,-1.708532,-1.857401,3.542732E+9
7.010000,-1.525157,-1.418024,-1.764070,-1.933971,3.542732E+9
7.015000,-1.474876,-1.421967,-1.797919,-1.985237,3.542732E+9
7.020000,-1.531072,-1.428211,-1.841298,-2.026973,3.542732E+9
7.025000,-1.489665,-1.407508,-1.818622,-1.985895,3.542732E+9
7.030000,-1.511354,-1.411451,-1.848528,-1.927070,3.542732E+9
7.035000,-1.436756,-1.386804,-1.736465,-1.821251,3.542732E+9
7.040000,-1.434455,-1.362814,-1.722991,-1.756183,3.542732E+9
7.045000,-1.383846,-1.352627,-1.626374,-1.663838,3.542732E+9
7.050000,-1.388118,-1.331266,-1.659566,-1.604356,3.542732E+9
7.055000,-1.364129,-1.316149,-1.542574,-1.584310,3.542732E+9
7.060000,-1.399949,-1.401921,-1.552104,-1.586610,3.542732E+9
7.065000,-1.386475,-1.351312,-1.577737,-1.640177,3.542732E+9
7.070000,-1.475205,-1.394362,-1.659895,-1.702616,3.542732E+9
7.075000,-1.465675,-1.384832,-1.749939,-1.748953,3.542732E+9
7.080000,-1.557691,-1.407179,-1.810407,-1.829467,3.542732E+9
7.085000,-1.637876,-1.452530,-1.866931,-1.899137,3.542732E+9
7.090000,-1.908995,-1.593512,-2.061808,-2.006598,3.542732E+9
7.095000,-2.355274,-1.823881,-2.244197,-2.113074,3.542732E+9
7.100000,-2.919531,-2.326355,-2.579399,-2.340157,3.542732E+9
7.105000,-2.909343,-2.601746,-2.884696,-2.749958,3.542732E+9
7.110000,-2.986242,-2.508744,-3.132811,-3.105535,3.542732E+9
7.115000,-2.934976,-2.323726,-3.072672,-3.347735,3.542732E+9
7.120000,-2.770004,-2.068052,-3.046053,-3.367124,3.542732E+9
7.125000,-2.722353,-2.259643,-2.855448,-3.205438,3.542732E+9
7.130000,-2.736484,-2.292177,-2.656627,-2.928732,3.542732E+9
7.135000,-2.678317,-2.177157,-2.488369,-2.533062,3.542732E+9
7.140000,-2.745357,-2.171242,-2.399639,-2.226123,3.542732E+9
7.145000,-2.571183,-2.095328,-2.301707,-2.056221,3.542732E+9
7.150000,-2.713809,-2.166312,-2.248798,-2.019415,3.542732E+9
7.155000,-2.672401,-2.206405,-2.276403,-1.941530,3.542732E+9
7.160000,-2.688833,-2.114060,-2.344429,-1.934957,3.542732E+9
7.165000,-2.663857,-2.114060,-2.316824,-2.059179,3.542732E+9
7.170000,-2.768690,-2.132135,-2.410812,-2.325369,3.542732E+9
7.175000,-2.781506,-2.203119,-2.474895,-2.535034,3.542732E+9
7.180000,-2.890611,-2.320111,-2.611605,-2.797280,3.542732E+9
7.185000,-2.971783,-2.410155,-2.719395,-2.886668,3.542732E+9
7.190000,-3.076616,-2.441046,-2.844603,-2.857748,3.542732E+9
7.195000,-2.992158,-2.438746,-2.699349,-2.690147,3.542732E+9
7.200000,-2.992158,-2.419685,-2.611276,-2.435131,3.542732E+9
7.205000,-2.839345,-2.358560,-2.310580,-2.264244,3.542732E+9
7.210000,-2.789393,-2.335885,-2.104858,-2.121290,3.542732E+9
7.215000,-2.561982,-2.210348,-2.053921,-1.943830,3.542732E+9
7.220000,-2.506772,-2.165655,-2.019086,-1.827167,3.542732E+9
7.225000,-2.408840,-2.053921,-1.974064,-1.823552,3.542732E+9
7.230000,-2.413770,-2.083169,-1.942844,-1.883034,3.542732E+9
7.235000,-2.260957,-2.036504,-1.909653,-1.860687,3.542732E+9
7.240000,-2.250113,-1.929370,-1.922798,-1.904723,3.542732E+9
7.245000,-2.150867,-1.888292,-1.888949,-1.904395,3.542732E+9
7.250000,-2.092042,-1.821251,-1.908338,-1.974721,3.542732E+9
7.255000,-1.940872,-1.730878,-1.886977,-1.971435,3.542732E+9
7.260000,-1.887963,-1.680270,-1.924441,-2.061808,3.542732E+9
7.265000,-1.781487,-1.616187,-1.905381,-1.957633,3.542732E+9
7.270000,-1.768671,-1.622431,-1.872846,-2.008241,3.542732E+9
7.275000,-1.641820,-1.561963,-1.782802,-1.895522,3.542732E+9
7.280000,-1.593840,-1.524499,-1.818294,-1.799891,3.542732E+9
7.285000,-1.479806,-1.410794,-1.661866,-1.754540,3.542732E+9
7.290000,-1.450558,-1.167280,-1.614215,-1.688485,3.542732E+9
7.295000,-1.332252,-1.290844,-1.598770,-1.637548,3.542732E+9
7.300000,-1.376945,-1.314506,-1.588582,-1.618159,3.542732E+9
7.305000,-1.366758,-1.340796,-1.593512,-1.623417,3.542732E+9
7.310000,-1.462060,-1.360514,-1.656280,-1.675012,3.542732E+9
7.315000,-1.431497,-1.364786,-1.673368,-1.667124,3.542732E+9
7.320000,-1.449901,-1.378588,-1.863645,-1.734165,3.542732E+9
7.325000,-1.405864,-1.385818,-1.697687,-1.798905,3.542732E+9
7.330000,-1.473891,-1.376945,-1.738766,-1.947445,3.542732E+9
7.335000,-1.425254,-1.392062,-1.750925,-1.860687,3.542732E+9
7.340000,-1.489008,-1.424268,-1.655622,-1.857401,3.542732E+9
7.345000,-1.473233,-1.406193,-1.799233,-1.957633,3.542732E+9
7.350000,-1.525485,-1.431169,-1.852143,-1.964205,3.542732E+9
7.355000,-1.436756,-1.388447,-1.757169,-1.893879,3.542732E+9
7.360000,-1.480463,-1.421310,-1.753225,-1.818951,3.542732E+9
7.365000,-1.387790,-1.367415,-1.678298,-1.725949,3.542732E+9
7.370000,-1.456802,-1.349340,-1.651679,-1.708860,3.542732E+9
7.375000,-1.361828,-1.327979,-1.584967,-1.630318,3.542732E+9
7.380000,-1.359199,-1.329622,-1.468961,-1.595483,3.542732E+9
7.385000,-1.369715,-1.327322,-1.594497,-1.616187,3.542732E+9
7.390000,-1.419667,-1.351312,-1.652336,-1.735479,3.542732E+9
7.395000,-1.402578,-1.371030,-1.644449,-1.716090,3.542732E+9
7.400000,-1.427554,-1.406193,-1.855100,-1.761770,3.542732E+9
7.405000,-1.466989,-1.405207,-1.758155,-1.831110,3.542732E+9
7.410000,-1.551776,-1.479806,-1.813036,-1.916225,3.542732E+9
7.415000,-1.534030,-1.601727,-1.783131,-2.049977,3.542732E+9
7.420000,-1.702945,-1.923455,-1.852471,-2.243540,3.542732E+9
7.425000,-2.026316,-2.465365,-1.952375,-2.563954,3.542732E+9
7.430000,-2.646111,-2.817327,-2.327012,-2.976384,3.542732E+9
7.435000,-2.807139,-2.867607,-2.804510,-3.236330,3.542732E+9
7.440000,-2.715123,-2.915916,-3.102249,-3.569560,3.542732E+9
7.445000,-2.434802,-2.665500,-2.961267,-3.800587,3.542732E+9
7.450000,-2.362832,-2.529119,-2.860706,-4.029642,3.542732E+9
7.455000,-2.344429,-2.417713,-2.723667,-3.469000,3.542732E+9
7.460000,-2.245183,-2.424615,-2.541935,-3.036523,3.542732E+9
7.465000,-2.316167,-2.529119,-2.295792,-2.698692,3.542732E+9
7.470000,-2.247155,-2.501185,-2.183729,-2.492641,3.542732E+9
7.475000,-2.158096,-2.472923,-1.997397,-2.332598,3.542732E+9
7.480000,-2.189973,-2.526818,-1.955989,-2.229738,3.542732E+9
7.485000,-2.067395,-2.480153,-1.971435,-2.296121,3.542732E+9
7.490000,-2.172227,-2.571183,-1.945145,-2.335885,3.542732E+9
7.495000,-2.010213,-2.375320,-1.933314,-2.399968,3.542732E+9
7.500000,-2.174199,-2.442032,-2.020401,-2.594516,3.542732E+9
7.505000,-2.226451,-2.566254,-2.192602,-2.824228,3.542732E+9
7.510000,-2.474566,-2.668458,-2.448933,-3.110136,3.542732E+9
7.515000,-2.497570,-2.787093,-2.619492,-3.060184,3.542732E+9
7.520000,-2.578413,-2.775262,-2.648740,-3.141356,3.542732E+9
7.525000,-2.465693,-2.779206,-2.479824,-2.995115,3.542732E+9
7.530000,-2.482125,-2.760145,-2.090070,-2.806153,3.542732E+9
7.535000,-2.400296,-2.726296,-2.024016,-2.515316,3.542732E+9
7.540000,-2.313867,-2.613577,-1.906038,-2.306965,3.542732E+9
7.545000,-2.196875,-2.508415,-1.814350,-2.145608,3.542732E+9
7.550000,-2.154153,-2.426915,-1.831768,-2.229738,3.542732E+9
7.555000,-2.002655,-2.288234,-1.834068,-2.000683,3.542732E+9
7.560000,-2.029274,-2.315510,-1.870874,-2.052935,3.542732E+9
7.565000,-1.972092,-2.231709,-1.867588,-2.015143,3.542732E+9
7.570000,-2.010213,-2.191288,-1.881391,-1.995754,3.542732E+9
7.575000,-1.935943,-2.088427,-1.812379,-2.016129,3.542732E+9
7.580000,-1.944159,-2.034203,-1.859372,-2.009885,3.542732E+9
7.585000,-1.784774,-1.918197,-1.864302,-2.051621,3.542732E+9
7.590000,-1.852143,-1.937258,-1.898151,-2.067066,3.542732E+9
7.595000,-1.748953,-1.793318,-1.890592,-2.090727,3.542732E+9
7.600000,-1.722006,-1.767356,-1.882048,-2.047020,3.542732E+9
7.605000,-1.632947,-1.684213,-1.774258,-1.978993,3.542732E+9
7.610000,-1.657266,-1.594169,-1.725292,-1.980308,3.542732E+9
7.615000,-1.454173,-1.483421,-1.665481,-1.750925,3.542732E+9
7.620000,-1.443328,-1.396991,-1.628675,-1.655294,3.542732E+9
7.625000,-1.327979,-1.315163,-1.582010,-1.613558,3.542732E+9
7.630000,-1.330937,-1.314506,-1.612572,-1.586939,3.542732E+9
7.635000,-1.309905,-1.304975,-1.587596,-1.565249,3.542732E+9
7.640000,-1.381546,-1.505439,-1.687171,-1.622760,3.542732E+9
7.645000,-1.401592,-1.368729,-1.651679,-1.692758,3.542732E+9
7.650000,-1.460745,-1.400606,-1.775572,-1.747639,3.542732E+9
7.655000,-1.451872,-1.396334,-1.702945,-1.817965,3.542732E+9
7.660000,-1.472247,-1.401921,-1.787731,-1.840312,3.542732E+9
7.665000,-1.471919,-1.396991,-1.764399,-1.919183,3.542732E+9
7.670000,-1.540602,-1.447272,-1.792661,-1.979322,3.542732E+9
7.675000,-1.481449,-1.434127,-1.788389,-1.955661,3.542732E+9
7.680000,-1.575437,-1.408822,-1.805477,-1.998054,3.542732E+9
7.685000,-1.435441,-1.390747,-1.758812,-1.886649,3.542732E+9
7.690000,-1.470276,-1.384175,-1.730221,-1.812707,3.542732E+9
7.695000,-1.432483,-1.345397,-1.674026,-1.716747,3.542732E+9
7.700000,-1.404550,-1.351641,-1.644778,-1.721020,3.542732E+9
7.705000,-1.357885,-1.319764,-1.588911,-1.616187,3.542732E+9
7.710000,-1.432155,-1.356570,-1.753883,-1.621774,3.542732E+9
7.715000,-1.393705,-1.351641,-1.599756,-1.647407,3.542732E+9
7.720000,-1.430840,-1.366758,-1.650364,-1.668110,3.542732E+9
7.725000,-1.426897,-1.366758,-1.654308,-1.744352,3.542732E+9
7.730000,-1.496237,-1.413752,-1.719705,-1.786745,3.542732E+9
7.735000,-1.470933,-1.401921,-1.758155,-1.789703,3.542732E+9
7.740000,-1.638205,-1.459431,-1.838669,-1.920169,3.542732E+9
7.745000,-1.730221,-1.591540,-1.917211,-1.978665,3.542732E+9
7.750000,-2.124905,-1.842284,-2.105187,-2.130492,3.542732E+9
7.755000,-2.631980,-2.237296,-2.371048,-2.335885,3.542732E+9
7.760000,-2.822585,-2.675359,-2.765403,-2.774276,3.542732E+9
7.765000,-2.895869,-2.734841,-3.014176,-3.175533,3.542732E+9
7.770000,-2.945821,-2.650054,-3.108164,-3.573175,3.542732E+9
7.775000,-2.694091,-2.408840,-3.010890,-3.667492,3.542732E+9
7.780000,-2.537992,-2.368748,-2.975398,-3.515665,3.542732E+9
7.785000,-2.530762,-2.347715,-2.648740,-3.252432,3.542732E+9
7.790000,-2.502171,-2.321754,-2.427244,-2.857420,3.542732E+9
7.795000,-2.487383,-2.216921,-2.322411,-2.399310,3.542732E+9
7.800000,-2.447290,-2.182415,-2.240911,-2.113074,3.542732E+9
7.805000,-2.433488,-2.211663,-2.140679,-2.004627,3.542732E+9
7.810000,-2.637567,-2.315510,-2.131149,-1.944816,3.542732E+9
7.815000,-2.420343,-2.212320,-2.144623,-1.889935,3.542732E+9
7.820000,-2.481139,-2.189316,-2.117346,-1.976693,3.542732E+9
7.825000,-2.420343,-2.179457,-2.164669,-2.193260,3.542732E+9
7.830000,-2.559024,-2.209363,-2.410484,-2.530433,3.542732E+9
7.835000,-2.589258,-2.323068,-2.410812,-2.791365,3.542732E+9
7.840000,-2.793008,-2.438746,-2.656298,-2.980984,3.542732E+9
7.845000,-2.805825,-2.527147,-2.731555,-3.030279,3.542732E+9
7.850000,-2.849204,-2.547851,-2.725639,-3.049011,3.542732E+9
7.855000,-2.805496,-2.561982,-2.611933,-2.677002,3.542732E+9
7.860000,-2.751601,-2.528790,-2.392080,-2.464707,3.542732E+9
7.865000,-2.648083,-2.419685,-2.091385,-2.234338,3.542732E+9
7.870000,-2.531419,-2.349030,-2.070024,-2.089741,3.542732E+9
7.875000,-2.329312,-2.245512,-1.934957,-1.917211,3.542732E+9
7.880000,-2.350344,-2.148566,-1.944487,-1.839655,3.542732E+9
7.885000,-2.262929,-2.121947,-1.894207,-1.885663,3.542732E+9
7.890000,-2.288891,-2.370719,-1.897493,-1.909653,3.542732E+9
7.895000,-2.173213,-2.055564,-1.899137,-1.927070,3.542732E+9
7.900000,-2.218564,-2.054250,-1.917540,-1.930356,3.542732E+9
7.905000,-2.069695,-1.952046,-1.903409,-1.990495,3.542732E+9
7.910000,-2.300393,-1.898808,-1.893221,-2.038147,3.542732E+9
7.915000,-1.924441,-1.815336,-1.907024,-2.037818,3.542732E+9
7.920000,-1.944816,-1.759798,-1.923784,-2.027302,3.542732E+9
7.925000,-1.811064,-1.697358,-1.874161,-1.997397,3.542732E+9
7.930000,-1.788389,-1.664495,-1.922141,-1.984580,3.542732E+9
7.935000,-1.656608,-1.609614,-1.781816,-1.864631,3.542732E+9
7.940000,-1.599098,-1.514969,-1.743695,-1.845241,3.542732E+9
7.945000,-1.482106,-1.434784,-1.646749,-1.741066,3.542732E+9
7.950000,-1.428211,-1.408822,-1.635247,-1.704260,3.542732E+9
7.955000,-1.325022,-1.284600,-1.584639,-1.629003,3.542732E+9
7.960000,-1.361171,-1.319435,-1.658251,-1.591211,3.542732E+9
7.965000,-1.330280,-1.318120,-1.593840,-1.605999,3.542732E+9
7.970000,-1.458445,-1.582995,-1.668439,-1.618816,3.542732E+9
7.975000,-1.415723,-1.369387,-1.669096,-1.698344,3.542732E+9
7.980000,-1.440699,-1.405207,-1.688485,-1.748296,3.542732E+9
7.985000,-1.434455,-1.390090,-1.698344,-1.823223,3.542732E+9
7.990000,-1.537645,-1.391405,-1.753554,-1.923784,3.542732E+9
7.995000,-1.464360,-1.411122,-1.765385,-1.898808,3.542732E+9
8.000000,-1.510040,-1.409151,-1.825195,-1.930028,3.542732E+9
8.005000,-1.484078,-1.414737,-1.795290,-1.963877,3.542732E+9
8.010000,-1.491308,-1.421310,-1.793975,-2.028616,3.542732E+9
8.015000,-1.462717,-1.383846,-1.750925,-1.864631,3.542732E+9
8.020000,-1.439713,-1.390090,-1.998054,-1.808435,3.542732E+9
8.025000,-1.384832,-1.354598,-1.654637,-1.715104,3.542732E+9
8.030000,-1.443985,-1.341453,-1.657266,-1.648721,3.542732E+9
8.035000,-1.348354,-1.308919,-1.596798,-1.628675,3.542732E+9
8.040000,-1.356241,-1.370044,-1.584310,-1.588253,3.542732E+9
8.045000,-1.384832,-1.332909,-1.589239,-1.602713,3.542732E+9
8.050000,-1.487036,-1.360842,-1.633604,-1.726606,3.542732E+9
8.055000,-1.405207,-1.381546,-1.649378,-1.720034,3.542732E+9
8.060000,-1.466989,-1.390419,-1.801205,-1.748953,3.542732E+9
8.065000,-1.468633,-1.436756,-1.764727,-1.863645,3.542732E+9
8.070000,-1.534687,-1.528114,-1.808764,-2.089084,3.542732E+9
8.075000,-1.631633,-1.730878,-1.823223,-2.147580,3.542732E+9
8.080000,-1.851157,-2.180443,-1.911296,-2.389780,3.542732E+9
8.085000,-2.352974,-2.771319,-2.102887,-2.753901,3.542732E+9
8.090000,-2.820613,-2.863335,-2.613905,-3.111122,3.542732E+9
8.095000,-2.780192,-2.915916,-2.993472,-3.438766,3.542732E+9
8.100000,-2.654327,-2.898827,-3.057555,-3.725002,3.542732E+9
8.105000,-2.341471,-2.653998,-2.911644,-3.921194,3.542732E+9
8.110000,-2.549494,-2.552123,-2.835730,-3.843638,3.542732E+9
8.115000,-2.331613,-2.456820,-2.680617,-3.258676,3.542732E+9
8.120000,-2.354945,-2.415084,-2.482453,-2.888311,3.542732E+9
8.125000,-2.276732,-2.477195,-2.260300,-2.569540,3.542732E+9
8.130000,-2.210348,-2.379921,-2.101244,-2.369734,3.542732E+9
8.135000,-2.156782,-2.435131,-1.954675,-2.207062,3.542732E+9
8.140000,-2.129506,-2.433159,-1.918854,-2.288562,3.542732E+9
8.145000,-2.115375,-2.423629,-1.948431,-2.145937,3.542732E+9
8.150000,-2.139693,-2.429873,-1.930028,-2.285276,3.542732E+9
8.155000,-2.048334,-2.307623,-1.925427,-2.398982,3.542732E+9
8.160000,-2.215278,-2.462736,-2.221522,-2.630994,3.542732E+9
8.165000,-2.314195,-2.567897,-2.333913,-2.894883,3.542732E+9
8.170000,-2.583343,-2.703621,-2.611933,-3.080888,3.542732E+9
8.175000,-2.550151,-2.729583,-2.707565,-3.084831,3.542732E+9
8.180000,-2.603718,-2.725639,-2.666815,-3.021406,3.542732E+9
8.185000,-2.469637,-2.695734,-2.420014,-2.901456,3.542732E+9
8.190000,-2.523861,-2.795637,-2.170913,-2.675688,3.542732E+9
8.195000,-2.392080,-2.636909,-1.965191,-2.373020,3.542732E+9
8.200000,-2.298421,-2.555081,-1.845570,-2.189973,3.542732E+9
8.205000,-2.184715,-2.427572,-1.851814,-2.050306,3.542732E+9
8.210000,-2.228423,-2.313867,-1.836040,-2.048991,3.542732E+9
8.215000,-2.022701,-2.228752,-1.817308,-1.954018,3.542732E+9
8.220000,-2.091056,-2.201804,-1.835054,-1.976036,3.542732E+9
8.225000,-1.955004,-2.114717,-1.793975,-1.915568,3.542732E+9
8.230000,-1.989181,-2.060493,-1.977350,-1.955332,3.542732E+9
8.235000,-1.888620,-1.977022,-1.817637,-1.939887,3.542732E+9
8.240000,-1.823223,-1.896836,-1.881719,-1.978008,3.542732E+9
8.245000,-1.775243,-1.815993,-1.863645,-2.039133,3.542732E+9
8.250000,-1.827824,-2.008570,-1.914582,-2.164340,3.542732E+9
8.255000,-1.712475,-1.735808,-1.882376,-2.108802,3.542732E+9
8.260000,-1.690457,-1.735808,-1.818622,-2.011528,3.542732E+9
8.265000,-1.626374,-1.644449,-1.772614,-1.957961,3.542732E+9
8.270000,-1.595812,-1.545860,-1.770971,-1.847542,3.542732E+9
8.275000,-1.424268,-1.456802,-1.647735,-1.715104,3.542732E+9
8.280000,-1.393048,-1.402578,-1.621116,-1.619145,3.542732E+9
8.285000,-1.304975,-1.298074,-1.570179,-1.578395,3.542732E+9
8.290000,-1.348683,-1.322064,-1.574780,-1.573794,3.542732E+9
8.295000,-1.339810,-1.327322,-1.601727,-1.572151,3.542732E+9
8.300000,-1.444643,-1.360842,-1.661866,-1.629332,3.542732E+9
8.305000,-1.427554,-1.352298,-1.652665,-1.676326,3.542732E+9
8.310000,-1.481120,-1.386147,-1.712147,-1.802520,3.542732E+9
8.315000,-1.424596,-1.402907,-1.690128,-1.838669,3.542732E+9
8.320000,-1.475534,-1.403564,-1.778530,-1.941201,3.542732E+9
8.325000,-1.497552,-1.424268,-1.782145,-1.924112,3.542732E+9
8.330000,-1.502481,-1.450229,-2.005284,-1.970449,3.542732E+9
8.335000,-1.479806,-1.408822,-1.789046,-1.968806,3.542732E+9
8.340000,-1.477506,-1.390747,-1.831768,-1.902752,3.542732E+9
8.345000,-1.432812,-1.390747,-1.743695,-1.838340,3.542732E+9
8.350000,-1.478491,-1.398635,-1.727921,-1.783131,3.542732E+9
8.355000,-1.391076,-1.352298,-1.668768,-1.698016,3.542732E+9
8.360000,-1.463046,-1.347040,-1.620459,-1.674354,3.542732E+9
8.365000,-1.360842,-1.322064,-1.582010,-1.617173,3.542732E+9
8.370000,-1.437413,-1.348026,-1.599098,-1.639520,3.542732E+9
8.375000,-1.387790,-1.340796,-1.594826,-1.642477,3.542732E+9
8.380000,-1.438070,-1.364786,-1.662852,-1.827824,3.542732E+9
8.385000,-1.450229,-1.383846,-1.680927,-1.738437,3.542732E+9
8.390000,-1.510368,-1.410137,-1.765385,-1.787731,3.542732E+9
8.395000,-1.565249,-1.430183,-1.817965,-1.833411,3.542732E+9
8.400000,-1.821580,-1.532715,-1.987866,-1.902094,3.542732E+9
8.405000,-2.116032,-1.740409,-2.120633,-2.025659,3.542732E+9
8.410000,-2.787093,-2.213635,-2.428887,-2.221193,3.542732E+9
8.415000,-2.839016,-2.539306,-2.760474,-2.593859,3.542732E+9
8.420000,-2.999716,-2.567897,-3.005303,-3.037837,3.542732E+9
8.425000,-2.989529,-2.467994,-3.060513,-3.325060,3.542732E+9
8.430000,-2.810426,-2.246498,-3.050654,-3.485102,3.542732E+9
8.435000,-2.735498,-2.292177,-2.925446,-3.369096,3.542732E+9
8.440000,-2.767047,-2.355603,-2.787422,-3.081545,3.542732E+9
8.445000,-2.666815,-2.238611,-2.539635,-2.747000,3.542732E+9
8.450000,-2.720381,-2.441375,-2.436117,-2.443018,3.542732E+9
8.455000,-2.561325,-2.146266,-2.306637,-2.151524,3.542732E+9
8.460000,-2.600103,-2.174856,-2.475881,-2.014485,3.542732E+9
8.465000,-2.607333,-2.253399,-2.251756,-1.922469,3.542732E+9
8.470000,-2.617849,-2.138707,-2.283304,-1.905052,3.542732E+9
8.475000,-2.587943,-2.134435,-2.234338,-1.993125,3.542732E+9
8.480000,-2.646768,-2.140350,-2.293492,-2.127205,3.542732E+9
8.485000,-2.650054,-2.177814,-2.380578,-2.402925,3.542732E+9
8.490000,-2.835073,-2.328984,-2.508087,-2.709865,3.542732E+9
8.495000,-2.887325,-2.409498,-2.651369,-2.859063,3.542732E+9
8.500000,-3.245860,-2.487383,-2.724653,-2.825214,3.542732E+9
8.505000,-2.929718,-2.480153,-2.690147,-2.756859,3.542732E+9
8.510000,-3.012861,-2.465036,-2.569540,-2.621792,3.542732E+9
8.515000,-2.808125,-2.385836,-2.347058,-2.321754,3.542732E+9
8.520000,-2.735498,-2.323068,-2.153824,-2.163026,3.542732E+9
8.525000,-2.547851,-2.243211,-2.013171,-1.989181,3.542732E+9
8.530000,-2.510387,-2.189316,-2.017114,-1.918197,3.542732E+9
8.535000,-2.352974,-2.101901,-1.974064,-1.826510,3.542732E+9
8.540000,-2.328655,-2.072653,-1.959604,-1.868245,3.542732E+9
8.545000,-2.238282,-2.068052,-1.907024,-1.872189,3.542732E+9
8.550000,-2.210020,-2.015800,-1.886320,-1.957961,3.542732E+9
8.555000,-2.138707,-1.932985,-1.866274,-1.903737,3.542732E+9
8.560000,-2.092699,-1.862659,-1.954346,-1.880733,3.542732E+9
8.565000,-1.955004,-1.764070,-1.874161,-1.961247,3.542732E+9
8.570000,-1.960590,-1.747639,-1.935943,-1.993453,3.542732E+9
8.575000,-1.820266,-1.671397,-1.902752,-1.971106,3.542732E+9
8.580000,-1.828153,-1.673040,-1.894207,-1.941201,3.542732E+9
8.585000,-1.693086,-1.583981,-1.803834,-1.902094,3.542732E+9
8.590000,-1.685199,-1.584639,-1.758155,-1.836040,3.542732E+9
8.595000,-1.512012,-1.444643,-1.686842,-1.766699,3.542732E+9
8.600000,-1.489336,-1.377931,-1.637548,-1.740737,3.542732E+9
8.605000,-1.339810,-1.313520,-1.589239,-1.660881,3.542732E+9
8.610000,-1.386147,-1.292487,-1.662852,-1.645106,3.542732E+9
8.615000,-1.366429,-1.315163,-1.582010,-1.623088,3.542732E+9
8.620000,-1.391405,-1.359856,-1.656280,-1.679284,3.542732E+9
8.625000,-1.423610,-1.370701,-1.675012,-1.659895,3.542732E+9
8.630000,-1.476520,-1.413094,-1.758155,-1.735151,3.542732E+9
8.635000,-1.427554,-1.392719,-1.704917,-1.777872,3.542732E+9
8.640000,-1.482435,-1.400606,-1.746324,-1.816979,3.542732E+9
8.645000,-1.446614,-1.389104,-1.728249,-1.867260,3.542732E+9
8.650000,-1.482764,-1.447272,-1.765713,-1.885991,3.542732E+9
8.655000,-1.452530,-1.416709,-1.791346,-1.897493,3.542732E+9
8.660000,-1.545860,-1.412108,-1.812050,-1.981294,3.542732E+9
8.665000,-1.443328,-1.409151,-1.762427,-1.896836,3.542732E+9
8.670000,-1.485393,-1.380889,-1.751582,-1.861016,3.542732E+9
8.675000,-1.410794,-1.375959,-1.708532,-1.773929,3.542732E+9
8.680000,-1.390747,-1.360185,-1.702616,-1.733508,3.542732E+9
8.685000,-1.384832,-1.335866,-1.611915,-1.635905,3.542732E+9
8.690000,-1.395348,-1.365114,-1.591540,-1.648064,3.542732E+9
8.695000,-1.345397,-1.342768,-1.577080,-1.619145,3.542732E+9
8.700000,-1.472247,-1.362814,-1.673697,-1.609943,3.542732E+9
8.705000,-1.390090,-1.370372,-1.658251,-1.717405,3.542732E+9
8.710000,-1.473891,-1.470933,-1.694729,-1.796604,3.542732E+9
8.715000,-1.456145,-1.500510,-1.755854,-1.899137,3.542732E+9
8.720000,-1.610929,-1.675997,-1.809749,-2.130163,3.542732E+9
8.725000,-1.708532,-2.072653,-1.819608,-2.335228,3.542732E+9
8.730000,-2.260300,-2.769347,-1.967820,-2.763760,3.542732E+9
8.735000,-2.620806,-2.892583,-2.390109,-3.088118,3.542732E+9
8.740000,-2.745686,-2.927089,-2.874837,-3.560030,3.542732E+9
8.745000,-2.565597,-2.856434,-2.963896,-3.671107,3.542732E+9
8.750000,-2.272788,-2.697048,-2.856762,-3.931711,3.542732E+9
8.755000,-2.266873,-2.517945,-2.694091,-3.772982,3.542732E+9
8.760000,-2.281332,-2.406540,-2.562968,-3.252761,3.542732E+9
8.765000,-2.115375,-2.331613,-2.303679,-2.787750,3.542732E+9
8.770000,-2.241240,-2.568883,-2.144951,-2.436117,3.542732E+9
8.775000,-2.018100,-2.399639,-1.957961,-2.226451,3.542732E+9
8.780000,-2.124905,-2.486068,-1.830124,-2.106173,3.542732E+9
8.785000,-2.042748,-2.506443,-1.819608,-2.119318,3.542732E+9
8.790000,-2.105187,-2.495270,-1.856415,-2.282975,3.542732E+9
8.795000,-2.030588,-2.485083,-1.853457,-2.322082,3.542732E+9
8.800000,-2.096314,-2.447290,-1.914254,-2.562639,3.542732E+9
8.805000,-2.165655,-2.567568,-2.066080,-2.799252,3.542732E+9
8.810000,-2.380907,-2.744371,-2.353302,-3.060841,3.542732E+9
8.815000,-2.516631,-2.867607,-2.571183,-3.139712,3.542732E+9
8.820000,-2.553437,-2.896855,-2.693762,-3.557401,3.542732E+9
8.825000,-2.519260,-2.873194,-2.593859,-3.130182,3.542732E+9
8.830000,-2.510058,-2.950422,-2.404240,-3.054269,3.542732E+9
8.835000,-2.402268,-2.808454,-2.144294,-2.649397,3.542732E+9
8.840000,-2.369076,-2.779863,-2.279689,-2.436117,3.542732E+9
8.845000,-2.256685,-2.641839,-1.799233,-2.214949,3.542732E+9
8.850000,-2.101901,-2.542921,-1.776558,-2.088427,3.542732E+9
8.855000,-2.032889,-2.397667,-1.764070,-2.019415,3.542732E+9
8.860000,-2.080211,-2.361847,-1.824209,-1.973078,3.542732E+9
8.865000,-1.985566,-2.310580,-1.825852,-1.976693,3.542732E+9
8.870000,-2.061808,-2.304665,-1.795290,-1.991810,3.542732E+9
8.875000,-1.980308,-2.193260,-1.768671,-2.000026,3.542732E+9
8.880000,-1.678955,-2.093356,-1.814022,-1.952375,3.542732E+9
8.885000,-1.836040,-1.971106,-1.849842,-1.969792,3.542732E+9
8.890000,-1.891578,-1.891249,-1.884677,-2.076268,3.542732E+9
8.895000,-1.745010,-1.831110,-1.873832,-2.089084,3.542732E+9
8.900000,-1.734493,-1.772614,-1.901437,-2.125233,3.542732E+9
8.905000,-1.674683,-1.705574,-1.830124,-2.060165,3.542732E+9
8.910000,-1.647078,-1.652665,-1.826838,-2.031903,3.542732E+9
8.915000,-1.541260,-1.551118,-1.725620,-1.832754,3.542732E+9
8.920000,-1.465675,-1.480463,-1.649050,-1.754211,3.542732E+9
8.925000,-1.329294,-1.328965,-1.573794,-1.655951,3.542732E+9
8.930000,-1.343425,-1.281314,-1.631633,-1.582667,3.542732E+9
8.935000,-1.279671,-1.277042,-1.585953,-1.545203,3.542732E+9
8.940000,-1.361828,-1.363800,-1.622431,-1.515955,3.542732E+9
8.945000,-1.399292,-1.359528,-1.619802,-1.580038,3.542732E+9
8.950000,-1.470604,-1.375302,-1.648721,-1.612243,3.542732E+9
8.955000,-1.419338,-1.409479,-1.677969,-1.720691,3.542732E+9
8.960000,-1.510697,-1.379903,-1.733836,-1.805149,3.542732E+9
8.965000,-1.464360,-1.409808,-1.751582,-1.912610,3.542732E+9
8.970000,-1.496895,-1.420981,-1.795947,-2.074296,3.542732E+9
8.975000,-1.496237,-1.404879,-1.830782,-2.007584,3.542732E+9
8.980000,-1.510697,-1.459431,-1.845241,-2.036175,3.542732E+9
8.985000,-1.470604,-1.415395,-1.811393,-1.983266,3.542732E+9
8.990000,-1.483749,-1.370701,-1.827824,-1.881062,3.542732E+9
8.995000,-1.408822,-1.373002,-1.706231,-1.782473,3.542732E+9
9.000000,-1.394691,-1.397320,-1.657266,-1.649707,3.542732E+9
9.005000,-1.365443,-1.319435,-1.591211,-1.573137,3.542732E+9
9.010000,-1.451215,-1.326665,-1.567878,-1.427225,3.542732E+9
9.015000,-1.344411,-1.326665,-1.530086,-1.557362,3.542732E+9
9.020000,-1.407508,-1.333237,-1.580695,-1.616187,3.542732E+9
9.025000,-1.409479,-1.367415,-1.639520,-1.659566,3.542732E+9
9.030000,-1.494266,-1.394362,-1.733836,-1.807449,3.542732E+9
9.035000,-1.503139,-1.398306,-1.755526,-1.843270,3.542732E+9
9.040000,-1.586610,-1.482435,-1.848528,-1.927070,3.542732E+9
9.045000,-1.685528,-1.505768,-1.933643,-1.964205,3.542732E+9
9.050000,-2.080211,-1.717405,-2.190302,-2.062465,3.542732E+9
9.055000,-2.534706,-1.990495,-2.339171,-2.241240,3.542732E+9
9.060000,-2.992158,-2.540949,-2.732869,-2.476867,3.542732E+9
9.065000,-2.925446,-2.753901,-3.030936,-2.956009,3.542732E+9
9.070000,-3.115065,-2.578413,-3.199523,-3.392429,3.542732E+9
9.075000,-2.920845,-2.414427,-3.169618,-3.557072,3.542732E+9
9.080000,-2.769676,-2.248141,-3.076616,-3.552143,3.542732E+9
9.085000,-2.638552,-2.326026,-2.840331,-3.366467,3.542732E+9
9.090000,-2.604046,-2.262600,-2.623435,-3.035208,3.542732E+9
9.095000,-2.560010,-2.169927,-2.423629,-2.533720,3.542732E+9
9.100000,-2.530762,-2.288234,-2.363490,-2.220207,3.542732E+9
9.105000,-2.466679,-2.140022,-2.193588,-2.070024,3.542732E+9
9.110000,-2.573155,-2.253399,-2.267859,-1.966834,3.542732E+9
9.115000,-2.470294,-2.176171,-2.213963,-1.879419,3.542732E+9
9.120000,-2.526161,-2.103873,-2.271473,-1.893550,3.542732E+9
9.125000,-2.466022,-2.128520,-2.207391,-2.092042,3.542732E+9
9.130000,-2.598460,-2.336871,-2.265229,-2.404897,3.542732E+9
9.135000,-2.591887,-2.264901,-2.430530,-2.683903,3.542732E+9
9.140000,-2.797938,-2.388137,-2.644139,-2.874508,3.542732E+9
9.145000,-2.904085,-2.507429,-2.786107,-3.038823,3.542732E+9
9.150000,-2.980656,-2.604375,-2.778220,-3.057884,3.542732E+9
9.155000,-2.891926,-2.584000,-2.695077,-2.822914,3.542732E+9
9.160000,-2.922488,-2.485411,-2.525504,-2.616863,3.542732E+9
9.165000,-2.742399,-2.458464,-2.260300,-2.349359,3.542732E+9
9.170000,-2.700006,-2.359217,-2.061808,-2.181758,3.542732E+9
9.175000,-2.442361,-2.275417,-1.972421,-1.965191,3.542732E+9
9.180000,-2.441046,-2.205090,-1.971435,-1.870546,3.542732E+9
9.185000,-2.293820,-2.133449,-1.938901,-1.838997,3.542732E+9
9.190000,-2.318139,-2.121947,-1.973735,-2.227437,3.542732E+9
9.195000,-2.196546,-2.077911,-1.926413,-1.891249,3.542732E+9
9.200000,-2.230395,-2.175514,-1.927070,-1.981622,3.542732E+9
9.205000,-2.148566,-1.968477,-1.876461,-2.001340,3.542732E+9
9.210000,-2.078568,-1.909653,-2.180772,-2.067066,3.542732E+9
9.215000,-1.975707,-1.804820,-1.959604,-2.015143,3.542732E+9
9.220000,-2.150209,-1.744024,-2.006927,-2.026316,3.542732E+9
9.225000,-1.855758,-1.724306,-1.922141,-2.062465,3.542732E+9
9.230000,-1.823552,-1.909981,-1.891907,-1.993782,3.542732E+9
9.235000,-1.680927,-1.587268,-1.807778,-1.892564,3.542732E+9
9.240000,-1.702616,-1.580038,-1.779516,-1.768671,3.542732E+9
9.245000,-1.491637,-1.467318,-1.669096,-1.722663,3.542732E+9
9.250000,-1.513326,-1.383189,-1.597455,-1.718391,3.542732E+9
9.255000,-1.335538,-1.297745,-1.562949,-1.615530,3.542732E+9
9.260000,-1.359199,-1.285586,-1.594826,-1.574122,3.542732E+9
9.265000,-1.350326,-1.303004,-1.605342,-1.579052,3.542732E+9
9.270000,-1.432812,-1.369715,-1.666467,-1.616844,3.542732E+9
9.275000,-1.428868,-1.390419,-1.652008,-1.694401,3.542732E+9
9.280000,-1.448258,-1.436098,-1.710832,-1.781816,3.542732E+9
9.285000,-1.448586,-1.414737,-1.708860,-1.802191,3.542732E+9
9.290000,-1.467647,-1.400935,-1.799233,-1.839655,3.542732E+9
9.295000,-1.457788,-1.386475,-1.732522,-1.899137,3.542732E+9
9.300000,-1.488350,-1.494594,-1.799233,-1.909981,3.542732E+9
9.305000,-1.455159,-1.408165,-1.798576,-1.927727,3.542732E+9
9.310000,-1.515626,-1.414080,-1.809749,-1.909981,3.542732E+9
9.315000,-1.455159,-1.404221,-1.783788,-1.903080,3.542732E+9
9.320000,-1.482764,-1.395020,-1.744024,-1.846227,3.542732E+9
9.325000,-1.417038,-1.350326,-1.676983,-1.732193,3.542732E+9
9.330000,-1.440370,-1.345397,-1.710832,-1.687828,3.542732E+9
9.335000,-1.358542,-1.328637,-1.595155,-1.628346,3.542732E+9
9.340000,-1.427883,-1.316149,-1.568207,-1.634919,3.542732E+9
9.345000,-1.370701,-1.343425,-1.558348,-1.636891,3.542732E+9
9.350000,-1.423610,-1.384832,-1.694729,-1.651679,3.542732E+9
9.355000,-1.418024,-1.376288,-1.682570,-1.682241,3.542732E+9
9.360000,-1.457131,-1.419995,-1.712804,-1.720362,3.542732E+9
9.365000,-1.412766,-1.412766,-1.720362,-1.808435,3.542732E+9
9.370000,-1.520885,-1.393377,-1.748296,-1.897493,3.542732E+9
9.375000,-1.474548,-1.486050,-1.767028,-1.945802,3.542732E+9
9.380000,-1.640506,-1.674026,-1.827824,-2.109788,3.542732E+9
9.385000,-1.758483,-2.037489,-1.847213,-2.318139,3.542732E+9
9.390000,-2.269830,-2.700663,-2.009556,-2.659913,3.542732E+9
9.395000,-2.661228,-2.873851,-2.396353,-2.965867,3.542732E+9
9.400000,-2.809111,-2.960938,-2.862678,-3.336562,3.542732E+9
9.405000,-2.639538,-2.859063,-2.987557,-3.634958,3.542732E+9
9.410000,-2.393066,-2.684561,-2.949107,-3.818990,3.542732E+9
9.415000,-2.357903,-2.534048,-2.780192,-3.763781,3.542732E+9
9.420000,-2.416399,-2.747657,-2.734512,-3.314544,3.542732E+9
9.425000,-2.262929,-2.406540,-2.463393,-2.891597,3.542732E+9
9.430000,-2.337199,-2.569869,-2.278703,-2.615877,3.542732E+9
9.435000,-2.157439,-2.387480,-2.108145,-2.375649,3.542732E+9
9.440000,-2.266215,-2.445976,-1.961247,-2.479496,3.542732E+9
9.445000,-2.125562,-2.484097,-1.900122,-2.197861,3.542732E+9
9.450000,-2.183401,-2.482453,-1.943830,-2.274431,3.542732E+9
9.455000,-2.098286,-2.427244,-1.906366,-2.269830,3.542732E+9
9.460000,-2.100586,-2.362832,-1.909653,-2.413770,3.542732E+9
9.465000,-2.152181,-2.444661,-2.031245,-2.637895,3.542732E+9
9.470000,-2.340157,-2.590573,-2.283633,-3.276094,3.542732E+9
9.475000,-2.474895,-2.717752,-2.521560,-2.999716,3.542732E+9
9.480000,-2.572169,-2.649069,-2.655313,-3.160416,3.542732E+9
9.485000,-2.503814,-2.751930,-2.614891,-3.038166,3.542732E+9
9.490000,-2.471280,-2.775262,-2.431516,-2.965210,3.542732E+9
9.495000,-2.418042,-2.703950,-2.193588,-2.661885,3.542732E+9
9.500000,-2.450576,-2.718409,-2.114717,-2.423629,3.542732E+9
9.505000,-2.280018,-2.585314,-1.844584,-2.239925,3.542732E+9
9.510000,-2.279689,-2.510058,-1.829796,-2.109788,3.542732E+9
9.515000,-2.085141,-2.362175,-1.834397,-2.012514,3.542732E+9
9.520000,-2.066737,-2.392738,-1.862659,-1.942844,3.542732E+9
9.525000,-1.986881,-2.238611,-1.824538,-1.979322,3.542732E+9
9.530000,-2.052278,-2.247484,-1.792332,-2.003969,3.542732E+9
9.535000,-1.960919,-2.147580,-1.802191,-1.993125,3.542732E+9
9.540000,-1.961576,-2.043405,-1.856743,-2.183729,3.542732E+9
9.545000,-1.843927,-1.964205,-1.874489,-1.951717,3.542732E+9
9.550000,-1.873504,-1.865616,-1.882705,-2.069038,3.542732E+9
9.555000,-1.758155,-1.826838,-1.859372,-2.079554,3.542732E+9
9.560000,-1.768014,-1.781816,-1.913596,-2.093685,3.542732E+9
9.565000,-1.658580,-1.704588,-1.821580,-2.039461,3.542732E+9
9.570000,-1.682570,-1.653651,-1.800219,-2.096314,3.542732E+9
9.575000,-1.547175,-1.568536,-1.726278,-1.837683,3.542732E+9
9.580000,-1.472905,-1.510368,-1.686514,-1.753225,3.542732E+9
9.585000,-1.378588,-1.365114,-1.603042,-1.682570,3.542732E+9
9.590000,-1.219203,-1.318449,-1.670411,-1.605999,3.542732E+9
9.595000,-1.315820,-1.314834,-1.609614,-1.563606,3.542732E+9
9.600000,-1.368072,-1.359856,-1.629003,-1.557362,3.542732E+9
9.605000,-1.362157,-1.352955,-1.625717,-1.620459,3.542732E+9
9.610000,-1.433469,-1.392391,-1.648721,-1.681913,3.542732E+9
9.615000,-1.428868,-1.375302,-1.671725,-1.731536,3.542732E+9
9.620000,-1.501167,-1.385161,-1.703931,-1.854772,3.542732E+9
9.625000,-1.449572,-1.396334,-1.709518,-1.892564,3.542732E+9
9.630000,-1.529100,-1.430840,-1.831439,-1.954675,3.542732E+9
9.635000,-1.502810,-1.420324,-1.799562,-1.948431,3.542732E+9
9.640000,-1.526143,-1.444971,-1.842941,-2.006270,3.542732E+9
9.645000,-1.481120,-1.413423,-1.775243,-1.938572,3.542732E+9
9.650000,-1.488350,-1.424596,-1.837026,-1.872846,3.542732E+9
9.655000,-1.414080,-1.365114,-1.702945,-1.764070,3.542732E+9
9.660000,-1.440042,-1.353612,-1.698344,-1.662195,3.542732E+9
9.665000,-1.364457,-1.326336,-1.637219,-1.651022,3.542732E+9
9.670000,-1.401592,-1.352627,-1.586282,-1.620459,3.542732E+9
9.675000,-1.372016,-1.323707,-1.572808,-1.627360,3.542732E+9
9.680000,-1.463046,-1.346383,-1.623745,-1.710503,3.542732E+9
9.685000,-1.420653,-1.374645,-1.645764,-1.690128,3.542732E+9
9.690000,-1.502481,-1.390419,-1.720691,-1.753554,3.542732E+9
9.695000,-1.514641,-1.419995,-1.747310,-1.805806,3.542732E+9
9.700000,-1.602713,-1.485721,-1.823881,-1.924112,3.542732E+9
9.705000,-1.791346,-1.580695,-1.939887,-1.938572,3.542732E+9
9.710000,-2.219221,-1.829139,-2.259314,-2.112088,3.542732E+9
9.715000,-2.731226,-2.314524,-2.433816,-2.351002,3.542732E+9
9.720000,-2.848547,-2.631980,-2.783149,-2.709536,3.542732E+9
9.725000,-2.815684,-2.528790,-2.977698,-3.110793,3.542732E+9
9.730000,-2.885353,-2.421000,-3.061170,-3.378298,3.542732E+9
9.735000,-2.624750,-2.215278,-2.964553,-3.415761,3.542732E+9
9.740000,-2.734512,-2.326026,-2.841645,-3.347735,3.542732E+9
9.745000,-2.654984,-2.351002,-2.608647,-3.006289,3.542732E+9
9.750000,-2.669115,-2.218564,-2.464707,-2.661885,3.542732E+9
9.755000,-2.583671,-2.196546,-2.333584,-2.286590,3.542732E+9
9.760000,-2.532405,-2.139693,-2.313867,-2.083498,3.542732E+9
9.765000,-2.522218,-2.207391,-2.193588,-1.979979,3.542732E+9
9.770000,-2.603060,-2.194903,-2.188659,-1.979322,3.542732E+9
9.775000,-2.519260,-2.160068,-2.175842,-1.897822,3.542732E+9
9.780000,-2.562310,-2.182086,-2.212649,-1.985237,3.542732E+9
9.785000,-2.573812,-2.156125,-2.246498,-2.215278,3.542732E+9
9.790000,-2.584986,-2.257342,-2.438417,-2.507758,3.542732E+9
9.795000,-2.741085,-2.334899,-2.549494,-2.734841,3.542732E+9
9.800000,-2.947464,-2.428558,-2.743714,-2.869579,3.542732E+9
9.805000,-2.972111,-2.498885,-2.733855,-2.918873,3.542732E+9
9.810000,-2.981642,-2.598131,-2.670101,-2.822256,3.542732E+9
9.815000,-2.914273,-2.523204,-2.534048,-2.596159,3.542732E+9
9.820000,-2.892583,-2.478181,-2.331284,-2.348044,3.542732E+9
9.825000,-2.720710,-2.402597,-2.127862,-2.151524,3.542732E+9
9.830000,-2.680946,-2.329969,-2.014157,-2.080540,3.542732E+9
9.835000,-2.490012,-2.261615,-1.960262,-1.895850,3.542732E+9
9.840000,-2.467337,-2.195231,-1.963548,-1.858715,3.542732E+9
9.845000,-2.351659,-2.162697,-1.924770,-1.848856,3.542732E+9
9.850000,-2.343772,-2.150867,-1.972421,-1.916554,3.542732E+9
9.855000,-2.282975,-2.090070,-1.940872,-1.930028,3.542732E+9
9.860000,-2.298750,-2.043405,-1.963548,-2.226451,3.542732E+9
9.865000,-2.154481,-1.980637,-1.920169,-2.039790,3.542732E+9
9.870000,-2.073967,-1.923784,-1.950074,-2.071010,3.542732E+9
9.875000,-1.990824,-1.804820,-1.956647,-2.016457,3.542732E+9
9.880000,-1.978993,-1.776229,-2.008899,-2.009885,3.542732E+9
9.885000,-1.842612,-1.743366,-1.842941,-1.994110,3.542732E+9
9.890000,-1.807449,-1.655294,-1.821251,-1.910967,3.542732E+9
9.895000,-1.639848,-1.574122,-1.759798,-1.824866,3.542732E+9
9.900000,-1.584639,-1.529758,-1.724963,-1.699987,3.542732E+9
9.905000,-1.443985,-1.417038,-1.641163,-1.685528,3.542732E+9
9.910000,-1.477506,-1.354598,-1.591211,-1.582667,3.542732E+9
9.915000,-1.324364,-1.294131,-1.572479,-1.599098,3.542732E+9
9.920000,-1.391733,-1.309576,-1.612243,-1.599756,3.542732E+9
9.925000,-1.386475,-1.367743,-1.625717,-1.610929,3.542732E+9
9.930000,-1.451215,-1.393048,-1.705574,-1.708203,3.542732E+9
9.935000,-1.429526,-1.379574,-1.680270,-1.747967,3.542732E+9
9.940000,-1.468304,-1.597455,-1.768014,-1.838669,3.542732E+9
9.945000,-1.438070,-1.391733,-1.727592,-1.825524,3.542732E+9
9.950000,-1.489336,-1.394691,-1.824538,-1.899465,3.542732E+9
9.955000,-1.455816,-1.411122,-1.763741,-1.949745,3.542732E+9
9.960000,-1.489993,-1.241550,-1.792332,-1.905381,3.542732E+9
9.965000,-1.472247,-1.397649,-1.794633,-1.877447,3.542732E+9
9.970000,-1.492294,-1.416381,-1.777544,-1.866274,3.542732E+9
9.975000,-1.405536,-1.378260,-1.705903,-1.801862,3.542732E+9
9.980000,-1.467975,-1.360842,-1.684870,-1.803834,3.542732E+9
9.985000,-1.382860,-1.339153,-1.628346,-1.685856,3.542732E+9
9.990000,-1.384504,-1.338495,-1.646749,-1.654637,3.542732E+9
9.995000,-1.375302,-1.351641,-1.604028,-1.625060,3.542732E+9
10.000000,-1.401592,-1.364129,-1.622760,-1.683227,3.542732E+9
10.005000,-1.379574,-1.363471,-1.605671,-1.664824,3.542732E+9
10.010000,-1.463046,-1.399620,-1.810078,-1.712147,3.542732E+9
10.015000,-1.424268,-1.391076,-1.697358,-1.744681,3.542732E+9
10.020000,-1.482106,-1.617830,-1.787074,-1.796933,3.542732E+9
10.025000,-1.459431,-1.465346,-1.742381,-1.907352,3.542732E+9
10.030000,-1.538302,-1.622760,-1.789703,-2.051621,3.542732E+9
10.035000,-1.626374,-1.846227,-1.827824,-2.214621,3.542732E+9
10.040000,-1.977350,-2.449919,-1.905052,-2.629351,3.542732E+9
10.045000,-2.474238,-2.911315,-2.155139,-2.999059,3.542732E+9
10.050000,-2.823242,-2.937277,-2.757188,-3.282666,3.542732E+9
10.055000,-2.647425,-2.919859,-3.005303,-3.554772,3.542732E+9
10.060000,-2.448276,-2.781178,-2.963567,-3.904106,3.542732E+9
10.065000,-2.216921,-2.566583,-2.744700,-3.920866,3.542732E+9
10.070000,-2.252742,-2.449262,-2.843617,-3.582705,3.542732E+9
10.075000,-2.106830,-2.297435,-2.442361,-2.996430,3.542732E+9
10.080000,-2.209034,-2.387808,-2.320111,-2.569212,3.542732E+9
10.085000,-2.063451,-2.408512,-2.123919,-2.320768,3.542732E+9
10.090000,-2.080540,-2.443675,-1.927070,-2.214949,3.542732E+9
10.095000,-2.052278,-2.450905,-1.824538,-2.142979,3.542732E+9
10.100000,-2.042090,-2.531419,-1.882048,-2.166641,3.542732E+9
10.105000,-2.038804,-2.434145,-1.878104,-2.222836,3.542732E+9
10.110000,-2.269173,-2.394381,-1.862001,-2.590901,3.542732E+9
10.115000,-2.069366,-2.397667,-1.959604,-2.615877,3.542732E+9
10.120000,-2.274760,-2.573155,-2.181758,-2.951408,3.542732E+9
10.125000,-2.394052,-2.739113,-2.478839,-3.065771,3.542732E+9
10.130000,-2.563296,-2.826200,-2.698692,-3.133469,3.542732E+9
10.135000,-2.514659,-2.804510,-2.696063,-3.135440,3.542732E+9
10.140000,-2.505129,-2.816670,-2.559353,-3.058870,3.542732E+9
10.145000,-2.394709,-2.793666,-2.252084,-2.814041,3.542732E+9
10.150000,-2.430530,-2.760145,-2.012842,-2.719067,3.542732E+9
10.155000,-2.283961,-2.670758,-1.855758,-2.291520,3.542732E+9
10.160000,-2.212649,-2.567568,-1.801534,-2.166969,3.542732E+9
10.165000,-2.071338,-2.435788,-1.768342,-2.040776,3.542732E+9
10.170000,-2.007256,-2.347715,-1.915568,-2.018758,3.542732E+9
10.175000,-1.998711,-2.304008,-1.851485,-1.979979,3.542732E+9
10.180000,-2.105516,-2.249455,-1.894207,-1.981951,3.542732E+9
10.185000,-1.983923,-2.200818,-1.807778,-2.015143,3.542732E+9
10.190000,-2.018758,-2.043405,-1.747310,-2.027302,3.542732E+9
10.195000,-1.861344,-2.009885,-1.830453,-2.010870,3.542732E+9
10.200000,-1.855100,-1.965191,-1.887963,-2.009885,3.542732E+9
10.205000,-1.733508,-1.853786,-1.880405,-2.055564,3.542732E+9
10.210000,-1.848528,-1.797590,-1.845570,-2.415742,3.542732E+9
10.215000,-1.671725,-1.744681,-1.834397,-2.114717,3.542732E+9
10.220000,-1.668768,-1.676326,-1.838669,-2.009885,3.542732E+9
10.225000,-1.594497,-1.603370,-1.757497,-1.882048,3.542732E+9
10.230000,-1.552762,-1.535344,-1.742052,-1.821580,3.542732E+9
10.235000,-1.399620,-1.428211,-1.603370,-1.701302,3.542732E+9
10.240000,-1.345068,-1.324036,-1.620788,-1.674683,3.542732E+9
10.245000,-1.303661,-1.298074,-1.573465,-1.563606,3.542732E+9
10.250000,-1.322393,-1.333895,-1.674683,-1.555391,3.542732E+9
10.255000,-1.347040,-1.335866,-1.597455,-1.576751,3.542732E+9
10.260000,-1.486379,-1.386475,-1.675012,-1.630318,3.542732E+9
10.265000,-1.406850,-1.391733,-1.656937,-1.716747,3.542732E+9
10.270000,-1.510697,-1.442014,-1.719048,-1.782802,3.542732E+9
10.275000,-1.453844,-1.389762,-1.750925,-1.862001,3.542732E+9
10.280000,-1.595483,-1.400606,-1.764727,-1.729564,3.542732E+9
10.285000,-1.480135,-1.417366,-1.773272,-1.988195,3.542732E+9
10.290000,-1.546189,-1.438070,-1.823881,-2.012514,3.542732E+9
10.295000,-1.488350,-1.417038,-1.803506,-1.950074,3.542732E+9
10.300000,-1.494266,-1.400278,-1.816979,-2.084812,3.542732E+9
10.305000,-1.439385,-1.389762,-1.714776,-1.830124,3.542732E+9
10.310000,-1.432155,-1.407179,-1.696701,-1.752239,3.542732E+9
10.315000,-1.369387,-1.326336,-1.626374,-1.633276,3.542732E+9
10.320000,-1.388118,-1.341782,-1.683227,-1.586939,3.542732E+9
10.325000,-1.328965,-1.323707,-1.568864,-1.594826,3.542732E+9
10.330000,-1.420324,-1.400278,-1.586282,-1.597455,3.542732E+9
10.335000,-1.384832,-1.348683,-1.617501,-1.664167,3.542732E+9
10.340000,-1.509711,-1.326008,-1.678626,-1.697030,3.542732E+9
10.345000,-1.463703,-1.376616,-1.713461,-1.768342,3.542732E+9
10.350000,-1.557691,-1.412108,-1.777872,-1.896836,3.542732E+9
10.355000,-1.558677,-1.443985,-1.821580,-1.916225,3.542732E+9
10.360000,-1.779516,-1.529100,-2.027631,-1.950403,3.542732E+9
10.365000,-2.090727,-1.722006,-2.148895,-2.040447,3.542732E+9
10.370000,-2.724325,-2.115375,-2.452548,-2.227437,3.542732E+9
10.375000,-2.982628,-2.561982,-2.814041,-2.545550,3.542732E+9
10.380000,-2.927746,-2.727282,-3.193608,-3.052626,3.542732E+9
10.385000,-3.012533,-2.488697,-3.235672,-3.463084,3.542732E+9
10.390000,-2.990515,-2.201475,-3.249475,-3.586649,3.542732E+9
10.395000,-2.749958,-2.234667,-3.123281,-3.596179,3.542732E+9
10.400000,-2.738784,-2.386165,-2.893569,-3.365153,3.542732E+9
10.405000,-2.611276,-2.252742,-2.620149,-2.978684,3.542732E+9
10.410000,-2.692119,-2.116689,-2.479496,-2.568883,3.542732E+9
10.415000,-2.465365,-2.071338,-2.306637,-2.180772,3.542732E+9
10.420000,-2.490998,-2.065094,-2.202790,-1.997397,3.542732E+9
10.425000,-2.483111,-2.145280,-2.170256,-1.845241,3.542732E+9
10.430000,-2.492312,-2.074296,-2.213635,-1.780501,3.542732E+9
10.435000,-2.430530,-1.962233,-2.149223,-1.723649,3.542732E+9
10.440000,-2.455177,-2.000683,-2.213635,-2.132463,3.542732E+9
10.445000,-2.470294,-2.019415,-2.264901,-2.247484,3.542732E+9
10.450000,-2.609304,-2.169598,-2.459449,-2.668129,3.542732E+9
10.455000,-2.722024,-2.252413,-2.648740,-2.877137,3.542732E+9
10.460000,-2.845589,-2.372691,-2.794323,-3.069057,3.542732E+9
10.465000,-2.894226,-2.445976,-2.801224,-3.030279,3.542732E+9
10.470000,-2.943521,-2.462078,-2.790051,-2.840988,3.542732E+9
10.475000,-2.856434,-2.401611,-2.518274,-2.568226,3.542732E+9
10.480000,-2.860706,-2.378278,-2.336213,-2.278375,3.542732E+9
10.485000,-2.600760,-2.270488,-2.117346,-2.084812,3.542732E+9
10.490000,-2.509730,-2.330627,-2.032889,-1.927727,3.542732E+9
10.495000,-2.391752,-2.140350,-2.011856,-1.795290,3.542732E+9
10.500000,-2.400625,-2.108145,-1.980965,-1.804491,3.542732E+9
10.505000,-2.316167,-2.125562,-1.938901,-1.848528,3.542732E+9
10.510000,-2.305980,-2.097629,-1.916554,-1.892893,3.542732E+9
10.515000,-2.246169,-2.014157,-1.931014,-1.939229,3.542732E+9
10.520000,-2.304336,-1.960919,-1.949745,-2.044719,3.542732E+9
10.525000,-2.086127,-1.906695,-1.951389,-2.064766,3.542732E+9
10.530000,-2.139693,-1.828810,-1.996082,-2.133778,3.542732E+9
10.535000,-2.020401,-1.787731,-1.987538,-2.077911,3.542732E+9
10.540000,-1.999368,-1.802848,-2.010542,-2.070681,3.542732E+9
10.545000,-1.864302,-1.721348,-1.884677,-2.023358,3.542732E+9
10.550000,-1.807120,-1.672383,-1.853129,-1.993453,3.542732E+9
10.555000,-1.649707,-1.565578,-1.763413,-1.799233,3.542732E+9
10.560000,-1.574122,-1.501824,-1.703602,-1.727264,3.542732E+9
10.565000,-1.436098,-1.410137,-1.605014,-1.657923,3.542732E+9
10.570000,-1.572151,-1.354270,-1.628675,-1.603370,3.542732E+9
10.575000,-1.317135,-1.285586,-1.571822,-1.565578,3.542732E+9
10.580000,-1.404221,-1.339153,-1.625389,-1.573137,3.542732E+9
10.585000,-1.353941,-1.346711,-1.628675,-1.619145,3.542732E+9
10.590000,-1.445629,-1.391733,-1.658251,-1.692429,3.542732E+9
10.595000,-1.446943,-1.383189,-1.677641,-1.760784,3.542732E+9
10.600000,-1.494594,-1.400935,-1.731864,-1.829139,3.542732E+9
10.605000,-1.460088,-1.376945,-1.732522,-1.815665,3.542732E+9
10.610000,-1.504782,-1.401921,-1.893550,-1.912939,3.542732E+9
10.615000,-1.439713,-1.407508,-1.761770,-1.915568,3.542732E+9
10.620000,-1.486379,-1.394691,-1.821251,-1.989181,3.542732E+9
10.625000,-1.468961,-1.402578,-1.802520,-1.911953,3.542732E+9
10.630000,-1.474876,-1.419338,-1.845241,-1.907681,3.542732E+9
10.635000,-1.439385,-1.378260,-1.742381,-1.839983,3.542732E+9
10.640000,-1.481449,-1.379574,-1.757497,-1.750596,3.542732E+9
10.645000,-1.379574,-1.339481,-1.631633,-1.695715,3.542732E+9
10.650000,-1.466004,-1.391405,-1.621116,-1.640177,3.542732E+9
10.655000,-1.360842,-1.341453,-1.586939,-1.610600,3.542732E+9
10.660000,-1.464689,-1.349340,-1.579709,-1.689143,3.542732E+9
10.665000,-1.378588,-1.352298,-1.606657,-1.628018,3.542732E+9
10.670000,-1.460417,-1.382532,-1.673697,-1.683556,3.542732E+9
10.675000,-1.425582,-1.384504,-1.697687,-1.716419,3.542732E+9
10.680000,-1.468304,-1.413423,-1.759141,-1.971106,3.542732E+9
10.685000,-1.468304,-1.470604,-1.740080,-1.926741,3.542732E+9
10.690000,-1.583324,-1.700645,-1.801205,-2.107487,3.542732E+9
10.695000,-1.743366,-2.049977,-1.859044,-2.300721,3.542732E+9
10.700000,-2.306637,-2.704936,-2.007584,-2.668786,3.542732E+9
10.705000,-2.622778,-2.919531,-2.395367,-3.040466,3.542732E+9
10.710000,-2.855448,-3.070700,-2.864650,-3.386842,3.542732E+9
10.715000,-2.665829,-2.902771,-3.027650,-3.680309,3.542732E+9
10.720000,-2.398982,-2.666815,-2.933662,-3.878801,3.542732E+9
10.725000,-2.333913,-2.600760,-2.787750,-3.816361,3.542732E+9
10.730000,-2.312223,-2.435131,-2.612591,-3.421677,3.542732E+9
10.735000,-2.127205,-2.333584,-2.358232,-2.834087,3.542732E+9
10.740000,-2.220865,-2.443347,-2.164998,-2.449919,3.542732E+9
10.745000,-2.006927,-2.347715,-1.966506,-2.239596,3.542732E+9
10.750000,-2.084812,-2.428230,-1.807449,-2.390437,3.542732E+9
10.755000,-2.016786,-2.453863,-1.776558,-2.064437,3.542732E+9
10.760000,-2.008241,-2.487383,-1.870874,-2.148237,3.542732E+9
10.765000,-2.003312,-2.411470,-1.842612,-2.183072,3.542732E+9
10.770000,-1.977350,-2.368419,-2.138050,-2.435131,3.542732E+9
10.775000,-2.089413,-2.450905,-1.986881,-2.670429,3.542732E+9
10.780000,-2.328655,-2.653012,-2.299736,-2.934319,3.542732E+9
10.785000,-2.425929,-2.778549,-2.532405,-3.073329,3.542732E+9
10.790000,-2.582028,-2.851176,-2.702307,-3.117694,3.542732E+9
10.795000,-2.480810,-2.808454,-2.629022,-3.111779,3.542732E+9
10.800000,-2.448933,-2.873851,-2.421986,-2.966196,3.542732E+9
10.805000,-2.359875,-2.759817,-2.148566,-2.707893,3.542732E+9
10.810000,-2.365790,-2.758831,-1.922469,-2.453863,3.542732E+9
10.815000,-2.213306,-2.588929,-1.806135,-2.168941,3.542732E+9
10.820000,-2.260629,-2.502500,-1.788389,-2.128848,3.542732E+9
10.825000,-2.048663,-2.394709,-1.751911,-1.963877,3.542732E+9
10.830000,-2.056550,-2.330627,-1.791018,-1.986881,3.542732E+9
10.835000,-1.964534,-2.264572,-1.785431,-1.952046,3.542732E+9
10.840000,-1.962562,-2.185044,-1.809421,-1.961576,3.542732E+9
10.845000,-1.921483,-2.143308,-1.768999,-1.983923,3.542732E+9
10.850000,-1.911953,-2.048991,-1.801534,-2.168941,3.542732E+9
10.855000,-1.813036,-1.945145,-1.838669,-1.984580,3.542732E+9
10.860000,-1.798905,-1.910639,-1.914911,-2.037489,3.542732E+9
10.865000,-1.735479,-1.787074,-1.886649,-2.079883,3.542732E+9
10.870000,-1.755854,-1.790689,-1.946788,-2.132135,3.542732E+9
10.875000,-1.635576,-1.712475,-1.831439,-2.062137,3.542732E+9
10.880000,-1.683556,-1.649050,-1.881062,-1.931999,3.542732E+9
10.885000,-1.545203,-1.559663,-1.732522,-1.829796,3.542732E+9
10.890000,-1.499524,-1.525814,-1.630318,-1.755197,3.542732E+9
10.895000,-1.354927,-1.356241,-1.573137,-1.657923,3.542732E+9
10.900000,-1.317792,-1.279014,-1.572479,-1.587925,3.542732E+9
10.905000,-1.286572,-1.286901,-1.570508,-1.528772,3.542732E+9
10.910000,-1.367415,-1.325679,-1.605342,-1.567550,3.542732E+9
10.915000,-1.392391,-1.375959,-1.619145,-1.596141,3.542732E+9
10.920000,-1.425254,-1.388447,-1.694072,-1.660881,3.542732E+9
10.925000,-1.426239,-1.383518,-1.677312,-1.717733,3.542732E+9
10.930000,-1.453516,-1.244179,-1.697030,-1.868903,3.542732E+9
10.935000,-1.454830,-1.387133,-1.730550,-1.884677,3.542732E+9
10.940000,-1.494923,-1.418681,-1.852471,-1.944159,3.542732E+9
10.945000,-1.475862,-1.420653,-1.808764,-1.999697,3.542732E+9
10.950000,-1.536659,-1.444314,-1.826510,-1.979979,3.542732E+9
10.955000,-1.502153,-1.406850,-1.808106,-1.952046,3.542732E+9
10.960000,-1.492951,-1.438399,-1.780830,-1.882705,3.542732E+9
10.965000,-1.404221,-1.380560,-1.687499,-1.775901,3.542732E+9
10.970000,-1.456802,-1.342768,-1.654965,-1.732522,3.542732E+9
10.975000,-1.352955,-1.329622,-1.607314,-1.590225,3.542732E+9
10.980000,-1.358870,-1.316806,-1.816651,-1.583324,3.542732E+9
10.985000,-1.350983,-1.311219,-1.548489,-1.573794,3.542732E+9
10.990000,-1.397977,-1.349997,-1.595483,-1.684213,3.542732E+9
10.995000,-1.399949,-1.374316,-1.653322,-1.704260,3.542732E+9
11.000000,-1.504782,-1.415066,-1.875804,-1.746981,3.542732E+9
11.005000,-1.548489,-1.439056,-1.808106,-1.844256,3.542732E+9
11.010000,-1.722663,-1.528772,-1.921155,-1.931671,3.542732E+9
11.015000,-1.944816,-1.705574,-2.027302,-2.061151,3.542732E+9
11.020000,-2.528462,-2.063780,-2.285276,-2.234338,3.542732E+9
11.025000,-2.864321,-2.557052,-2.619821,-2.530762,3.542732E+9
11.030000,-2.949436,-2.740099,-2.927746,-3.003331,3.542732E+9
11.035000,-2.848218,-2.510058,-3.070043,-3.335904,3.542732E+9
11.040000,-2.817984,-2.321754,-3.110464,-3.478530,3.542732E+9
11.045000,-2.588272,-2.194246,-2.994130,-3.417405,3.542732E+9
11.050000,-2.681603,-2.355931,-2.816670,-3.009247,3.542732E+9
11.055000,-2.658270,-2.333913,-2.568226,-2.884696,3.542732E+9
11.060000,-2.649397,-2.251098,-2.470294,-2.473252,3.542732E+9
11.065000,-2.536349,-2.156125,-2.314853,-2.167955,3.542732E+9
11.070000,-2.523861,-2.169270,-2.352974,-2.036175,3.542732E+9
11.075000,-2.530433,-2.243540,-2.177814,-1.962891,3.542732E+9
11.080000,-2.620149,-2.245183,-2.212977,-1.918854,3.542732E+9
11.085000,-2.554752,-2.183401,-2.182415,-1.940544,3.542732E+9
11.090000,-2.624421,-2.217578,-2.213306,-2.068381,3.542732E+9
11.095000,-2.573484,-2.174199,-2.327998,-2.318139,3.542732E+9
11.100000,-2.723010,-2.280018,-2.469966,-2.603060,3.542732E+9
11.105000,-2.800895,-2.374334,-2.618835,-2.844932,3.542732E+9
11.110000,-3.003003,-2.454849,-2.717752,-3.073001,3.542732E+9
11.115000,-2.900470,-2.489026,-2.733526,-2.880752,3.542732E+9
11.120000,-3.006617,-2.495270,-2.683246,-2.740428,3.542732E+9
11.125000,-2.851176,-2.441375,-2.438089,-2.496913,3.542732E+9
11.130000,-2.835401,-2.421657,-2.219879,-2.291520,3.542732E+9
11.135000,-2.630665,-2.323068,-2.065423,-2.060822,3.542732E+9
11.140000,-2.535034,-2.227766,-2.036832,-1.940544,3.542732E+9
11.145000,-2.417713,-2.174528,-1.966177,-1.848856,3.542732E+9
11.150000,-2.365133,-2.135421,-1.941530,-1.867917,3.542732E+9
11.155000,-2.270488,-2.082840,-1.899465,-1.823881,3.542732E+9
11.160000,-2.290534,-2.123590,-1.935614,-1.899794,3.542732E+9
11.165000,-2.175185,-2.022373,-1.901108,-1.887635,3.542732E+9
11.170000,-2.164340,-1.952703,-1.971106,-1.926084,3.542732E+9
11.175000,-2.057207,-1.873504,-1.926084,-1.995096,3.542732E+9
11.180000,-2.050306,-1.820923,-2.007913,-2.015143,3.542732E+9
11.185000,-1.914911,-1.755197,-1.959604,-2.040447,3.542732E+9
11.190000,-1.946131,-1.780830,-1.955661,-2.050306,3.542732E+9
11.195000,-1.794961,-1.679941,-1.855429,-1.988195,3.542732E+9
11.200000,-1.751582,-1.639520,-1.801205,-1.926084,3.542732E+9
11.205000,-1.612243,-1.567221,-1.724635,-1.792989,3.542732E+9
11.210000,-1.603370,-1.461074,-1.680598,-1.746324,3.542732E+9
11.215000,-1.384175,-1.356241,-1.599427,-1.636562,3.542732E+9
11.220000,-1.372016,-1.299717,-1.453187,-1.575108,3.542732E+9
11.225000,-1.314177,-1.297088,-1.577080,-1.577737,3.542732E+9
11.230000,-1.361171,-1.314177,-1.629661,-1.663181,3.542732E+9
11.235000,-1.375631,-1.354270,-1.648393,-1.628346,3.542732E+9
11.240000,-1.437413,-1.423939,-1.698016,-1.706889,3.542732E+9
11.245000,-1.458774,-1.390419,-1.691772,-1.765713,3.542732E+9
11.250000,-1.339810,-1.398635,-1.769985,-1.830782,3.542732E+9
11.255000,-1.440699,-1.399949,-1.724635,-1.866602,3.542732E+9
11.260000,-1.541260,-1.449243,-1.781816,-1.874489,3.542732E+9
11.265000,-1.463703,-1.415066,-1.783788,-1.932328,3.542732E+9
11.270000,-1.492622,-1.400278,-1.797919,-1.938901,3.542732E+9
11.275000,-1.464689,-1.404879,-1.792989,-1.912939,3.542732E+9
11.280000,-1.475205,-1.390419,-1.795618,-1.869560,3.542732E+9
11.285000,-1.403235,-1.363800,-1.716747,-1.786417,3.542732E+9
11.290000,-1.421310,-1.357227,-1.720362,-1.728578,3.542732E+9
11.295000,-1.367415,-1.339810,-1.614872,-1.667453,3.542732E+9
11.300000,-1.383189,-1.526143,-1.628346,-1.649378,3.542732E+9
11.305000,-1.361828,-1.329294,-1.577080,-1.626703,3.542732E+9
11.310000,-1.398963,-1.371358,-1.677641,-1.635247,3.542732E+9
11.315000,-1.394691,-1.380560,-1.624403,-1.665153,3.542732E+9
11.320000,-1.482106,-1.415066,-1.677969,-1.716419,3.542732E+9
11.325000,-1.426568,-1.441028,-1.721677,-1.770314,3.542732E+9
11.330000,-1.490322,-1.493280,-1.748296,-1.859372,3.542732E+9
11.335000,-1.502481,-1.586610,-1.784116,-2.003969,3.542732E+9
11.340000,-1.678955,-1.873175,-1.836040,-2.287905,3.542732E+9
11.345000,-1.866602,-2.444990,-1.883691,-2.595831,3.542732E+9
11.350000,-2.432173,-2.916573,-2.167955,-2.979013,3.542732E+9
11.355000,-2.723667,-2.892912,-2.660899,-3.332290,3.542732E+9
11.360000,-2.647425,-2.899813,-3.000702,-3.679323,3.542732E+9
11.365000,-2.370719,-2.820942,-2.901785,-3.823920,3.542732E+9
11.370000,-2.229409,-2.644139,-2.817984,-3.940255,3.542732E+9
11.375000,-2.270159,-2.504143,-2.591230,-3.573832,3.542732E+9
11.380000,-2.224151,-2.438746,-2.447947,-3.055583,3.542732E+9
11.385000,-2.172885,-2.481796,-2.245840,-2.663200,3.542732E+9
11.390000,-2.141665,-2.576770,-2.118004,-2.399639,3.542732E+9
11.395000,-2.000354,-2.400953,-1.957304,-2.236967,3.542732E+9
11.400000,-2.063780,-2.514002,-1.857401,-2.198518,3.542732E+9
11.405000,-1.972421,-2.529447,-1.878104,-2.236967,3.542732E+9
11.410000,-2.132135,-2.536677,-1.904066,-2.407197,3.542732E+9
11.415000,-2.003312,-2.473909,-1.904395,-2.493955,3.542732E+9
11.420000,-2.136735,-2.475224,-2.027302,-2.706250,3.542732E+9
11.425000,-2.182415,-2.623107,-2.177485,-2.906057,3.542732E+9
11.430000,-2.451234,-2.778549,-2.398653,-3.158116,3.542732E+9
11.435000,-2.495927,-2.886339,-2.576770,-3.153186,3.542732E+9
11.440000,-2.558695,-2.844274,-2.657942,-3.304356,3.542732E+9
11.445000,-2.427901,-2.783807,-2.472595,-2.956337,3.542732E+9
11.450000,-2.423957,-2.782164,-2.231052,-2.893240,3.542732E+9
11.455000,-2.336542,-2.766718,-1.983266,-2.537006,3.542732E+9
11.460000,-2.296449,-2.717423,-1.864959,-2.376635,3.542732E+9
11.465000,-2.168941,-2.571512,-1.775572,-2.168613,3.542732E+9
11.470000,-2.067723,-2.470951,-1.823552,-2.096971,3.542732E+9
11.475000,-1.959276,-2.326355,-1.811721,-2.059179,3.542732E+9
11.480000,-2.065423,-2.317482,-1.856086,-2.039790,3.542732E+9
11.485000,-1.981294,-2.263258,-1.817637,-2.048334,3.542732E+9
11.490000,-2.009227,-2.302693,-1.798905,-2.050306,3.542732E+9
11.495000,-1.942187,-2.123590,-1.805806,-1.990824,3.542732E+9
11.500000,-1.911296,-2.062465,-1.844256,-1.985566,3.542732E+9
11.505000,-1.816651,-1.903737,-1.841955,-2.028945,3.542732E+9
11.510000,-1.944159,-1.886977,-1.839326,-2.305651,3.542732E+9
11.515000,-1.678955,-1.783788,-1.851157,-2.044391,3.542732E+9
11.520000,-1.719376,-1.694729,-1.848199,-2.046362,3.542732E+9
11.525000,-1.608628,-1.655951,-1.774258,-1.972750,3.542732E+9
11.530000,-1.563935,-1.604028,-1.784774,-1.876461,3.542732E+9
11.535000,-1.478163,-1.483092,-1.666467,-1.795290,3.542732E+9
11.540000,-1.438727,-1.392062,-1.659895,-1.766699,3.542732E+9
11.545000,-1.322721,-1.316806,-1.608957,-1.662852,3.542732E+9
11.550000,-1.373987,-1.337181,-1.599756,-1.633933,3.542732E+9
11.555000,-1.330280,-1.325022,-1.603370,-1.605342,3.542732E+9
11.560000,-1.449572,-1.375631,-1.685856,-1.593840,3.542732E+9
11.565000,-1.425582,-1.366429,-1.629003,-1.632290,3.542732E+9
11.570000,-1.470276,-1.456802,-1.682241,-1.710175,3.542732E+9
11.575000,-1.407179,-1.368401,-1.665810,-1.768342,3.542732E+9
11.580000,-1.567221,-1.334881,-1.716419,-1.837026,3.542732E+9
11.585000,-1.442999,-1.394362,-1.750596,-1.914582,3.542732E+9
11.590000,-1.530086,-1.404221,-1.818622,-1.993125,3.542732E+9
11.595000,-1.508068,-1.406193,-1.807120,-2.020401,3.542732E+9
11.600000,-1.518584,-1.425911,-1.862330,-1.996411,3.542732E+9
11.605000,-1.458774,-1.404879,-1.770314,-1.908338,3.542732E+9
11.610000,-1.492294,-1.288873,-1.782802,-1.876461,3.542732E+9
11.615000,-1.414737,-1.366758,-1.671068,-1.722006,3.542732E+9
11.620000,-1.410137,-1.371687,-1.717733,-1.629661,3.542732E+9
11.625000,-1.372016,-1.317135,-1.558677,-1.595812,3.542732E+9
11.630000,-1.392062,-1.393705,-1.601399,-1.570508,3.542732E+9
11.635000,-1.358870,-1.329622,-1.575108,-1.577737,3.542732E+9
11.640000,-1.438070,-1.365443,-1.643135,-1.639191,3.542732E+9
11.645000,-1.428868,-1.382532,-1.680927,-1.724306,3.542732E+9
11.650000,-1.505768,-1.383189,-1.728249,-1.829139,3.542732E+9
11.655000,-1.522528,-1.411780,-1.779187,-1.851157,3.542732E+9
11.660000,-1.670739,-1.455159,-1.981294,-1.930685,3.542732E+9
11.665000,-1.854772,-1.587268,-1.992796,-1.970778,3.542732E+9
11.670000,-2.318467,-1.833082,-2.191288,-2.155467,3.542732E+9
11.675000,-2.902442,-2.254713,-2.538978,-2.269173,3.542732E+9
11.680000,-3.032579,-2.650383,-3.017791,-2.631651,3.542732E+9
11.685000,-3.026007,-2.637567,-3.113093,-3.104549,3.542732E+9
11.690000,-3.155487,-2.531419,-3.181777,-3.453554,3.542732E+9
11.695000,-2.849204,-2.289219,-3.111122,-3.520923,3.542732E+9
11.700000,-2.838359,-2.315510,-3.023706,-3.376326,3.542732E+9
11.705000,-2.685546,-2.291520,-2.753244,-3.113093,3.542732E+9
11.710000,-2.676016,-2.178800,-2.545879,-2.732540,3.542732E+9
11.715000,-2.635923,-2.168941,-2.376635,-2.319782,3.542732E+9
11.720000,-2.626065,-2.088756,-2.300393,-2.113731,3.542732E+9
11.725000,-2.621792,-2.167627,-2.203119,-1.962891,3.542732E+9
11.730000,-2.617192,-2.211334,-2.215278,-1.838012,3.542732E+9
11.735000,-2.560667,-2.071010,-2.221850,-1.783788,3.542732E+9
11.740000,-2.602075,-2.088756,-2.215935,-1.586939,3.542732E+9
11.745000,-2.566583,-2.048334,-2.215278,-2.074625,3.542732E+9
11.750000,-2.665829,-2.304665,-2.354945,-2.414099,3.542732E+9
11.755000,-2.727940,-2.233024,-2.513016,-2.623764,3.542732E+9
11.760000,-2.900799,-2.338842,-2.697706,-2.882396,3.542732E+9
11.765000,-2.954694,-2.441375,-2.773619,-2.959952,3.542732E+9
11.770000,-2.995444,-2.493298,-2.873523,-2.863664,3.542732E+9
11.775000,-2.908686,-2.448276,-2.648083,-2.667472,3.542732E+9
11.780000,-2.908029,-2.384522,-2.430859,-2.431516,3.542732E+9
11.785000,-2.754230,-2.365133,-2.142322,-2.202461,3.542732E+9
11.790000,-2.592216,-2.319125,-1.992467,-2.006927,3.542732E+9
11.795000,-2.433159,-2.137721,-1.954018,-1.836697,3.542732E+9
11.800000,-2.465693,-2.132463,-1.955661,-1.741723,3.542732E+9
11.805000,-2.278375,-2.064766,-1.888620,-1.733179,3.542732E+9
11.810000,-2.489026,-2.042419,-1.855429,-1.602385,3.542732E+9
11.815000,-2.164340,-1.967820,-1.859701,-1.783788,3.542732E+9
11.820000,-2.173871,-1.906366,-1.883034,-1.883362,3.542732E+9
11.825000,-2.040447,-1.831768,-1.886649,-1.907024,3.542732E+9
11.830000,-2.007913,-1.782145,-1.915568,-2.021058,3.542732E+9
11.835000,-1.885006,-1.713133,-1.902752,-2.055235,3.542732E+9
11.840000,-1.871532,-1.676983,-1.976036,-2.410155,3.542732E+9
11.845000,-1.795947,-1.672711,-1.911296,-2.048006,3.542732E+9
11.850000,-1.745667,-1.820266,-1.894536,-2.031245,3.542732E+9
11.855000,-1.650693,-1.560320,-1.757826,-1.884677,3.542732E+9
11.860000,-1.565249,-1.501495,-1.782473,-1.777544,3.542732E+9
11.865000,-1.421639,-1.388776,-1.633604,-1.673040,3.542732E+9
11.870000,-1.410465,-1.316477,-1.634262,-1.600413,3.542732E+9
11.875000,-1.305633,-1.283286,-1.565249,-1.576751,3.542732E+9
11.880000,-1.342110,-1.342110,-1.580366,-1.555391,3.542732E+9
11.885000,-1.346054,-1.310233,-1.603699,-1.562949,3.542732E+9
11.890000,-1.487693,-1.362814,-1.673368,-1.488022,3.542732E+9
11.895000,-1.400606,-1.376616,-1.664495,-1.696044,3.542732E+9
11.900000,-1.492294,-1.375959,-1.705903,-1.822566,3.542732E+9
11.905000,-1.438399,-1.404879,-1.705574,-1.867588,3.542732E+9
11.910000,-1.470933,-1.409151,-1.801205,-1.909324,3.542732E+9
11.915000,-1.487364,-1.418024,-1.798247,-1.922798,3.542732E+9
11.920000,-1.499524,-1.426568,-1.840641,-1.966177,3.542732E+9
11.925000,-1.463046,-1.414737,-1.790360,-1.934629,3.542732E+9
11.930000,-1.495251,-1.423282,-1.846556,-1.889278,3.542732E+9
11.935000,-1.408493,-1.393705,-1.751253,-1.815665,3.542732E+9
11.940000,-1.441685,-1.406522,-1.729564,-1.707546,3.542732E+9
11.945000,-1.376945,-1.346054,-1.663838,-1.705245,3.542732E+9
11.950000,-1.393377,-1.356241,-1.609614,-1.660881,3.542732E+9
11.955000,-1.344082,-1.312205,-1.586610,-1.632618,3.542732E+9
11.960000,-1.451872,-1.335866,-1.620131,-1.672054,3.542732E+9
11.965000,-1.382860,-1.371687,-1.607643,-1.656608,3.542732E+9
11.970000,-1.457131,-1.394362,-1.686185,-1.681256,3.542732E+9
11.975000,-1.441356,-1.397320,-1.674683,-1.730878,3.542732E+9
11.980000,-1.459102,-1.443657,-1.782802,-1.862987,3.542732E+9
11.985000,-1.464689,-1.517598,-1.745010,-1.898479,3.542732E+9
11.990000,-1.589239,-1.731864,-1.880076,-2.076268,3.542732E+9
11.995000,-1.755197,-2.177157,-1.861673,-2.407526,3.542732E+9
12.000000,-2.438746,-3.007603,-2.098943,-2.867279,3.542732E+9
12.005000,-2.776577,-2.901456,-2.611276,-3.226142,3.542732E+9
12.010000,-2.820942,-3.028636,-3.068400,-3.608010,3.542732E+9
12.015000,-2.584000,-2.872865,-3.097648,-3.875843,3.542732E+9
12.020000,-2.375649,-2.662871,-2.946150,-4.155179,3.542732E+9
12.025000,-2.367762,-2.549822,-2.755873,-3.811103,3.542732E+9
12.030000,-2.288562,-2.430530,-2.554095,-3.251118,3.542732E+9
12.035000,-2.219221,-2.440389,-2.328326,-2.738784,3.542732E+9
12.040000,-2.210348,-2.486726,-2.164340,-2.441703,3.542732E+9
12.045000,-2.031245,-2.363490,-1.950074,-2.212977,3.542732E+9
12.050000,-2.084155,-2.425272,-1.821909,-2.224808,3.542732E+9
12.055000,-1.965191,-2.415742,-1.834068,-2.096643,3.542732E+9
12.060000,-2.056550,-2.480482,-1.908667,-2.191945,3.542732E+9
12.065000,-1.974064,-2.387151,-1.848199,-2.274760,3.542732E+9
12.070000,-2.056221,-2.368748,-1.954018,-2.507429,3.542732E+9
12.075000,-2.153167,-2.497570,-2.094671,-2.753573,3.542732E+9
12.080000,-2.368090,-2.641839,-2.412784,-3.002674,3.542732E+9
12.085000,-2.466679,-2.750615,-2.614891,-3.153515,3.542732E+9
12.090000,-2.604704,-3.003003,-2.692776,-3.178162,3.542732E+9
12.095000,-2.512687,-2.798266,-2.620149,-3.092718,3.542732E+9
12.100000,-2.501843,-2.853805,-2.384193,-2.894883,3.542732E+9
12.105000,-2.407197,-2.762446,-2.099600,-2.577427,3.542732E+9
12.110000,-2.346072,-2.722024,-1.877447,-2.366776,3.542732E+9
12.115000,-2.200490,-2.525175,-1.777872,-2.142651,3.542732E+9
12.120000,-2.243211,-2.458464,-1.773272,-2.099600,3.542732E+9
12.125000,-1.974721,-2.301050,-1.777872,-1.946131,3.542732E+9
12.130000,-2.053264,-2.278046,-1.811393,-2.030917,3.542732E+9
12.135000,-1.991153,-2.237625,-1.831110,-1.982280,3.542732E+9
12.140000,-2.055564,-2.202133,-1.685528,-1.992796,3.542732E+9
12.145000,-1.980965,-2.142979,-1.788060,-2.028616,3.542732E+9
12.150000,-1.957961,-2.058850,-1.837683,-2.011528,3.542732E+9
12.155000,-1.814350,-1.948102,-1.865616,-1.992796,3.542732E+9
12.160000,-1.834397,-1.848856,-1.904395,-2.103873,3.542732E+9
12.165000,-1.763741,-1.828810,-1.847870,-2.094671,3.542732E+9
12.170000,-1.706889,-1.786088,-1.842284,-2.090070,3.542732E+9
12.175000,-1.621116,-1.663510,-1.817637,-1.981622,3.542732E+9
12.180000,-1.501167,-1.601727,-1.832425,-1.889606,3.542732E+9
12.185000,-1.492622,-1.534030,-1.707217,-1.816979,3.542732E+9
12.190000,-1.476520,-1.513655,-1.623088,-1.738766,3.542732E+9
12.195000,-1.359856,-1.331594,-1.597455,-1.675340,3.542732E+9
12.200000,-1.357885,-1.324036,-1.624731,-1.613887,3.542732E+9
12.205000,-1.338167,-1.305961,-1.585296,-1.592526,3.542732E+9
12.210000,-1.413094,-1.359199,-1.603370,-1.657923,3.542732E+9
12.215000,-1.397320,-1.376616,-1.605999,-1.622102,3.542732E+9
12.220000,-1.481778,-1.384504,-1.663181,-1.660223,3.542732E+9
12.225000,-1.444314,-1.396334,-1.687499,-1.736137,3.542732E+9
12.230000,-1.506425,-1.409808,-1.749610,-1.986552,3.542732E+9
12.235000,-1.463703,-1.387461,-1.724635,-1.869231,3.542732E+9
12.240000,-1.491637,-1.424925,-1.796933,-1.983923,3.542732E+9
12.245000,-1.461074,-1.409808,-1.820266,-1.978008,3.542732E+9
12.250000,-1.412108,-1.385161,-1.904723,-1.981951,3.542732E+9
12.255000,-1.477506,-1.399949,-1.793318,-1.975707,3.542732E+9
12.260000,-1.472576,-1.450229,-1.751582,-1.883362,3.542732E+9
12.265000,-1.428211,-1.372673,-1.701631,-1.779187,3.542732E+9
12.270000,-1.497552,-1.368401,-1.665810,-1.680598,3.542732E+9
12.275000,-1.372016,-1.344739,-1.582667,-1.637219,3.542732E+9
12.280000,-1.434784,-1.335538,-1.568207,-1.586939,3.542732E+9
12.285000,-1.374316,-1.342110,-1.561963,-1.578066,3.542732E+9
12.290000,-1.403235,-1.378260,-1.627360,-1.602056,3.542732E+9
12.295000,-1.416709,-1.356899,-1.658251,-1.655951,3.542732E+9
12.300000,-1.454173,-1.390747,-1.722663,-1.770314,3.542732E+9
12.305000,-1.490322,-1.396006,-1.775572,-1.832754,3.542732E+9
12.310000,-1.638534,-1.473562,-1.938901,-1.916554,3.542732E+9
12.315000,-1.808435,-1.611915,-1.986223,-2.033875,3.542732E+9
12.320000,-2.258657,-1.939558,-2.190959,-2.174199,3.542732E+9
12.325000,-2.764418,-2.302693,-2.443675,-2.403582,3.542732E+9
12.330000,-2.913615,-2.657613,-2.774934,-2.735827,3.542732E+9
12.335000,-2.861035,-2.616534,-3.002674,-3.082531,3.542732E+9
12.340000,-2.963238,-2.467665,-3.067085,-3.389471,3.542732E+9
12.345000,-2.691133,-2.299407,-2.951736,-3.455854,3.542732E+9
12.350000,-2.699678,-2.328984,-2.930375,-3.348064,3.542732E+9
12.355000,-2.594516,-2.295792,-2.648083,-3.038495,3.542732E+9
12.360000,-2.572827,-2.171899,-2.511044,-2.791365,3.542732E+9
12.365000,-2.544564,-2.152181,-2.357903,-2.344429,3.542732E+9
12.370000,-2.473909,-2.152838,-2.264901,-2.155467,3.542732E+9
12.375000,-2.523204,-2.171242,-2.185044,-2.039461,3.542732E+9
12.380000,-2.602403,-2.277389,-2.263915,-1.937258,3.542732E+9
12.385000,-2.525175,-2.168613,-2.196217,-1.898151,3.542732E+9
12.390000,-2.597474,-2.171899,-2.195560,-1.996411,3.542732E+9
12.395000,-2.547522,-2.158425,-2.225137,-2.208705,3.542732E+9
12.400000,-2.685546,-2.248469,-2.349687,-2.455506,3.542732E+9
12.405000,-2.684232,-2.331941,-2.507429,-2.703621,3.542732E+9
12.410000,-2.896855,-2.449591,-2.680946,-2.864321,3.542732E+9
12.415000,-2.900470,-2.505129,-2.770661,-2.890283,3.542732E+9
12.420000,-2.992815,-2.526161,-2.714466,-2.932019,3.542732E+9
12.425000,-2.867607,-2.527804,-2.563954,-2.661556,3.542732E+9
12.430000,-2.827186,-2.451234,-2.375320,-2.444332,3.542732E+9
12.435000,-2.701649,-2.352316,-2.168613,-2.226451,3.542732E+9
12.440000,-2.638881,-2.315510,-2.026973,-2.059508,3.542732E+9
12.445000,-2.449262,-2.269830,-1.940872,-1.929042,3.542732E+9
12.450000,-2.395695,-2.177485,-1.919512,-2.299078,3.542732E+9
12.455000,-2.313538,-2.133449,-1.911953,-1.838997,3.542732E+9
12.460000,-2.326026,-2.127205,-1.943830,-1.888292,3.542732E+9
12.465000,-2.209034,-2.052606,-1.886649,-1.869231,3.542732E+9
12.470000,-2.208048,-2.046362,-1.892893,-1.918197,3.542732E+9
12.475000,-2.062137,-1.920497,-1.889935,-1.939229,3.542732E+9
12.480000,-2.028288,-1.836040,-2.018429,-1.966177,3.542732E+9
12.485000,-1.897165,-1.766699,-1.942844,-2.038147,3.542732E+9
12.490000,-1.891249,-1.715762,-1.899137,-2.054250,3.542732E+9
12.495000,-1.795947,-1.670739,-1.877776,-2.075610,3.542732E+9
12.500000,-1.789703,-1.678298,-1.855758,-1.982937,3.542732E+9
12.505000,-1.640177,-1.580366,-1.773600,-1.879419,3.542732E+9
12.510000,-1.622431,-1.476520,-1.705245,-1.565907,3.542732E+9
12.515000,-1.442014,-1.418352,-1.618159,-1.700645,3.542732E+9
12.520000,-1.391076,-1.348683,-1.596798,-1.629661,3.542732E+9
12.525000,-1.321407,-1.285258,-1.564264,-1.528114,3.542732E+9
12.530000,-1.344411,-1.297745,-1.625389,-1.533044,3.542732E+9
12.535000,-1.331923,-1.321735,-1.599427,-1.543889,3.542732E+9
12.540000,-1.407836,-1.345397,-1.670411,-1.676655,3.542732E+9
12.545000,-1.397977,-1.357885,-1.681256,-1.711818,3.542732E+9
12.550000,-1.428540,-1.399949,-1.854443,-1.791675,3.542732E+9
12.555000,-1.449572,-1.385818,-1.734165,-1.889606,3.542732E+9
12.560000,-1.516612,-1.419338,-1.818951,-1.943502,3.542732E+9
12.565000,-1.471262,-1.431497,-1.788389,-1.978008,3.542732E+9
12.570000,-1.542245,-1.460088,-1.810407,-1.962562,3.542732E+9
12.575000,-1.474219,-1.428868,-1.801534,-1.922469,3.542732E+9
12.580000,-1.540931,-1.405864,-1.766699,-1.914254,3.542732E+9
12.585000,-1.418352,-1.369058,-1.701959,-1.805477,3.542732E+9
12.590000,-1.415395,-1.388118,-1.697687,-1.744681,3.542732E+9
12.595000,-1.363471,-1.327322,-1.651022,-1.634919,3.542732E+9
12.600000,-1.390419,-1.316477,-1.661209,-1.720691,3.542732E+9
12.605000,-1.342110,-1.318120,-1.582995,-1.642806,3.542732E+9
12.610000,-1.366429,-1.372673,-1.580695,-1.675669,3.542732E+9
12.615000,-1.381217,-1.344082,-1.611258,-1.680927,3.542732E+9
12.620000,-1.495909,-1.403564,-1.721020,-1.708203,3.542732E+9
12.625000,-1.442999,-1.413752,-1.685199,-1.780501,3.542732E+9
12.630000,-1.506096,-1.485064,-1.732850,-1.849842,3.542732E+9
12.635000,-1.491637,-1.537973,-1.766042,-1.951060,3.542732E+9
12.640000,-1.644778,-1.718062,-1.824209,-2.263586,3.542732E+9
12.645000,-1.805149,-2.206076,-1.870217,-2.393395,3.542732E+9
12.650000,-2.388137,-2.762774,-2.103544,-2.789393,3.542732E+9
12.655000,-2.676345,-2.778220,-2.538320,-3.105864,3.542732E+9
12.660000,-2.661228,-2.877466,-2.967511,-3.308957,3.542732E+9
12.665000,-2.467008,-2.748972,-2.948779,-3.699040,3.542732E+9
12.670000,-2.251427,-2.574470,-2.825871,-3.910350,3.542732E+9
12.675000,-2.291848,-2.467665,-2.665829,-3.624770,3.542732E+9
12.680000,-2.227766,-2.410812,-2.573155,-3.159759,3.542732E+9
12.685000,-2.170913,-2.415742,-2.309266,-2.716109,3.542732E+9
12.690000,-2.197861,-2.463722,-2.121619,-2.411798,3.542732E+9
12.695000,-2.024344,-2.365461,-1.945802,-2.267201,3.542732E+9
12.700000,-2.154153,-2.564611,-1.858387,-2.180115,3.542732E+9
12.705000,-2.018429,-2.497570,-1.864959,-2.146923,3.542732E+9
12.710000,-2.081197,-2.545879,-1.896836,-2.239268,3.542732E+9
12.715000,-2.043076,-2.469637,-1.917540,-2.367105,3.542732E+9
12.720000,-2.154153,-2.427901,-2.006270,-2.675359,3.542732E+9
12.725000,-2.197532,-2.574141,-2.168284,-2.889297,3.542732E+9
12.730000,-2.460107,-2.757845,-2.426586,-3.163702,3.542732E+9
12.735000,-2.509072,-2.852819,-2.629351,-3.202481,3.542732E+9
12.740000,-2.627050,-2.857748,-2.721696,-3.211682,3.542732E+9
12.745000,-2.555409,-2.865307,-2.550808,-3.074644,3.542732E+9
12.750000,-2.526490,-2.849861,-2.297435,-3.179477,3.542732E+9
12.755000,-2.421000,-2.810097,-2.034532,-2.572827,3.542732E+9
12.760000,-2.364147,-2.703621,-1.891578,-2.403254,3.542732E+9
12.765000,-2.196546,-2.567240,-1.776558,-2.106173,3.542732E+9
12.770000,-2.106830,-2.514331,-1.736137,-2.088427,3.542732E+9
12.775000,-1.978993,-2.357574,-1.792661,-1.977350,3.542732E+9
12.780000,-2.058850,-2.342129,-1.893221,-1.957961,3.542732E+9
12.785000,-2.000026,-2.248469,-1.841298,-2.033217,3.542732E+9
12.790000,-2.062137,-2.232038,-1.846885,-2.070352,3.542732E+9
12.795000,-1.940544,-2.155796,-1.815665,-2.072324,3.542732E+9
12.800000,-1.955332,-2.145608,-1.879747,-2.050963,3.542732E+9
12.805000,-1.853457,-1.954018,-1.870874,-2.052935,3.542732E+9
12.810000,-1.814022,-1.927399,-1.866602,-2.033546,3.542732E+9
12.815000,-1.746653,-1.816979,-1.847870,-2.044719,3.542732E+9
12.820000,-1.783788,-1.764727,-1.828810,-2.136735,3.542732E+9
12.825000,-1.617501,-1.701631,-1.789703,-1.929370,3.542732E+9
12.830000,-1.626046,-1.636562,-1.786088,-1.849185,3.542732E+9
12.835000,-1.500181,-1.531729,-1.713790,-1.757826,3.542732E+9
12.840000,-1.428868,-1.433469,-1.690128,-1.711489,3.542732E+9
12.845000,-1.327651,-1.329951,-1.577409,-1.661866,3.542732E+9
12.850000,-1.300046,-1.251737,-1.582010,-1.676983,3.542732E+9
12.855000,-1.316477,-1.296102,-1.598770,-1.592526,3.542732E+9
12.860000,-1.393705,-1.364129,-1.766699,-1.628675,3.542732E+9
12.865000,-1.424596,-1.398635,-1.655951,-1.693415,3.542732E+9
12.870000,-1.497223,-1.421967,-1.701302,-1.704260,3.542732E+9
12.875000,-1.465346,-1.401264,-1.702288,-1.781159,3.542732E+9
12.880000,-1.507411,-1.440042,-1.716090,-1.808106,3.542732E+9
12.885000,-1.435112,-1.406850,-1.732850,-1.860358,3.542732E+9
12.890000,-1.529100,-1.400935,-1.771300,-1.948760,3.542732E+9
12.895000,-1.460088,-1.399620,-1.781159,-1.931999,3.542732E+9
12.900000,-1.506754,-1.402249,-1.831110,-1.952046,3.542732E+9
12.905000,-1.459431,-1.379903,-1.780173,-1.919840,3.542732E+9
12.910000,-1.464689,-1.384504,-1.762427,-2.026645,3.542732E+9
12.915000,-1.407179,-1.358870,-1.671397,-1.786088,3.542732E+9
12.920000,-1.449901,-1.385818,-1.683227,-1.728249,3.542732E+9
12.925000,-1.382532,-1.337838,-1.614544,-1.631304,3.542732E+9
12.930000,-1.355256,-1.347697,-1.617173,-1.587596,3.542732E+9
12.935000,-1.387133,-1.346383,-1.542903,-1.617173,3.542732E+9
12.940000,-1.433798,-1.400278,-1.605342,-1.610929,3.542732E+9
12.945000,-1.413752,-1.364129,-1.651022,-1.645764,3.542732E+9
12.950000,-1.551118,-1.376288,-1.727592,-1.520556,3.542732E+9
12.955000,-1.453844,-1.382860,-1.763084,-1.808106,3.542732E+9
12.960000,-1.565249,-1.403235,-1.822895,-1.893879,3.542732E+9
12.965000,-1.650036,-1.464032,-1.898808,-1.976693,3.542732E+9
12.970000,-1.925756,-1.649378,-2.077254,-2.356588,3.542732E+9
12.975000,-2.366776,-1.926413,-2.248469,-2.169927,3.542732E+9
12.980000,-2.951079,-2.388137,-2.605361,-2.351330,3.542732E+9
12.985000,-2.940892,-2.696063,-2.902771,-2.756859,3.542732E+9
12.990000,-2.973755,-2.636909,-3.169289,-3.156473,3.542732E+9
12.995000,-2.994130,-2.473580,-3.123938,-3.436465,3.542732E+9
13.000000,-2.856762,-2.360532,-3.073001,-3.525195,3.542732E+9
13.005000,-2.796295,-2.399639,-2.933990,-3.406560,3.542732E+9
13.010000,-2.719067,-2.385508,-2.725311,-3.156144,3.542732E+9
13.015000,-2.599446,-2.215606,-2.545550,-2.751272,3.542732E+9
13.020000,-2.715452,-2.175185,-2.447947,-2.446633,3.542732E+9
13.025000,-2.500528,-2.141336,-2.269830,-2.190959,3.542732E+9
13.030000,-2.653012,-2.240911,-2.210677,-2.053921,3.542732E+9
13.035000,-2.581042,-2.252413,-2.220536,-1.884348,3.542732E+9
13.040000,-2.580056,-2.098286,-2.272459,-1.829139,3.542732E+9
13.045000,-2.518274,-2.106830,-2.185373,-1.921812,3.542732E+9
13.050000,-2.557381,-2.112746,-2.228094,-2.271473,3.542732E+9
13.055000,-2.549165,-2.150867,-2.284290,-2.432502,3.542732E+9
13.060000,-2.701321,-2.281990,-2.477524,-2.742071,3.542732E+9
13.065000,-2.754230,-2.346730,-2.652026,-2.839674,3.542732E+9
13.070000,-2.835073,-2.410155,-2.875166,-2.860706,3.542732E+9
13.075000,-2.826857,-2.421986,-2.676673,-2.809111,3.542732E+9
13.080000,-2.757845,-2.415084,-2.607661,-2.574798,3.542732E+9
13.085000,-2.699020,-2.333256,-2.302036,-2.366776,3.542732E+9
13.090000,-2.660899,-2.279032,-2.143308,-2.144294,3.542732E+9
13.095000,-2.460764,-2.181100,-2.019743,-1.987209,3.542732E+9
13.100000,-2.403254,-2.171899,-1.964534,-1.897493,3.542732E+9
13.105000,-2.298092,-2.081197,-1.920826,-1.845241,3.542732E+9
13.110000,-2.305651,-2.093356,-1.878433,-1.828481,3.542732E+9
13.115000,-2.169927,-2.015471,-1.869231,-1.808435,3.542732E+9
13.120000,-2.218564,-1.943830,-1.872846,-1.822895,3.542732E+9
13.125000,-2.084812,-1.912282,-1.820266,-1.847870,3.542732E+9
13.130000,-2.067395,-1.845241,-1.878762,-1.916883,3.542732E+9
13.135000,-1.903080,-1.720362,-1.907024,-1.965191,3.542732E+9
13.140000,-1.898808,-1.700645,-1.985566,-2.018758,3.542732E+9
13.145000,-1.804820,-1.666796,-1.935286,-2.041433,3.542732E+9
13.150000,-1.822895,-1.651350,-1.916883,-2.215606,3.542732E+9
13.155000,-1.724963,-1.634919,-1.818294,-1.998054,3.542732E+9
13.160000,-1.678955,-1.603042,-1.797919,-1.908010,3.542732E+9
13.165000,-1.569522,-1.480135,-1.701631,-1.779516,3.542732E+9
13.170000,-1.473891,-1.444314,-1.707546,-1.687499,3.542732E+9
13.175000,-1.352955,-1.344082,-1.566893,-1.626046,3.542732E+9
13.180000,-1.389433,-1.300046,-1.558677,-1.559991,3.542732E+9
13.185000,-1.337181,-1.296102,-1.585296,-1.548161,3.542732E+9
13.190000,-1.380231,-1.375302,-1.626374,-1.570508,3.542732E+9
13.195000,-1.390090,-1.355913,-1.659895,-1.642806,3.542732E+9
13.200000,-1.492622,-1.375631,-1.720362,-1.762756,3.542732E+9
13.205000,-1.408822,-1.374316,-1.687828,-1.785102,3.542732E+9
13.210000,-1.490322,-1.385818,-1.715433,-1.879747,3.542732E+9
13.215000,-1.455487,-1.400606,-1.734165,-1.918197,3.542732E+9
13.220000,-1.522856,-1.423610,-1.803506,-2.192602,3.542732E+9
13.225000,-1.489665,-1.416052,-1.777544,-1.949417,3.542732E+9
13.230000,-1.509711,-1.476848,-1.811393,-1.939229,3.542732E+9
13.235000,-1.465018,-1.403235,-1.776558,-1.864631,3.542732E+9
13.240000,-1.376945,-1.399620,-1.798905,-1.802848,3.542732E+9
13.245000,-1.399620,-1.374645,-1.688485,-1.762756,3.542732E+9
13.250000,-1.410465,-1.434784,-1.670739,-1.642806,3.542732E+9
13.255000,-1.373002,-1.316806,-1.638534,-1.617501,3.542732E+9
13.260000,-1.325350,-1.306947,-1.595812,-1.638205,3.542732E+9
13.265000,-1.355584,-1.345068,-1.571493,-1.672054,3.542732E+9
13.270000,-1.422953,-1.350655,-1.608957,-1.708532,3.542732E+9
13.275000,-1.428211,-1.386475,-1.648064,-1.734822,3.542732E+9
13.280000,-1.491308,-1.440042,-1.758483,-1.798576,3.542732E+9
13.285000,-1.503467,-1.533044,-1.757169,-1.914911,3.542732E+9
13.290000,-1.620459,-1.790360,-1.812050,-2.107487,3.542732E+9
13.295000,-1.809092,-2.185044,-1.819608,-2.342457,3.542732E+9
13.300000,-2.393395,-2.857091,-2.088756,-2.724653,3.542732E+9
13.305000,-2.739113,-2.896198,-2.512030,-3.102906,3.542732E+9
13.310000,-2.761131,-2.963896,-2.964553,-3.484774,3.542732E+9
13.315000,-2.514659,-2.817984,-3.051640,-3.794343,3.542732E+9
13.320000,-2.293492,-2.636581,-2.909343,-4.009267,3.542732E+9
13.325000,-2.322082,-2.503157,-2.753901,-3.789742,3.542732E+9
13.330000,-2.328655,-2.432502,-2.540621,-3.353322,3.542732E+9
13.335000,-2.214621,-2.415084,-2.328655,-2.780192,3.542732E+9
13.340000,-2.270488,-2.510716,-2.177157,-2.448933,3.542732E+9
13.345000,-2.064437,-2.390766,-1.974721,-2.187673,3.542732E+9
13.350000,-2.135421,-2.451234,-1.858058,-2.075282,3.542732E+9
13.355000,-2.067395,-2.499871,-1.819937,-2.082840,3.542732E+9
13.360000,-2.072981,-2.482453,-1.870546,-2.239268,3.542732E+9
13.365000,-2.040447,-2.453863,-1.860030,-2.284947,3.542732E+9
13.370000,-2.074953,-2.451891,-1.973078,-2.562968,3.542732E+9
13.375000,-2.182744,-2.519917,-2.153824,-2.801881,3.542732E+9
13.380000,-2.459449,-2.711180,-2.482453,-3.086803,3.542732E+9
13.385000,-2.550151,-2.844932,-2.644468,-3.259334,3.542732E+9
13.390000,-2.599446,-2.843617,-2.753244,-3.241916,3.542732E+9
13.395000,-2.565268,-2.830801,-2.653669,-3.116051,3.542732E+9
13.400000,-2.577756,-3.141684,-2.421657,-2.899813,3.542732E+9
13.405000,-2.451562,-2.790051,-2.095657,-2.603389,3.542732E+9
13.410000,-2.433488,-2.803524,-1.878104,-2.350016,3.542732E+9
13.415000,-2.244854,-2.578085,-1.758483,-2.120633,3.542732E+9
13.420000,-2.190631,-2.435131,-1.772286,-1.983266,3.542732E+9
13.425000,-2.009227,-2.310252,-1.765056,-1.901437,3.542732E+9
13.430000,-2.079554,-2.295135,-1.799562,-1.981294,3.542732E+9
13.435000,-1.947116,-2.219550,-1.812707,-1.928056,3.542732E+9
13.440000,-2.039133,-2.142979,-1.835054,-2.010542,3.542732E+9
13.445000,-1.931014,-2.105516,-1.809421,-2.043405,3.542732E+9
13.450000,-1.879419,-1.996739,-1.860358,-2.012185,3.542732E+9
13.455000,-1.802520,-1.889935,-1.857729,-2.058522,3.542732E+9
13.460000,-1.828810,-1.838669,-1.912939,-2.207391,3.542732E+9
13.465000,-1.729564,-1.780173,-1.868574,-2.084483,3.542732E+9
13.470000,-1.698344,-1.757169,-1.875147,-2.103873,3.542732E+9
13.475000,-1.632618,-1.660552,-1.784445,-1.995096,3.542732E+9
13.480000,-1.572808,-1.607971,-1.832096,-1.866602,3.542732E+9
13.485000,-1.492294,-1.482106,-1.691772,-1.764727,3.542732E+9
13.490000,-1.424268,-1.258639,-1.621116,-1.647078,3.542732E+9
13.495000,-1.302675,-1.300375,-1.572151,-1.595812,3.542732E+9
13.500000,-1.327979,-1.280985,-1.566235,-1.594826,3.542732E+9
13.505000,-1.290844,-1.303989,-1.579709,-1.588253,3.542732E+9
13.510000,-1.436756,-1.335866,-1.646749,-1.653322,3.542732E+9
13.515000,-1.422624,-1.361500,-1.673040,-1.671068,3.542732E+9
13.520000,-1.506754,-1.412108,-1.713790,-1.790689,3.542732E+9
13.525000,-1.467975,-1.435770,-1.680270,-1.803834,3.542732E+9
13.530000,-1.503467,-1.427554,-1.741395,-1.929699,3.542732E+9
13.535000,-1.472905,-1.410137,-1.739751,-1.871860,3.542732E+9
13.540000,-1.502810,-1.440699,-1.793975,-1.942187,3.542732E+9
13.545000,-1.461731,-1.386147,-1.787403,-1.943173,3.542732E+9
13.550000,-1.475862,-1.445957,-1.842941,-1.948102,3.542732E+9
13.555000,-1.450887,-1.392719,-1.788389,-1.917540,3.542732E+9
13.560000,-1.501495,-1.435441,-1.784445,-1.861016,3.542732E+9
13.565000,-1.412766,-1.345068,-1.696044,-1.782145,3.542732E+9
13.570000,-1.401921,-1.319435,-1.634262,-1.699987,3.542732E+9
13.575000,-1.371687,-1.327979,-1.559663,-1.656280,3.542732E+9
13.580000,-1.407836,-1.336524,-1.578066,-1.621774,3.542732E+9
13.585000,-1.379574,-1.348683,-1.557034,-1.574122,3.542732E+9
13.590000,-1.415395,-1.369715,-1.630975,-1.607314,3.542732E+9
13.595000,-1.411780,-1.387133,-1.628675,-1.667782,3.542732E+9
13.600000,-1.486379,-1.461731,-1.726606,-1.730550,3.542732E+9
13.605000,-1.459760,-1.382532,-1.763741,-1.786088,3.542732E+9
13.610000,-1.506425,-1.427225,-1.869560,-1.874161,3.542732E+9
13.615000,-1.539945,-1.450887,-1.837683,-1.951389,3.542732E+9
13.620000,-1.792661,-1.632947,-1.986552,-2.026973,3.542732E+9
13.625000,-2.073967,-1.790360,-2.111760,-2.139365,3.542732E+9
13.630000,-2.737799,-2.249455,-2.375320,-2.289877,3.542732E+9
13.635000,-2.919859,-2.674044,-2.707893,-2.588272,3.542732E+9
13.640000,-3.035537,-2.779534,-2.991829,-3.093376,3.542732E+9
13.645000,-3.059198,-2.639210,-3.098305,-3.396701,3.542732E+9
13.650000,-2.888968,-2.523532,-3.117366,-3.538669,3.542732E+9
13.655000,-2.814369,-2.487054,-2.975726,-3.547542,3.542732E+9
13.660000,-2.823571,-2.553437,-2.853476,-3.507449,3.542732E+9
13.665000,-2.693434,-2.396681,-2.619821,-3.059198,3.542732E+9
13.670000,-2.668786,-2.358889,-2.522875,-2.681603,3.542732E+9
13.675000,-2.531748,-2.244197,-2.400625,-2.344429,3.542732E+9
13.680000,-2.647097,-2.269830,-2.362504,-2.212320,3.542732E+9
13.685000,-2.625407,-2.342457,-2.237625,-2.077254,3.542732E+9
13.690000,-2.547522,-2.246498,-2.238282,-1.914582,3.542732E+9
13.695000,-2.486068,-2.139036,-2.184715,-1.897822,3.542732E+9
13.700000,-2.524847,-2.181429,-2.170584,-2.119975,3.542732E+9
13.705000,-2.486726,-2.161711,-2.197861,-2.333913,3.542732E+9
13.710000,-2.588272,-2.274102,-2.314195,-2.517288,3.542732E+9
13.715000,-2.711180,-2.339500,-2.515974,-2.736813,3.542732E+9
13.720000,-3.064456,-2.443347,-2.682589,-3.090418,3.542732E+9
13.725000,-2.806811,-2.494613,-2.675688,-2.776905,3.542732E+9
13.730000,-2.851833,-2.467994,-2.570526,-2.706250,3.542732E+9
13.735000,-2.710194,-2.397010,-2.415742,-2.505129,3.542732E+9
13.740000,-2.699678,-2.373020,-2.219550,-2.362832,3.542732E+9
13.745000,-2.513016,-2.284290,-2.055564,-2.150209,3.542732E+9
13.750000,-2.423957,-2.235981,-2.004627,-2.022701,3.542732E+9
13.755000,-2.324711,-2.163683,-1.937915,-1.923784,3.542732E+9
13.760000,-2.329969,-2.124576,-1.921812,-2.018758,3.542732E+9
13.765000,-2.209363,-2.087112,-1.878433,-1.859044,3.542732E+9
13.770000,-2.175185,-2.077582,-1.861344,-1.845899,3.542732E+9
13.775000,-2.118661,-1.957633,-1.828153,-1.857729,3.542732E+9
13.780000,-2.055893,-1.901108,-2.043733,-1.889935,3.542732E+9
13.785000,-1.920497,-1.796604,-1.848199,-1.906038,3.542732E+9
13.790000,-1.910639,-1.725949,-1.933971,-1.924441,3.542732E+9
13.795000,-1.806135,-1.685856,-1.896179,-2.001012,3.542732E+9
13.800000,-1.836040,-1.830453,-1.930356,-2.026973,3.542732E+9
13.805000,-1.730221,-1.623417,-1.844913,-2.009227,3.542732E+9
13.810000,-1.709189,-1.647407,-1.799233,-1.946459,3.542732E+9
13.815000,-1.578395,-1.522199,-1.723977,-1.854772,3.542732E+9
13.820000,-1.588582,-1.418681,-1.702288,-1.828810,3.542732E+9
13.825000,-1.396006,-1.360514,-1.630975,-1.694729,3.542732E+9
13.830000,-1.382532,-1.314834,-1.590554,-1.647078,3.542732E+9
13.835000,-1.358870,-1.316149,-1.590225,-1.604356,3.542732E+9
13.840000,-1.418024,-1.331266,-1.665153,-1.682899,3.542732E+9
13.845000,-1.373002,-1.342110,-1.633604,-1.593183,3.542732E+9
13.850000,-1.415066,-1.389433,-1.666796,-1.689800,3.542732E+9
13.855000,-1.391076,-1.354598,-1.661209,-1.741723,3.542732E+9
13.860000,-1.447272,-1.382203,-1.785760,-1.811721,3.542732E+9
13.865000,-1.421967,-1.372344,-1.706231,-1.870546,3.542732E+9
13.870000,-1.494923,-1.281643,-1.749282,-1.893550,3.542732E+9
13.875000,-1.460745,-1.411780,-1.785760,-1.934300,3.542732E+9
13.880000,-1.541917,-1.441356,-1.814679,-1.976693,3.542732E+9
13.885000,-1.465675,-1.429197,-1.783459,-1.929042,3.542732E+9
13.890000,-1.519241,-1.423939,-1.766042,-1.859372,3.542732E+9
13.895000,-1.432812,-1.379574,-1.723649,-1.785760,3.542732E+9
13.900000,-1.436098,-1.384504,-1.723320,-1.719048,3.542732E+9
13.905000,-1.369715,-1.331594,-1.626374,-1.665810,3.542732E+9
13.910000,-1.368401,-1.323050,-1.638205,-1.679284,3.542732E+9
13.915000,-1.341453,-1.312534,-1.596798,-1.652993,3.542732E+9
13.920000,-1.406522,-1.364129,-1.694401,-1.680598,3.542732E+9
13.925000,-1.402578,-1.371687,-1.662852,-1.726606,3.542732E+9
13.930000,-1.459102,-1.396991,-1.719705,-1.742381,3.542732E+9
13.935000,-1.419995,-1.430840,-1.712475,-1.824538,3.542732E+9
13.940000,-1.523842,-1.548489,-1.739751,-1.901437,3.542732E+9
13.945000,-1.602056,-1.734822,-1.762427,-2.047020,3.542732E+9
13.950000,-1.870874,-2.180443,-1.826838,-2.358560,3.542732E+9
13.955000,-2.358560,-2.805825,-2.019743,-2.677988,3.542732E+9
13.960000,-2.766389,-2.869250,-2.679302,-3.085489,3.542732E+9
13.965000,-2.714137,-2.833758,-2.932019,-3.414776,3.542732E+9
13.970000,-2.494613,-2.751272,-3.006946,-3.853825,3.542732E+9
13.975000,-2.226451,-2.526490,-2.862020,-3.897862,3.542732E+9
13.980000,-2.335885,-2.449591,-2.736813,-3.723688,3.542732E+9
13.985000,-2.257342,-2.346072,-2.527476,-3.143327,3.542732E+9
13.990000,-2.110117,-2.334899,-2.351330,-2.639867,3.542732E+9
13.995000,-2.212320,-2.466679,-2.117018,-2.370391,3.542732E+9
14.000000,-2.131149,-2.649726,-1.944159,-2.173542,3.542732E+9
14.005000,-2.094342,-2.377292,-1.832425,-2.118332,3.542732E+9
14.010000,-2.100915,-2.509072,-1.824538,-2.032560,3.542732E+9
14.015000,-2.077582,-2.423300,-1.874161,-2.109788,3.542732E+9
14.020000,-2.227437,-2.390766,-1.889278,-2.295792,3.542732E+9
14.025000,-2.085469,-2.357574,-1.986223,-2.438746,3.542732E+9
14.030000,-2.308609,-2.496585,-2.164340,-2.766718,3.542732E+9
14.035000,-2.432502,-2.675359,-2.424615,-3.012861,3.542732E+9
14.040000,-2.648411,-2.800238,-2.760803,-3.220555,3.542732E+9
14.045000,-2.617192,-2.816998,-2.726296,-3.180463,3.542732E+9
14.050000,-2.614234,-2.822914,-2.642167,-3.118023,3.542732E+9
14.055000,-2.549494,-2.825214,-2.412784,-2.873523,3.542732E+9
14.060000,-2.566911,-2.790708,-2.134764,-2.710194,3.542732E+9
14.065000,-2.456163,-2.723010,-1.886977,-2.340486,3.542732E+9
14.070000,-2.320439,-2.634938,-1.792003,-2.132135,3.542732E+9
14.075000,-2.173871,-2.475881,-1.784445,-1.957633,3.542732E+9
14.080000,-2.098286,-2.339171,-1.865616,-1.891578,3.542732E+9
14.085000,-2.032560,-2.302693,-1.827167,-1.902094,3.542732E+9
14.090000,-2.048663,-2.256685,-1.842284,-1.900122,3.542732E+9
14.095000,-1.988852,-2.172885,-1.824866,-1.979322,3.542732E+9
14.100000,-2.060493,-2.213306,-1.842284,-2.012185,3.542732E+9
14.105000,-1.924770,-2.035189,-1.869889,-2.089084,3.542732E+9
14.110000,-1.927070,-1.976364,-1.885334,-2.065094,3.542732E+9
14.115000,-1.816651,-1.884020,-1.901108,-2.122276,3.542732E+9
14.120000,-1.834397,-1.798576,-1.877118,-2.192602,3.542732E+9
14.125000,-1.692100,-1.722334,-1.870217,-2.060822,3.542732E+9
14.130000,-1.650693,-1.659566,-1.787403,-1.991481,3.542732E+9
14.135000,-1.574451,-1.604685,-1.730550,-1.843270,3.542732E+9
14.140000,-1.512012,-1.497552,-1.695715,-2.017772,3.542732E+9
14.145000,-1.398963,-1.402907,-1.637548,-1.644120,3.542732E+9
14.150000,-1.330280,-1.333566,-1.613558,-1.608300,3.542732E+9
14.155000,-1.298403,-1.284272,-1.583324,-1.599756,3.542732E+9
14.160000,-1.330937,-1.318449,-1.661866,-1.594169,3.542732E+9
14.165000,-1.327322,-1.336524,-1.625389,-1.608628,3.542732E+9
14.170000,-1.448258,-1.219203,-1.702945,-1.643463,3.542732E+9
14.175000,-1.453516,-1.413423,-1.678626,-1.731536,3.542732E+9
14.180000,-1.501824,-1.448586,-1.694729,-1.810735,3.542732E+9
14.185000,-1.465018,-1.418352,-1.705903,-1.866931,3.542732E+9
14.190000,-1.515298,-1.415066,-1.761770,-1.924441,3.542732E+9
14.195000,-1.498209,-1.428868,-1.801205,-1.915568,3.542732E+9
14.200000,-1.513983,-1.412437,-1.903737,-1.978993,3.542732E+9
14.205000,-1.466989,-1.430840,-1.800548,-1.948760,3.542732E+9
14.210000,-1.455487,-1.405207,-1.796933,-1.968477,3.542732E+9
14.215000,-1.457788,-1.379903,-1.749939,-1.853129,3.542732E+9
14.220000,-1.426568,-1.360842,-1.784445,-1.758812,3.542732E+9
14.225000,-1.357556,-1.334552,-1.629332,-1.685856,3.542732E+9
14.230000,-1.393377,-1.329622,-1.593183,-1.635247,3.542732E+9
14.235000,-1.348026,-1.336524,-1.563935,-1.605671,3.542732E+9
14.240000,-1.416381,-1.359856,-1.560977,-1.595155,3.542732E+9
14.245000,-1.434127,-1.372344,-1.605014,-1.643463,3.542732E+9
14.250000,-1.434127,-1.389104,-1.648064,-1.718391,3.542732E+9
14.255000,-1.434127,-1.390419,-1.715104,-1.712147,3.542732E+9
14.260000,-1.511683,-1.383189,-1.943173,-1.808106,3.542732E+9
14.265000,-1.569850,-1.461403,-1.873175,-1.864631,3.542732E+9
14.270000,-1.791675,-1.552762,-1.993453,-2.037818,3.542732E+9
14.275000,-2.165983,-1.801534,-2.167627,-2.180443,3.542732E+9
14.280000,-2.815026,-2.178800,-2.576441,-2.396024,3.542732E+9
14.285000,-2.968496,-2.652683,-2.894226,-2.738456,3.542732E+9
14.290000,-2.911972,-2.687190,-3.155487,-3.175533,3.542732E+9
14.295000,-2.984271,-2.458135,-3.196894,-3.482473,3.542732E+9
14.300000,-2.910986,-2.386494,-3.177176,-3.567588,3.542732E+9
14.305000,-2.781506,-2.352974,-3.008589,-3.460784,3.542732E+9
14.310000,-2.801881,-2.444990,-2.788407,-3.278394,3.542732E+9
14.315000,-2.682917,-2.314853,-2.629022,-2.808782,3.542732E+9
14.320000,-2.686532,-2.178800,-2.482453,-2.477195,3.542732E+9
14.325000,-2.506115,-2.131806,-2.355931,-2.228752,3.542732E+9
14.330000,-2.536349,-2.171899,-2.273774,-2.124248,3.542732E+9
14.335000,-2.597802,-2.263915,-2.265229,-2.018758,3.542732E+9
14.340000,-2.606347,-2.170256,-2.268516,-2.027959,3.542732E+9
14.345000,-2.554423,-2.111431,-2.269830,-1.969463,3.542732E+9
14.350000,-2.534706,-2.133778,-2.315838,-2.172556,3.542732E+9
14.355000,-2.579728,-2.151195,-2.358232,-2.483111,3.542732E+9
14.360000,-2.692448,-2.230723,-2.601417,-2.668129,3.542732E+9
14.365000,-2.736484,-2.311238,-2.611605,-2.832115,3.542732E+9
14.370000,-2.886996,-2.399310,-2.765075,-2.836059,3.542732E+9
14.375000,-2.861035,-2.445976,-2.693762,-2.736155,3.542732E+9
14.380000,-2.876152,-2.736813,-2.613577,-2.563954,3.542732E+9
14.385000,-2.721696,-2.332598,-2.393395,-2.395367,3.542732E+9
14.390000,-2.660899,-2.336542,-2.168941,-2.208705,3.542732E+9
14.395000,-2.501843,-2.219221,-2.079883,-2.113403,3.542732E+9
14.400000,-2.424615,-2.144294,-2.050635,-1.978993,3.542732E+9
14.405000,-2.354288,-2.108802,-2.009556,-1.891907,3.542732E+9
14.410000,-2.349687,-2.045705,-1.934300,-1.928056,3.542732E+9
14.415000,-2.252413,-2.070352,-1.945473,-1.913268,3.542732E+9
14.420000,-2.266873,-2.035189,-1.895850,-1.921812,3.542732E+9
14.425000,-2.160725,-1.938901,-1.920497,-1.864959,3.542732E+9
14.430000,-2.125562,-1.865616,-1.923127,-1.913925,3.542732E+9
14.435000,-1.994439,-1.839655,-1.909324,-1.949088,3.542732E+9
14.440000,-1.952046,-1.739751,-1.927399,-2.100586,3.542732E+9
14.445000,-1.874161,-1.684213,-1.919840,-2.016129,3.542732E+9
14.450000,-1.832754,-1.711489,-1.909981,-2.025330,3.542732E+9
14.455000,-1.744352,-1.622431,-1.846556,-1.962891,3.542732E+9
14.460000,-1.673697,-1.572479,-1.858058,-1.906038,3.542732E+9
14.465000,-1.575766,-1.524499,-1.719376,-1.847870,3.542732E+9
14.470000,-1.515955,-1.436756,-1.630975,-1.745995,3.542732E+9
14.475000,-1.427883,-1.369058,-1.644120,-1.682570,3.542732E+9
14.480000,-1.413423,-1.355913,-1.602713,-1.651022,3.542732E+9
14.485000,-1.389433,-1.324693,-1.571822,-1.608957,3.542732E+9
14.490000,-1.508397,-1.370372,-1.617830,-1.620131,3.542732E+9
14.495000,-1.429197,-1.380231,-1.689143,-1.581681,3.542732E+9
14.500000,-1.470933,-1.366429,-1.674683,-1.651022,3.542732E+9
14.505000,-1.450887,-1.378588,-1.683227,-1.724963,3.542732E+9
14.510000,-1.424268,-1.379245,-1.736794,-2.081526,3.542732E+9
14.515000,-1.449901,-1.383846,-1.742709,-1.885663,3.542732E+9
14.520000,-1.496237,-1.418352,-1.777872,-1.995096,3.542732E+9
14.525000,-1.489008,-1.424596,-1.794633,-1.985237,3.542732E+9
14.530000,-1.509054,-1.419010,-1.854443,-1.952375,3.542732E+9
14.535000,-1.489665,-1.407508,-1.749610,-1.938572,3.542732E+9
14.540000,-1.492622,-1.450229,-1.723649,-1.862659,3.542732E+9
14.545000,-1.425582,-1.381874,-1.702945,-1.794961,3.542732E+9
14.550000,-1.499195,-1.342110,-1.659566,-1.670082,3.542732E+9
14.555000,-1.389433,-1.363800,-1.584639,-1.593840,3.542732E+9
14.560000,-1.391405,-1.332909,-1.588911,-1.659237,3.542732E+9
14.565000,-1.396334,-1.333895,-1.632947,-1.600084,3.542732E+9
14.570000,-1.398963,-1.349997,-1.647078,-1.679941,3.542732E+9
14.575000,-1.400278,-1.365443,-1.648393,-1.728578,3.542732E+9
14.580000,-1.451872,-1.417695,-1.697687,-1.838340,3.542732E+9
14.585000,-1.454830,-1.404550,-1.713461,-1.847870,3.542732E+9
14.590000,-1.476191,-1.478163,-1.800548,-1.880076,3.542732E+9
14.595000,-1.577737,-1.624731,-1.782473,-2.019415,3.542732E+9
14.600000,-1.779844,-1.993782,-1.816979,-2.186687,3.542732E+9
14.605000,-2.045705,-2.446304,-1.933643,-2.471280,3.542732E+9
14.610000,-2.647754,-2.882396,-2.184058,-2.759817,3.542732E+9
14.615000,-2.716109,-2.843289,-2.569869,-3.068728,3.542732E+9
14.620000,-2.598460,-2.761788,-2.896855,-3.452239,3.542732E+9
14.625000,-2.376963,-2.695077,-2.861363,-3.640216,3.542732E+9
14.630000,-2.238939,-2.557381,-2.752587,-3.785142,3.542732E+9
14.635000,-2.259971,-2.471609,-2.606018,-3.488389,3.542732E+9
14.640000,-2.146594,-2.229080,-2.361518,-3.129854,3.542732E+9
14.645000,-2.099272,-2.347715,-2.169598,-2.557052,3.542732E+9
14.650000,-2.068052,-2.435459,-2.118332,-2.378607,3.542732E+9
14.655000,-2.067395,-2.400296,-1.886649,-2.190631,3.542732E+9
14.660000,-2.122933,-2.475552,-1.842941,-2.067723,3.542732E+9
14.665000,-2.040118,-2.517617,-1.842612,-2.060822,3.542732E+9
14.670000,-2.020729,-2.520903,-1.814679,-2.161054,3.542732E+9
14.675000,-1.987538,-2.407855,-1.837026,-2.464379,3.542732E+9
14.680000,-2.038804,-2.468651,-1.929370,-2.600103,3.542732E+9
14.685000,-2.164669,-2.574141,-2.175185,-2.830801,3.542732E+9
14.690000,-2.438089,-2.751930,-2.405883,-3.111779,3.542732E+9
14.695000,-2.515316,-2.869579,-2.626065,-3.142013,3.542732E+9
14.700000,-2.581371,-2.852162,-2.626393,-3.200180,3.542732E+9
14.705000,-2.510058,-2.855777,-2.500199,-3.044410,3.542732E+9
14.710000,-2.417713,-2.823242,-2.279689,-2.823242,3.542732E+9
14.715000,-2.373677,-2.823242,-1.999368,-2.520246,3.542732E+9
14.720000,-2.325697,-2.722024,-1.797590,-2.521560,3.542732E+9
14.725000,-2.223165,-2.658927,-1.729893,-2.092042,3.542732E+9
14.730000,-2.129834,-2.540949,-1.757826,-2.016786,3.542732E+9
14.735000,-2.092371,-2.437431,-1.799891,-1.938901,3.542732E+9
14.740000,-2.066409,-2.415413,-1.893550,-1.958618,3.542732E+9
14.745000,-2.021058,-2.351002,-1.819608,-2.027631,3.542732E+9
14.750000,-2.042090,-2.293492,-1.833739,-2.053264,3.542732E+9
14.755000,-1.989838,-2.241568,-1.869889,-2.095985,3.542732E+9
14.760000,-1.964862,-2.221850,-1.868574,-2.125233,3.542732E+9
14.765000,-1.899137,-2.056221,-1.918526,-2.205090,3.542732E+9
14.770000,-1.838012,-2.034532,-1.900451,-2.145280,3.542732E+9
14.775000,-1.824209,-1.903737,-1.881391,-2.143308,3.542732E+9
14.780000,-1.818951,-1.844584,-1.846885,-2.122933,3.542732E+9
14.785000,-1.680927,-1.775243,-1.822566,-1.912282,3.542732E+9
14.790000,-1.611915,-1.640834,-1.805477,-1.829139,3.542732E+9
14.795000,-1.545860,-1.591540,-1.657266,-1.715433,3.542732E+9
14.800000,-1.399949,-1.442342,-1.621116,-1.726606,3.542732E+9
14.805000,-1.371030,-1.357885,-1.605014,-1.546518,3.542732E+9
14.810000,-1.314177,-1.321407,-1.582338,-1.555719,3.542732E+9
14.815000,-1.338824,-1.326008,-1.602056,-1.589239,3.542732E+9
14.820000,-1.413094,-1.343096,-1.645764,-1.637876,3.542732E+9
14.825000,-1.425582,-1.365772,-1.689471,-1.712147,3.542732E+9
14.830000,-1.462717,-1.452201,-1.681584,-1.769657,3.542732E+9
14.835000,-1.483092,-1.438399,-1.717733,-1.885334,3.542732E+9
14.840000,-1.613229,-1.440699,-1.736794,-1.818951,3.542732E+9
14.845000,-1.476520,-1.434127,-1.835711,-1.891249,3.542732E+9
14.850000,-1.489008,-1.402249,-1.784774,-1.940544,3.542732E+9
14.855000,-1.500838,-1.421639,-1.803506,-1.908995,3.542732E+9
14.860000,-1.483092,-1.412437,-1.797262,-1.969792,3.542732E+9
14.865000,-1.478491,-1.406522,-1.757169,-1.849514,3.542732E+9
14.870000,-1.421967,-1.381546,-1.731864,-1.822566,3.542732E+9
14.875000,-1.454173,-1.382203,-1.702288,-1.724306,3.542732E+9
14.880000,-1.563935,-1.362157,-1.679612,-1.689471,3.542732E+9
14.885000,-1.397977,-1.345397,-1.601727,-1.655951,3.542732E+9
14.890000,-1.361828,-1.382203,-1.566893,-1.634919,3.542732E+9
14.895000,-1.427883,-1.355913,-1.608957,-1.641491,3.542732E+9
14.900000,-1.502153,-1.370701,-1.633276,-1.767685,3.542732E+9
14.905000,-1.482106,-1.430840,-1.711818,-1.672383,3.542732E+9
14.910000,-1.546189,-1.430840,-1.780173,-1.764727,3.542732E+9
14.915000,-1.712475,-1.564264,-1.896836,-1.845570,3.542732E+9
14.920000,-1.967820,-1.742381,-2.065094,-2.153496,3.542732E+9
14.925000,-2.464379,-2.122933,-2.259314,-2.313867,3.542732E+9
14.930000,-2.833430,-2.475224,-2.616863,-2.686204,3.542732E+9
14.935000,-2.947793,-2.701649,-2.964553,-3.062485,3.542732E+9
14.940000,-2.876480,-2.559681,-3.210368,-3.472614,3.542732E+9
14.945000,-2.733855,-2.355603,-3.182106,-3.628056,3.542732E+9
14.950000,-2.699678,-2.324054,-3.020749,-3.570218,3.542732E+9
14.955000,-2.608319,-2.289219,-2.793337,-3.387828,3.542732E+9
14.960000,-2.507429,-2.208705,-2.544564,-2.921174,3.542732E+9
14.965000,-2.410484,-2.104858,-2.439074,-2.405883,3.542732E+9
14.970000,-2.324054,-1.983923,-2.228423,-2.095000,3.542732E+9
14.975000,-2.291520,-2.004627,-2.125562,-1.931342,3.542732E+9
14.980000,-2.328326,-2.105844,-2.083826,-1.909653,3.542732E+9
14.985000,-2.340157,-2.193260,-2.059508,-1.791018,3.542732E+9
14.990000,-2.343772,-2.034203,-2.093356,-1.955332,3.542732E+9
14.995000,-2.361847,-2.031574,-2.154481,-1.987209,3.542732E+9
15.000000,-2.422972,-2.110774,-2.258657,-2.359217,3.542732E+9
15.005000,-2.600760,-2.168613,-2.391423,-2.678317,3.542732E+9
15.010000,-2.670758,-2.292177,-2.751930,-2.893240,3.542732E+9
15.015000,-2.793337,-2.421328,-2.735498,-3.025349,3.542732E+9
15.020000,-2.869579,-2.488040,-2.818313,-3.011218,3.542732E+9
15.025000,-2.820285,-2.503157,-2.753244,-2.825871,3.542732E+9
15.030000,-2.808454,-2.589258,-2.463722,-2.551794,3.542732E+9
15.035000,-2.729911,-2.402597,-2.302365,-2.372691,3.542732E+9
15.040000,-2.627050,-2.367762,-2.084155,-2.173542,3.542732E+9
15.045000,-2.477195,-2.270816,-2.025987,-2.073639,3.542732E+9
15.050000,-2.371377,-2.178471,-1.984252,-1.915897,3.542732E+9
15.055000,-2.313209,-2.145937,-1.967163,-1.903080,3.542732E+9
15.060000,-2.375320,-2.146594,-1.937258,-1.961576,3.542732E+9
15.065000,-2.314524,-2.154481,-1.959933,-1.943173,3.542732E+9
15.070000,-2.327340,-2.132135,-1.903080,-2.033217,3.542732E+9
15.075000,-2.242883,-2.118661,-1.938243,-1.997068,3.542732E+9
15.080000,-2.211992,-1.993782,-2.009885,-2.058193,3.542732E+9
15.085000,-2.128520,-1.965191,-2.016457,-2.040118,3.542732E+9
15.090000,-2.058522,-1.895850,-2.001669,-2.190959,3.542732E+9
15.095000,-2.017443,-1.866274,-1.960262,-2.094342,3.542732E+9
15.100000,-1.963548,-1.819937,-1.920497,-2.123919,3.542732E+9
15.105000,-1.889935,-1.735151,-1.885663,-2.006270,3.542732E+9
15.110000,-1.740737,-1.650364,-1.897822,-1.857401,3.542732E+9
15.115000,-1.672711,-1.555062,-1.731536,-1.799233,3.542732E+9
15.120000,-1.545532,-1.606985,-1.629332,-1.751582,3.542732E+9
15.125000,-1.434784,-1.384832,-1.589239,-1.646421,3.542732E+9
15.130000,-1.400935,-1.355913,-1.554733,-1.600741,3.542732E+9
15.135000,-1.386475,-1.335866,-1.595483,-1.566564,3.542732E+9
15.140000,-1.443985,-1.320092,-1.585624,-1.623088,3.542732E+9
15.145000,-1.434784,-1.375302,-1.646421,-1.585296,3.542732E+9
15.150000,-1.445957,-1.374973,-1.639520,-1.674683,3.542732E+9
15.155000,-1.484407,-1.458445,-1.722663,-1.703931,3.542732E+9
15.160000,-1.481120,-1.376945,-1.732522,-1.967163,3.542732E+9
15.165000,-1.483092,-1.414737,-1.771300,-1.922469,3.542732E+9
15.170000,-1.500510,-1.429197,-1.815665,-1.999368,3.542732E+9
15.175000,-1.582995,-1.426568,-1.833739,-2.036175,3.542732E+9
15.180000,-1.491308,-1.432155,-1.876790,-2.016457,3.542732E+9
15.185000,-1.518584,-1.406522,-1.799233,-1.954018,3.542732E+9
15.190000,-1.477506,-1.414409,-1.732522,-1.852800,3.542732E+9
15.195000,-1.436756,-1.384504,-1.689800,-1.793647,3.542732E+9
15.200000,-1.531729,-1.359199,-1.642806,-1.571165,3.542732E+9
15.205000,-1.439385,-1.357556,-1.658251,-1.552762,3.542732E+9
15.210000,-1.395677,-1.332909,-1.573137,-1.559991,3.542732E+9
15.215000,-1.403564,-1.331923,-1.532715,-1.524828,3.542732E+9
15.220000,-1.404550,-1.333895,-1.630647,-1.908338,3.542732E+9
15.225000,-1.434784,-1.387790,-1.647735,-1.631304,3.542732E+9
15.230000,-1.424596,-1.378260,-1.682899,-1.790032,3.542732E+9
15.235000,-1.510368,-1.410794,-1.713790,-1.887635,3.542732E+9
15.240000,-1.463374,-1.465018,-1.832425,-1.964534,3.542732E+9
15.245000,-1.594826,-1.581681,-1.866931,-2.067723,3.542732E+9
15.250000,-1.734822,-1.865616,-1.879747,-2.239268,3.542732E+9
15.255000,-2.001340,-2.257014,-2.009885,-2.579399,3.542732E+9
15.260000,-2.538649,-2.740756,-2.184387,-2.587615,3.542732E+9
15.265000,-2.702964,-2.745686,-2.636909,-2.978355,3.542732E+9
15.270000,-2.679631,-2.744042,-2.891597,-3.332618,3.542732E+9
15.275000,-2.572498,-2.701321,-2.941877,-3.527824,3.542732E+9
15.280000,-2.366447,-2.544236,-2.805168,-3.983963,3.542732E+9
15.285000,-2.550480,-2.587286,-2.747986,-3.602752,3.542732E+9
15.290000,-2.495270,-2.594187,-2.698034,-3.250461,3.542732E+9
15.295000,-2.521889,-2.511701,-2.511044,-2.861035,3.542732E+9
15.300000,-2.403582,-2.535034,-2.396024,-2.622450,3.542732E+9
15.305000,-2.325697,-2.472266,-2.194246,-2.484097,3.542732E+9
15.310000,-2.350344,-2.561982,-2.042748,-2.371048,3.542732E+9
15.315000,-2.299078,-2.559353,-2.013828,-2.302693,3.542732E+9
15.320000,-2.306308,-2.595502,-2.059179,-2.322082,3.542732E+9
15.325000,-2.260629,-2.482782,-2.043405,-2.557710,3.542732E+9
15.330000,-2.244197,-2.474566,-2.108473,-2.557052,3.542732E+9
15.335000,-2.336871,-2.545222,-2.284947,-2.797938,3.542732E+9
15.340000,-2.643482,-2.647754,-2.449919,-3.025021,3.542732E+9
15.345000,-2.686204,-2.772962,-2.801224,-3.038495,3.542732E+9
15.350000,-2.652026,-2.751272,-2.612591,-3.048682,3.542732E+9
15.355000,-2.591887,-2.723010,-2.562639,-2.883710,3.542732E+9
15.360000,-2.560667,-2.683903,-2.193917,-2.754887,3.542732E+9
15.365000,-2.482782,-2.656956,-2.110445,-2.479496,3.542732E+9
15.370000,-2.397338,-2.554423,-1.965520,-2.321425,3.542732E+9
15.375000,-2.331941,-2.499214,-1.884348,-2.121290,3.542732E+9
15.380000,-2.216264,-2.359875,-1.864302,-2.150209,3.542732E+9
15.385000,-2.113074,-2.281661,-1.891907,-1.941201,3.542732E+9
15.390000,-2.082840,-2.196875,-1.906695,-1.948431,3.542732E+9
15.395000,-2.132792,-2.127534,-1.862987,-1.953032,3.542732E+9
15.400000,-1.983594,-2.039133,-1.883034,-1.972421,3.542732E+9
15.405000,-1.932328,-1.979979,-1.807778,-1.980637,3.542732E+9
15.410000,-1.860030,-1.873504,-1.886649,-1.931014,3.542732E+9
15.415000,-1.774258,-1.731864,-1.908010,-1.980308,3.542732E+9
15.420000,-1.763741,-1.758483,-1.840312,-2.031903,3.542732E+9
15.425000,-1.687828,-1.672711,-1.858715,-2.440389,3.542732E+9
15.430000,-1.659566,-1.638205,-1.794633,-1.985566,3.542732E+9
15.435000,-1.615201,-1.576751,-1.791346,-1.940872,3.542732E+9
15.440000,-1.658580,-1.523185,-1.744024,-1.869889,3.542732E+9
15.445000,-1.481449,-1.440042,-1.762098,-1.674354,3.542732E+9
15.450000,-1.444971,-1.372344,-1.627032,-1.677969,3.542732E+9
15.455000,-1.367086,-1.321078,-1.594169,-1.599098,3.542732E+9
15.460000,-1.365772,-1.300703,-1.623088,-1.609614,3.542732E+9
15.465000,-1.398306,-1.340796,-1.652008,-1.600741,3.542732E+9
15.470000,-1.377931,-1.397649,-1.675012,-1.753554,3.542732E+9
15.475000,-1.524499,-1.375631,-1.685856,-1.783459,3.542732E+9
15.480000,-1.473233,-1.398963,-1.833082,-1.819280,3.542732E+9
15.485000,-1.498209,-1.403235,-1.724306,-1.849842,3.542732E+9
15.490000,-1.488022,-1.417038,-1.677969,-1.849842,3.542732E+9
15.495000,-1.503139,-1.417366,-1.754868,-2.068381,3.542732E+9
15.500000,-1.496895,-1.442014,-1.730221,-1.889278,3.542732E+9
15.505000,-1.501824,-1.429526,-1.782473,-1.879747,3.542732E+9
15.510000,-1.569193,-1.404550,-1.769657,-1.901766,3.542732E+9
15.515000,-1.452530,-1.407508,-1.810078,-1.806463,3.542732E+9
15.520000,-1.456145,-1.354270,-1.716090,-1.808106,3.542732E+9
15.525000,-1.434455,-1.393705,-1.698673,-1.727592,3.542732E+9
15.530000,-1.372016,-1.336524,-1.656280,-1.800219,3.542732E+9
15.535000,-1.428211,-1.343754,-1.634590,-1.686514,3.542732E+9
15.540000,-1.393048,-1.347697,-1.759141,-1.723977,3.542732E+9
15.545000,-1.431169,-1.374316,-1.612572,-1.710832,3.542732E+9
15.550000,-1.445957,-1.385161,-1.704260,-1.686842,3.542732E+9
15.555000,-1.489993,-1.386475,-1.716090,-1.715433,3.542732E+9
15.560000,-1.477177,-1.420653,-1.709518,-1.756840,3.542732E+9
15.565000,-1.496566,-1.481120,-1.754868,-1.820923,3.542732E+9
15.570000,-1.580366,-1.420653,-1.799233,-1.818622,3.542732E+9
15.575000,-1.658580,-1.485721,-1.922798,-1.835711,3.542732E+9
15.580000,-1.943830,-1.709518,-1.995754,-1.966177,3.542732E+9
15.585000,-2.423629,-2.090727,-2.188659,-2.118004,3.542732E+9
15.590000,-2.918545,-2.435131,-2.562310,-2.463064,3.542732E+9
15.595000,-2.952065,-2.686861,-2.885353,-2.788079,3.542732E+9
15.600000,-2.916573,-2.637895,-3.097648,-3.324074,3.542732E+9
15.605000,-3.040466,-2.501843,-3.138069,-3.609653,3.542732E+9
15.610000,-2.832115,-2.425601,-3.119995,-3.616554,3.542732E+9
15.615000,-2.835730,-2.505129,-2.954365,-3.445010,3.542732E+9
15.620000,-2.767704,-2.475224,-2.687190,-3.165017,3.542732E+9
15.625000,-2.616863,-2.245183,-2.523204,-2.811740,3.542732E+9
15.630000,-2.584986,-2.200818,-2.358232,-2.309594,3.542732E+9
15.635000,-2.577756,-2.250113,-2.247812,-2.154481,3.542732E+9
15.640000,-2.722024,-2.324711,-2.181100,-2.039790,3.542732E+9
15.645000,-2.599117,-2.304994,-2.264244,-1.850171,3.542732E+9
15.650000,-2.592873,-2.130820,-2.208048,-1.852800,3.542732E+9
15.655000,-2.525504,-2.132135,-2.241568,-1.978336,3.542732E+9
15.660000,-2.586629,-2.193260,-2.281990,-2.273774,3.542732E+9
15.665000,-2.656298,-2.333584,-2.348701,-2.558367,3.542732E+9
15.670000,-2.792351,-2.376635,-2.522218,-2.947793,3.542732E+9
15.675000,-2.877137,-2.474895,-2.660571,-2.941220,3.542732E+9
15.680000,-2.969154,-2.566254,-2.750944,-3.006289,3.542732E+9
15.685000,-2.998073,-2.572169,-2.688504,-2.810097,3.542732E+9
15.690000,-2.845918,-2.509072,-2.527476,-2.552452,3.542732E+9
15.695000,-2.892912,-2.451891,-2.336871,-2.415742,3.542732E+9
15.700000,-2.708222,-2.398982,-2.160068,-2.164669,3.542732E+9
15.705000,-2.514331,-2.284619,-2.000026,-2.010870,3.542732E+9
15.710000,-2.436117,-2.227437,-1.984580,-1.915568,3.542732E+9
15.715000,-2.354617,-2.162369,-1.998383,-1.881719,3.542732E+9
15.720000,-2.316496,-2.213306,-1.925756,-1.865616,3.542732E+9
15.725000,-2.292834,-2.093356,-1.912282,-2.484754,3.542732E+9
15.730000,-2.217250,-2.091713,-1.854443,-1.890921,3.542732E+9
15.735000,-2.128848,-1.971764,-1.858715,-1.951717,3.542732E+9
15.740000,-2.190631,-1.873832,-1.890921,-1.986223,3.542732E+9
15.745000,-1.989838,-1.817308,-2.203447,-1.930028,3.542732E+9
15.750000,-1.946131,-1.763741,-1.917540,-2.001012,3.542732E+9
15.755000,-1.938901,-1.751911,-1.978336,-2.013828,3.542732E+9
15.760000,-1.821251,-1.682241,-1.896508,-2.022701,3.542732E+9
15.765000,-1.787403,-1.709189,-1.867260,-1.928056,3.542732E+9
15.770000,-1.655294,-1.562292,-1.810407,-1.991810,3.542732E+9
15.775000,-1.584310,-1.520556,-1.692429,-1.789703,3.542732E+9
15.780000,-1.454830,-1.414737,-1.620459,-1.796276,3.542732E+9
15.785000,-1.435770,-1.328965,-1.587596,-1.714776,3.542732E+9
15.790000,-1.366429,-1.327322,-1.689143,-1.591540,3.542732E+9
15.795000,-1.393705,-1.308919,-1.609614,-1.586282,3.542732E+9
15.800000,-1.437413,-1.427554,-1.634919,-1.612243,3.542732E+9
15.805000,-1.423610,-1.391405,-1.666796,-1.789374,3.542732E+9
15.810000,-1.489665,-1.398963,-1.669753,-1.675997,3.542732E+9
15.815000,-1.489993,-1.394362,-1.716090,-1.757497,3.542732E+9
15.820000,-1.502810,-1.383518,-1.710175,-1.865288,3.542732E+9
15.825000,-1.562620,-1.394362,-1.786088,-1.880405,3.542732E+9
15.830000,-1.500181,-1.414080,-1.762098,-1.919840,3.542732E+9
15.835000,-1.525485,-1.476191,-1.808764,-1.962891,3.542732E+9
15.840000,-1.518584,-1.433141,-1.834725,-2.058193,3.542732E+9
15.845000,-1.652336,-1.434127,-1.795290,-1.928713,3.542732E+9
15.850000,-1.478820,-1.414080,-1.905381,-1.859044,3.542732E+9
15.855000,-1.488679,-1.385161,-1.697030,-1.768342,3.542732E+9
15.860000,-1.456802,-1.366758,-1.700316,-1.660223,3.542732E+9
15.865000,-1.400278,-1.336852,-1.632947,-1.619145,3.542732E+9
15.870000,-1.370701,-1.350326,-1.573465,-1.580038,3.542732E+9
15.875000,-1.387790,-1.342439,-1.582667,-1.658909,3.542732E+9
15.880000,-1.449243,-1.372673,-1.635905,-1.708860,3.542732E+9
15.885000,-1.452530,-1.386475,-1.738108,-1.687499,3.542732E+9
15.890000,-1.478163,-1.416381,-1.721020,-1.834397,3.542732E+9
15.895000,-1.499195,-1.628346,-1.758812,-1.923127,3.542732E+9
15.900000,-1.559006,-1.687499,-1.778201,-2.211663,3.542732E+9
15.905000,-1.762098,-2.131477,-1.829467,-2.339500,3.542732E+9
15.910000,-2.256028,-2.795309,-2.059179,-2.748315,3.542732E+9
15.915000,-2.639867,-2.883053,-2.366447,-3.040795,3.542732E+9
15.920000,-2.640524,-2.875166,-2.767375,-3.343463,3.542732E+9
15.925000,-2.487383,-2.837373,-2.907371,-3.612939,3.542732E+9
15.930000,-2.223165,-2.717095,-2.761460,-3.790728,3.542732E+9
15.935000,-2.319782,-2.596816,-2.682260,-3.802230,3.542732E+9
15.940000,-2.475224,-2.592873,-2.534048,-3.335247,3.542732E+9
15.945000,-2.272788,-2.544564,-2.487712,-2.934648,3.542732E+9
15.950000,-2.290534,-2.602403,-2.195560,-2.607333,3.542732E+9
15.955000,-2.144951,-2.510387,-2.068381,-2.407855,3.542732E+9
15.960000,-2.188659,-2.557052,-1.936600,-2.306965,3.542732E+9
15.965000,-2.161054,-2.708551,-1.891578,-2.254385,3.542732E+9
15.970000,-2.146923,-2.629679,-1.922141,-2.511044,3.542732E+9
15.975000,-2.193260,-2.669772,-1.914911,-2.365133,3.542732E+9
15.980000,-2.137064,-2.579399,-1.964862,-2.637895,3.542732E+9
15.985000,-2.669115,-2.689819,-2.081854,-2.945821,3.542732E+9
15.990000,-2.402925,-2.838359,-2.435788,-2.929718,3.542732E+9
15.995000,-2.541607,-2.861692,-2.532405,-3.086474,3.542732E+9
16.000000,-2.568883,-2.881738,-2.637238,-3.082202,3.542732E+9
16.005000,-2.563954,-2.855119,-2.519589,-3.053612,3.542732E+9
16.010000,-2.462736,-2.844274,-2.320111,-2.862020,3.542732E+9
16.015000,-2.430201,-2.800567,-2.085141,-2.645782,3.542732E+9
16.020000,-2.400953,-2.815355,-1.905709,-2.404568,3.542732E+9
16.025000,-2.239596,-2.591230,-1.833739,-2.318139,3.542732E+9
16.030000,-2.176500,-2.541607,-1.768014,-2.056550,3.542732E+9
16.035000,-2.044719,-2.401282,-1.778201,-2.030917,3.542732E+9
16.040000,-2.076596,-2.300064,-1.792003,-1.996739,3.542732E+9
16.045000,-1.991481,-2.230066,-1.835711,-1.910639,3.542732E+9
16.050000,-1.962562,-2.146266,-1.796276,-1.899137,3.542732E+9
16.055000,-1.923127,-2.058850,-1.789374,-1.900780,3.542732E+9
16.060000,-1.896836,-1.974721,-1.808106,-1.975050,3.542732E+9
16.065000,-1.775901,-1.948102,-1.846556,-2.003312,3.542732E+9
16.070000,-1.740409,-1.767028,-1.887963,-2.137064,3.542732E+9
16.075000,-1.733836,-1.738108,-1.857072,-2.084155,3.542732E+9
16.080000,-1.677641,-1.704588,-1.824866,-2.153167,3.542732E+9
16.085000,-1.670082,-1.645435,-1.798905,-2.047020,3.542732E+9
16.090000,-1.599098,-1.564592,-1.823223,-1.857072,3.542732E+9
16.095000,-1.527457,-1.467975,-1.707546,-1.778201,3.542732E+9
16.100000,-1.444971,-1.624403,-1.663510,-1.673368,3.542732E+9
16.105000,-1.393705,-1.328637,-1.609943,-1.862659,3.542732E+9
16.110000,-1.354927,-1.319435,-1.586610,-1.566235,3.542732E+9
16.115000,-1.395348,-1.347368,-1.625717,-1.582010,3.542732E+9
16.120000,-1.441685,-1.334223,-1.651022,-1.627032,3.542732E+9
16.125000,-1.401592,-1.365114,-1.711161,-1.662195,3.542732E+9
16.130000,-1.432812,-1.377931,-1.670082,-1.769985,3.542732E+9
16.135000,-1.488350,-1.512669,-1.711489,-1.804163,3.542732E+9
16.140000,-1.480792,-1.413752,-1.727592,-1.984580,3.542732E+9
16.145000,-1.533372,-1.421967,-1.756512,-1.902752,3.542732E+9
16.150000,-1.515955,-1.420653,-1.796933,-1.962891,3.542732E+9
16.155000,-1.526471,-1.427554,-1.818622,-1.962562,3.542732E+9
16.160000,-1.552762,-1.409808,-1.848856,-1.912282,3.542732E+9
16.165000,-1.507082,-1.402249,-1.844584,-1.899465,3.542732E+9
16.170000,-1.445629,-1.436098,-1.731864,-1.807778,3.542732E+9
16.175000,-1.443657,-1.361500,-1.705245,-1.776558,3.542732E+9
16.180000,-1.474219,-1.344082,-1.639848,-1.604356,3.542732E+9
16.185000,-1.351969,-1.341782,-1.702616,-1.637876,3.542732E+9
16.190000,-1.389762,-1.316806,-1.576751,-1.632290,3.542732E+9
16.195000,-1.409151,-1.351312,-1.574451,-1.631961,3.542732E+9
16.200000,-1.396663,-1.363800,-1.631304,-1.850499,3.542732E+9
16.205000,-1.455816,-1.409479,-1.683227,-1.735808,3.542732E+9
16.210000,-1.501167,-1.407179,-1.745667,-1.778201,3.542732E+9
16.215000,-1.537316,-1.408822,-1.781159,-1.838340,3.542732E+9
16.220000,-1.686514,-1.462717,-1.867260,-1.862987,3.542732E+9
16.225000,-1.775243,-1.536987,-1.978008,-1.931342,3.542732E+9
16.230000,-2.115046,-1.796276,-2.141336,-2.038475,3.542732E+9
16.235000,-2.657284,-2.102887,-2.381236,-2.290863,3.542732E+9
16.240000,-3.217926,-2.581042,-2.765403,-2.558367,3.542732E+9
16.245000,-3.085489,-2.854462,-3.245203,-3.060513,3.542732E+9
16.250000,-3.024692,-2.571512,-3.260320,-3.493975,3.542732E+9
16.255000,-3.043753,-2.420014,-3.256047,-3.644488,3.542732E+9
16.260000,-2.913287,-2.364476,-3.193936,-3.619183,3.542732E+9
16.265000,-2.788079,-2.434802,-2.899156,-3.361538,3.542732E+9
16.270000,-2.713480,-2.366776,-2.658927,-3.041452,3.542732E+9
16.275000,-2.843946,-2.182415,-2.482453,-2.486726,3.542732E+9
16.280000,-2.603389,-2.134106,-2.312881,-2.156453,3.542732E+9
16.285000,-2.585972,-2.137721,-2.175514,-2.059179,3.542732E+9
16.290000,-2.531748,-2.264901,-2.185701,-1.901766,3.542732E+9
16.295000,-2.601089,-2.224151,-2.305980,-1.843270,3.542732E+9
16.300000,-2.565597,-2.263915,-2.232367,-1.830782,3.542732E+9
16.305000,-2.483768,-2.065094,-2.231381,-2.023687,3.542732E+9
16.310000,-2.565925,-2.145937,-2.315838,-2.305322,3.542732E+9
16.315000,-2.629679,-2.165326,-2.469637,-2.733526,3.542732E+9
16.320000,-2.833430,-2.328984,-2.626722,-2.896527,3.542732E+9
16.325000,-2.910986,-2.452220,-2.788736,-3.046710,3.542732E+9
16.330000,-2.980656,-2.503814,-2.780849,-2.981970,3.542732E+9
16.335000,-2.929718,-2.523204,-2.808125,-2.800567,3.542732E+9
16.340000,-2.934976,-2.474895,-2.489026,-2.537663,3.542732E+9
16.345000,-2.801553,-2.388465,-2.261286,-2.292834,3.542732E+9
16.350000,-2.645782,-2.302693,-2.103215,-2.111431,3.542732E+9
16.355000,-2.489355,-2.279032,-1.986223,-1.919512,3.542732E+9
16.360000,-2.376963,-2.116032,-1.983594,-2.000683,3.542732E+9
16.365000,-2.388465,-2.126219,-1.956975,-1.830782,3.542732E+9
16.370000,-2.273774,-2.048991,-1.938243,-1.881391,3.542732E+9
16.375000,-2.262272,-2.058850,-1.895522,-1.862001,3.542732E+9
16.380000,-2.253399,-2.006598,-1.905052,-1.952703,3.542732E+9
16.385000,-2.230395,-1.937258,-1.888949,-1.980637,3.542732E+9
16.390000,-2.044391,-1.866602,-1.960262,-1.961576,3.542732E+9
16.395000,-2.039461,-1.780501,-1.932328,-2.021715,3.542732E+9
16.400000,-1.947116,-1.756183,-1.939887,-2.005284,3.542732E+9
16.405000,-1.897822,-1.693086,-1.947445,-2.052278,3.542732E+9
16.410000,-1.848199,-1.696044,-1.876461,-1.972750,3.542732E+9
16.415000,-1.725949,-1.705574,-1.843270,-1.976364,3.542732E+9
16.420000,-1.798247,-1.547503,-1.781487,-1.880076,3.542732E+9
16.425000,-1.558677,-1.478820,-1.900122,-1.755854,3.542732E+9
16.430000,-1.464689,-1.380889,-1.631961,-1.705245,3.542732E+9
16.435000,-1.393048,-1.318120,-1.637548,-1.654308,3.542732E+9
16.440000,-1.387461,-1.306618,-1.601727,-1.639191,3.542732E+9
16.445000,-1.402249,-1.373330,-1.611915,-1.589897,3.542732E+9
16.450000,-1.422296,-1.371687,-1.673368,-1.623745,3.542732E+9
16.455000,-1.559991,-1.384175,-1.649707,-1.579709,3.542732E+9
16.460000,-1.449243,-1.405864,-1.722334,-1.694401,3.542732E+9
16.465000,-1.501824,-1.384832,-1.692429,-1.777872,3.542732E+9
16.470000,-1.491965,-1.405207,-1.764399,-1.815993,3.542732E+9
16.475000,-1.470604,-1.392391,-1.774586,-1.917211,3.542732E+9
16.480000,-1.510697,-1.429197,-1.797262,-1.957633,3.542732E+9
16.485000,-1.507739,-1.419338,-1.825195,-2.069695,3.542732E+9
16.490000,-1.556048,-1.421639,-1.840641,-2.003969,3.542732E+9
16.495000,-1.490322,-1.410465,-1.883034,-1.941858,3.542732E+9
16.500000,-1.475534,-1.394362,-1.750268,-1.883362,3.542732E+9
16.505000,-1.436756,-1.454501,-1.694401,-1.777215,3.542732E+9
16.510000,-1.410794,-1.349669,-1.641820,-1.714447,3.542732E+9
16.515000,-1.408493,-1.354927,-1.610600,-1.615858,3.542732E+9
16.520000,-1.389433,-1.366758,-1.589897,-1.566893,3.542732E+9
16.525000,-1.427225,-1.333237,-1.570508,-1.602713,3.542732E+9
16.530000,-1.442999,-1.359528,-1.624731,-1.620131,3.542732E+9
16.535000,-1.430512,-1.378588,-1.707546,-1.679612,3.542732E+9
16.540000,-1.478163,-1.406193,-1.707546,-1.738766,3.542732E+9
16.545000,-1.466661,-1.414080,-1.747310,-1.893221,3.542732E+9
16.550000,-1.526800,-1.490322,-1.757169,-2.007913,3.542732E+9
16.555000,-1.587596,-1.646749,-1.860358,-2.101901,3.542732E+9
16.560000,-1.772943,-1.974064,-1.890921,-2.328655,3.542732E+9
16.565000,-2.129177,-2.793994,-2.000683,-2.653669,3.542732E+9
16.570000,-2.589915,-2.940234,-2.330627,-3.189664,3.542732E+9
16.575000,-2.875166,-2.935305,-2.816670,-3.342806,3.542732E+9
16.580000,-2.686532,-2.903756,-3.077930,-3.683924,3.542732E+9
16.585000,-2.498885,-2.756202,-2.950422,-3.902134,3.542732E+9
16.590000,-2.355274,-2.580056,-2.855119,-3.864013,3.542732E+9
16.595000,-2.405554,-2.470294,-2.676345,-3.490032,3.542732E+9
16.600000,-2.270159,-2.399639,-2.492312,-2.979998,3.542732E+9
16.605000,-2.260629,-2.437760,-2.326355,-2.720710,3.542732E+9
16.610000,-2.173871,-2.420343,-2.170913,-2.400296,3.542732E+9
16.615000,-2.115703,-2.356260,-1.964534,-2.333256,3.542732E+9
16.620000,-2.227766,-2.448933,-1.885334,-2.200818,3.542732E+9
16.625000,-2.081197,-2.470623,-1.965191,-2.227437,3.542732E+9
16.630000,-2.102229,-2.432830,-1.922798,-2.203776,3.542732E+9
16.635000,-2.203119,-2.407197,-1.958618,-2.351002,3.542732E+9
16.640000,-2.201475,-2.418371,-2.020729,-2.601089,3.542732E+9
16.645000,-2.290205,-2.568883,-2.265229,-2.843617,3.542732E+9
16.650000,-2.423629,-2.667143,-2.537663,-3.033236,3.542732E+9
16.655000,-2.548508,-2.848875,-2.680617,-3.134126,3.542732E+9
16.660000,-2.614891,-2.767375,-2.717423,-3.262291,3.542732E+9
16.665000,-2.528790,-2.806482,-2.518274,-3.023049,3.542732E+9
16.670000,-2.482453,-2.754230,-2.286919,-2.833430,3.542732E+9
16.675000,-2.228423,-2.730569,-2.026645,-2.793994,3.542732E+9
16.680000,-2.338514,-2.598131,-1.890264,-2.250770,3.542732E+9
16.685000,-2.313209,-2.493955,-1.794633,-2.146266,3.542732E+9
16.690000,-2.143965,-2.425272,-1.830124,-1.976364,3.542732E+9
16.695000,-2.069038,-2.296121,-1.811064,-1.968806,3.542732E+9
16.700000,-2.124576,-2.317810,-1.869560,-1.948760,3.542732E+9
16.705000,-2.096971,-2.217250,-1.895850,-1.953360,3.542732E+9
16.710000,-2.047677,-2.234667,-1.864631,-1.964205,3.542732E+9
16.715000,-2.023030,-2.115703,-1.842941,-2.547193,3.542732E+9
16.720000,-1.917211,-2.075610,-1.889606,-2.072324,3.542732E+9
16.725000,-1.867917,-1.904395,-1.926741,-2.149552,3.542732E+9
16.730000,-1.907681,-1.869889,-1.937915,-2.096971,3.542732E+9
16.735000,-1.770314,-1.830124,-2.138379,-2.162697,3.542732E+9
16.740000,-1.766699,-1.763084,-1.855758,-2.108145,3.542732E+9
16.745000,-1.751582,-1.699987,-1.838340,-1.977350,3.542732E+9
16.750000,-1.629332,-1.612572,-1.780830,-1.819608,3.542732E+9
16.755000,-1.557034,-1.636891,-1.685856,-1.709518,3.542732E+9
16.760000,-1.465346,-1.439385,-1.632618,-1.735151,3.542732E+9
16.765000,-1.378260,-1.363143,-1.562949,-1.587596,3.542732E+9
16.770000,-1.351969,-1.335538,-1.592854,-1.534030,3.542732E+9
16.775000,-1.414409,-1.307276,-1.602056,-1.598112,3.542732E+9
16.780000,-1.411451,-1.359528,-1.686842,-1.616187,3.542732E+9
16.785000,-1.443328,-1.356570,-1.521542,-1.689143,3.542732E+9
16.790000,-1.486050,-1.431497,-1.703931,-1.797590,3.542732E+9
16.795000,-1.490322,-1.402907,-1.741066,-1.950731,3.542732E+9
16.800000,-1.535673,-1.419667,-1.773929,-1.858058,3.542732E+9
16.805000,-1.512012,-1.426239,-1.782802,-1.983923,3.542732E+9
16.810000,-1.547832,-1.443657,-1.799891,-1.972750,3.542732E+9
16.815000,-1.506754,-1.394034,-1.839655,-1.916554,3.542732E+9
16.820000,-1.558677,-1.427883,-1.846885,-1.910639,3.542732E+9
16.825000,-1.467975,-1.459102,-1.742709,-1.837354,3.542732E+9
16.830000,-1.478820,-1.377274,-1.742381,-1.812379,3.542732E+9
16.835000,-1.443657,-1.322064,-1.668768,-1.721348,3.542732E+9
16.840000,-1.377274,-1.344739,-1.615530,-1.631633,3.542732E+9
16.845000,-1.404879,-1.313848,-1.601399,-1.675669,3.542732E+9
16.850000,-1.403235,-1.345725,-1.629332,-1.632290,3.542732E+9
16.855000,-1.386804,-1.348683,-1.589568,-1.684213,3.542732E+9
16.860000,-1.453187,-1.388447,-1.644449,-1.696044,3.542732E+9
16.865000,-1.439713,-1.479806,-1.680270,-1.773929,3.542732E+9
16.870000,-1.505110,-1.400606,-1.747639,-1.713461,3.542732E+9
16.875000,-1.517270,-1.420324,-1.824866,-1.832425,3.542732E+9
16.880000,-1.670411,-1.498209,-1.874818,-1.899137,3.542732E+9
16.885000,-1.892564,-1.520227,-1.985237,-1.976036,3.542732E+9
16.890000,-2.319782,-1.928056,-2.239268,-2.233024,3.542732E+9
16.895000,-2.938263,-2.398982,-2.552780,-2.408840,3.542732E+9
16.900000,-2.979670,-2.767704,-2.947136,-2.856434,3.542732E+9
16.905000,-3.012533,-2.689490,-3.119995,-3.346092,3.542732E+9
16.910000,-3.002017,-2.549165,-3.194265,-3.566603,3.542732E+9
16.915000,-2.866621,-2.440060,-3.117037,-3.692797,3.542732E+9
16.920000,-2.869250,-2.483768,-2.943521,-3.519937,3.542732E+9
16.925000,-2.723339,-2.448605,-2.705593,-3.485431,3.542732E+9
16.930000,-2.653341,-2.298092,-2.522546,-2.766061,3.542732E+9
16.935000,-2.600431,-2.225137,-2.385508,-2.417056,3.542732E+9
16.940000,-2.527804,-2.136735,-2.230723,-2.216264,3.542732E+9
16.945000,-2.519917,-2.228094,-2.116360,-1.978008,3.542732E+9
16.950000,-2.551137,-2.258328,-2.182415,-1.854772,3.542732E+9
16.955000,-2.542593,-2.088756,-2.219879,-1.779187,3.542732E+9
16.960000,-2.442032,-2.095657,-2.130820,-1.886649,3.542732E+9
16.965000,-2.498885,-2.076596,-2.220865,-2.092371,3.542732E+9
16.970000,-2.489683,-2.139036,-2.284619,-2.450905,3.542732E+9
16.975000,-2.664843,-2.320768,-2.436445,-2.758831,3.542732E+9
16.980000,-2.764418,-2.388794,-2.637895,-2.977369,3.542732E+9
16.985000,-2.868593,-2.477195,-2.710851,-2.963896,3.542732E+9
16.990000,-2.862349,-2.514331,-2.704278,-2.842303,3.542732E+9
16.995000,-2.955351,-2.501185,-2.525175,-2.633623,3.542732E+9
17.000000,-2.744700,-2.408183,-2.341143,-2.413770,3.542732E+9
17.005000,-2.711180,-2.345086,-2.112417,-2.236967,3.542732E+9
17.010000,-2.516960,-2.251427,-2.042748,-1.972750,3.542732E+9
17.015000,-2.371705,-2.157110,-1.966506,-1.911953,3.542732E+9
17.020000,-2.343115,-2.101244,-1.923455,-1.849185,3.542732E+9
17.025000,-2.254385,-2.085469,-1.894864,-1.882048,3.542732E+9
17.030000,-2.198189,-2.088427,-1.895850,-1.842284,3.542732E+9
17.035000,-2.149552,-1.995096,-1.848528,-2.056550,3.542732E+9
17.040000,-2.166641,-1.947116,-1.851485,-1.917540,3.542732E+9
17.045000,-2.028945,-1.866274,-1.856415,-1.992796,3.542732E+9
17.050000,-2.023687,-1.790032,-1.907681,-1.966177,3.542732E+9
17.055000,-1.914582,-1.751582,-2.005284,-1.969135,3.542732E+9
17.060000,-1.909653,-1.714118,-1.948431,-2.023358,3.542732E+9
17.065000,-1.850499,-1.682241,-1.920169,-2.017114,3.542732E+9
17.070000,-1.725949,-1.642806,-1.870874,-1.950403,3.542732E+9
17.075000,-1.671397,-1.602713,-1.791346,-1.885334,3.542732E+9
17.080000,-1.587596,-1.485064,-1.741395,-1.856743,3.542732E+9
17.085000,-1.476848,-1.421967,-1.629989,-1.753225,3.542732E+9
17.090000,-1.415395,-1.343096,-1.652008,-1.680598,3.542732E+9
17.095000,-1.411122,-1.312205,-1.588582,-1.689471,3.542732E+9
17.100000,-1.414080,-1.327651,-1.622760,-1.596469,3.542732E+9
17.105000,-1.410465,-1.332580,-1.662524,-1.593512,3.542732E+9
17.110000,-1.473233,-1.378260,-1.675340,-1.625717,3.542732E+9
17.115000,-1.436098,-1.388776,-1.683556,-1.746981,3.542732E+9
17.120000,-1.543231,-1.388776,-1.691443,-1.754540,3.542732E+9
17.125000,-1.485393,-1.410137,-1.865945,-1.829467,3.542732E+9
17.130000,-1.518584,-1.409151,-1.771300,-1.857401,3.542732E+9
17.135000,-1.526471,-1.406193,-1.804491,-1.925427,3.542732E+9
17.140000,-1.518913,-1.432155,-1.818622,-1.983594,3.542732E+9
17.145000,-1.506096,-1.450887,-1.800219,-1.964862,3.542732E+9
17.150000,-1.496895,-1.406193,-1.808435,-1.946459,3.542732E+9
17.155000,-1.572808,-1.400935,-1.762098,-2.046691,3.542732E+9
17.160000,-1.444971,-1.404550,-1.742052,-1.768999,3.542732E+9
17.165000,-1.431497,-1.348026,-1.655622,-1.717733,3.542732E+9
17.170000,-1.421310,-1.350983,-1.607314,-1.629661,3.542732E+9
17.175000,-1.384832,-1.343096,-1.598770,-1.705903,3.542732E+9
17.180000,-1.415066,-1.350983,-1.580366,-1.586282,3.542732E+9
17.185000,-1.401264,-1.376945,-1.591868,-1.647078,3.542732E+9
17.190000,-1.412766,-1.392062,-1.640177,-1.671725,3.542732E+9
17.195000,-1.348026,-1.404879,-1.715104,-1.758812,3.542732E+9
17.200000,-1.482435,-1.461403,-1.789374,-1.873504,3.542732E+9
17.205000,-1.532387,-1.645764,-1.768342,-2.046034,3.542732E+9
17.210000,-1.725620,-1.962562,-1.864959,-2.304665,3.542732E+9
17.215000,-2.290863,-2.639210,-1.953689,-2.640196,3.542732E+9
17.220000,-2.626065,-2.934648,-2.339828,-2.970468,3.542732E+9
17.225000,-2.822585,-2.894555,-2.741085,-3.334919,3.542732E+9
17.230000,-2.609304,-2.877137,-2.982628,-3.570218,3.542732E+9
17.235000,-2.343115,-2.687190,-2.880424,-3.766081,3.542732E+9
17.240000,-2.280018,-2.539964,-2.705593,-3.763123,3.542732E+9
17.245000,-2.307623,-2.489683,-2.551137,-3.526181,3.542732E+9
17.250000,-2.194903,-2.464050,-2.378935,-2.908686,3.542732E+9
17.255000,-2.178800,-2.489355,-2.265229,-2.627708,3.542732E+9
17.260000,-2.081526,-2.427901,-2.039133,-2.392080,3.542732E+9
17.265000,-2.135421,-2.412784,-1.931014,-2.234996,3.542732E+9
17.270000,-2.089084,-2.508744,-1.846556,-2.162040,3.542732E+9
17.275000,-2.071996,-2.626393,-1.846885,-2.231052,3.542732E+9
17.280000,-2.123262,-2.545879,-1.866274,-2.336542,3.542732E+9
17.285000,-2.089413,-2.569540,-1.882048,-2.465365,3.542732E+9
17.290000,-2.167627,-2.484425,-2.057207,-2.674702,3.542732E+9
17.295000,-2.301050,-2.736813,-2.230066,-2.960281,3.542732E+9
17.300000,-2.467665,-2.837373,-2.495927,-3.125581,3.542732E+9
17.305000,-2.573484,-2.860049,-2.625079,-3.255719,3.542732E+9
17.310000,-2.572169,-2.882724,-2.649069,-3.094362,3.542732E+9
17.315000,-2.566583,-2.884039,-2.464379,-3.016476,3.542732E+9
17.320000,-2.482782,-2.854791,-2.212649,-2.777234,3.542732E+9
17.325000,-2.404568,-2.800895,-2.004627,-2.566583,3.542732E+9
17.330000,-2.298750,-2.701649,-1.842284,-2.273774,3.542732E+9
17.335000,-2.209034,-2.575456,-1.778201,-2.490669,3.542732E+9
17.340000,-2.163026,-2.515645,-1.795947,-2.029274,3.542732E+9
17.345000,-2.062465,-2.565925,-1.820266,-2.039461,3.542732E+9
17.350000,-2.068709,-2.358560,-1.830124,-1.973735,3.542732E+9
17.355000,-2.065752,-2.345744,-1.794304,-2.051621,3.542732E+9
17.360000,-2.005941,-2.255042,-1.804491,-2.001340,3.542732E+9
17.365000,-1.865288,-2.178471,-1.855100,-1.975379,3.542732E+9
17.370000,-1.903737,-2.032560,-1.878433,-2.012514,3.542732E+9
17.375000,-1.853457,-1.948760,-1.893550,-2.069366,3.542732E+9
17.380000,-1.789703,-1.870217,-1.894864,-2.112746,3.542732E+9
17.385000,-1.792003,-1.844913,-1.880076,-2.121290,3.542732E+9
17.390000,-1.685199,-1.708532,-1.856743,-2.082512,3.542732E+9
17.395000,-1.845570,-1.694072,-1.791018,-1.831768,3.542732E+9
17.400000,-1.578723,-1.581352,-1.748296,-1.862330,3.542732E+9
17.405000,-1.505439,-1.465346,-1.657266,-1.759141,3.542732E+9
17.410000,-1.400606,-1.385489,-1.626703,-1.614872,3.542732E+9
17.415000,-1.333895,-1.296760,-1.628675,-1.580366,3.542732E+9
17.420000,-1.347040,-1.314834,-1.563278,-1.517598,3.542732E+9
17.425000,-1.347040,-1.315820,-1.574122,-1.606985,3.542732E+9
17.430000,-1.398306,-1.333566,-1.633933,-1.591540,3.542732E+9
17.435000,-1.433798,-1.397977,-1.593840,-1.662524,3.542732E+9
17.440000,-1.448586,-1.379903,-1.682241,-1.776229,3.542732E+9
17.445000,-1.534030,-1.418024,-1.734493,-1.858715,3.542732E+9
17.450000,-1.468961,-1.418681,-1.774586,-1.925756,3.542732E+9
17.455000,-1.518584,-1.442671,-1.790032,-1.944159,3.542732E+9
17.460000,-1.540931,-1.415066,-1.839326,-1.985237,3.542732E+9
17.465000,-1.613229,-1.443328,-1.819280,-2.176500,3.542732E+9
17.470000,-1.536330,-1.423610,-1.788060,-1.909324,3.542732E+9
17.475000,-1.492622,-1.394362,-1.755197,-1.867588,3.542732E+9
17.480000,-1.463374,-1.393048,-1.707217,-1.753225,3.542732E+9
17.485000,-1.425582,-1.350655,-1.692100,-1.937915,3.542732E+9
17.490000,-1.424596,-1.356241,-1.627689,-1.619145,3.542732E+9
17.495000,-1.358542,-1.346383,-1.574122,-1.624403,3.542732E+9
17.500000,-1.391733,-1.332252,-1.577080,-1.620788,3.542732E+9
17.505000,-1.392719,-1.346711,-1.654965,-1.633933,3.542732E+9
17.510000,-1.423939,-1.378588,-1.638534,-1.689471,3.542732E+9
17.515000,-1.484407,-1.428211,-1.689471,-1.745338,3.542732E+9
17.520000,-1.532715,-1.415066,-1.766042,-1.802520,3.542732E+9
17.525000,-1.650693,-1.406193,-1.860687,-1.835711,3.542732E+9
17.530000,-1.808764,-1.549475,-1.975379,-1.930356,3.542732E+9
17.535000,-2.173213,-1.767685,-2.118332,-2.112417,3.542732E+9
17.540000,-2.685218,-2.163354,-2.376306,-2.255371,3.542732E+9
17.545000,-2.893240,-2.515974,-2.720381,-2.537663,3.542732E+9
17.550000,-2.818970,-2.517288,-2.910329,-2.923146,3.542732E+9
17.555000,-2.808125,-2.262600,-2.975726,-3.274451,3.542732E+9
17.560000,-2.702307,-2.147909,-2.926432,-3.281023,3.542732E+9
17.565000,-2.555409,-2.127205,-2.880752,-3.209382,3.542732E+9
17.570000,-2.599774,-2.232695,-2.623107,-2.980327,3.542732E+9
17.575000,-2.619821,-2.188988,-2.493627,-2.605361,3.542732E+9
17.580000,-2.574798,-2.105516,-2.358889,-2.259314,3.542732E+9
17.585000,-2.540621,-2.105187,-2.263258,-2.074296,3.542732E+9
17.590000,-2.540292,-2.124576,-2.221522,-1.950403,3.542732E+9
17.595000,-2.612262,-2.204433,-2.203447,-1.945473,3.542732E+9
17.600000,-2.604704,-2.157110,-2.211334,-1.915568,3.542732E+9
17.605000,-2.647097,-2.114717,-2.242554,-2.038475,3.542732E+9
17.610000,-2.612919,-2.127862,-2.304665,-2.190631,3.542732E+9
17.615000,-2.734841,-2.175185,-2.430859,-2.485411,3.542732E+9
17.620000,-2.796623,-2.271802,-2.536677,-2.674044,3.542732E+9
17.625000,-2.957652,-2.374334,-2.688833,-2.874837,3.542732E+9
17.630000,-2.980984,-2.463393,-2.723667,-2.887982,3.542732E+9
17.635000,-2.962252,-2.498228,-2.682589,-2.919202,3.542732E+9
17.640000,-2.982299,-2.459449,-2.556395,-2.539306,3.542732E+9
17.645000,-2.925446,-2.458792,-2.375320,-2.374334,3.542732E+9
17.650000,-2.805496,-2.369076,-2.182086,-2.146923,3.542732E+9
17.655000,-2.685875,-2.306308,-2.086127,-1.980965,3.542732E+9
17.660000,-2.569869,-2.211334,-2.018429,-1.898808,3.542732E+9
17.665000,-2.493955,-2.163683,-2.019415,-1.857401,3.542732E+9
17.670000,-2.420343,-2.127534,-1.991481,-1.882705,3.542732E+9
17.675000,-2.389451,-2.057207,-1.953689,-1.934629,3.542732E+9
17.680000,-2.307294,-2.069695,-1.926741,-1.967491,3.542732E+9
17.685000,-2.290863,-2.022701,-1.935286,-1.970778,3.542732E+9
17.690000,-2.178471,-1.944816,-1.946788,-1.951389,3.542732E+9
17.695000,-1.887963,-1.855100,-1.941858,-1.794633,3.542732E+9
17.700000,-2.016786,-1.797919,-1.922141,-1.996082,3.542732E+9
17.705000,-1.958618,-1.752568,-1.910639,-2.044719,3.542732E+9
17.710000,-1.857401,-1.690786,-1.894207,-1.926413,3.542732E+9
17.715000,-1.790689,-1.622102,-1.847870,-1.913925,3.542732E+9
17.720000,-1.697030,-1.604356,-1.778858,-1.843598,3.542732E+9
17.725000,-1.611258,-1.533044,-1.710503,-1.830782,3.542732E+9
17.730000,-1.506425,-1.414737,-1.631961,-1.705903,3.542732E+9
17.735000,-1.413094,-1.362157,-1.602713,-1.701631,3.542732E+9
17.740000,-1.355584,-1.303661,-1.592854,-1.629989,3.542732E+9
17.745000,-1.288215,-1.317135,-1.676983,-1.617830,3.542732E+9
17.750000,-1.387461,-1.347368,-1.635905,-1.657923,3.542732E+9
17.755000,-1.433798,-1.433141,-1.666467,-1.670411,3.542732E+9
17.760000,-1.456145,-1.396334,-1.707874,-1.714118,3.542732E+9
17.765000,-1.494266,-1.414080,-1.729235,-1.775243,3.542732E+9
17.770000,-1.462060,-1.405864,-1.716747,-1.818622,3.542732E+9
17.775000,-1.524499,-1.401921,-1.734822,-1.915239,3.542732E+9
17.780000,-1.481449,-1.420653,-1.761112,-1.891907,3.542732E+9
17.785000,-1.495580,-1.409808,-1.849514,-1.919512,3.542732E+9
17.790000,-1.484407,-1.396006,-1.786745,-1.925756,3.542732E+9
17.795000,-1.453516,-1.390747,-1.769328,-1.990824,3.542732E+9
17.800000,-1.415723,-1.365114,-1.734822,-1.854772,3.542732E+9
17.805000,-1.429526,-1.373987,-1.865945,-1.777544,3.542732E+9
17.810000,-1.391076,-1.360842,-1.669425,-1.711161,3.542732E+9
17.815000,-1.426239,-1.348026,-1.640506,-1.638205,3.542732E+9
17.820000,-1.373659,-1.332252,-1.587596,-1.611586,3.542732E+9
17.825000,-1.391076,-1.364786,-1.575108,-1.610600,3.542732E+9
17.830000,-1.391405,-1.360514,-1.600413,-1.616187,3.542732E+9
17.835000,-1.476848,-1.376616,-1.649707,-1.743695,3.542732E+9
17.840000,-1.459102,-1.418024,-1.684870,-1.770314,3.542732E+9
17.845000,-1.472247,-1.433141,-1.670739,-1.860358,3.542732E+9
17.850000,-1.519241,-1.519570,-1.794961,-1.988195,3.542732E+9
17.855000,-1.641163,-1.714447,-1.866931,-2.270816,3.542732E+9
17.860000,-1.812379,-2.117346,-1.929370,-2.475552,3.542732E+9
17.865000,-2.321754,-2.809768,-1.932328,-2.864321,3.542732E+9
17.870000,-2.744700,-2.838031,-2.574470,-3.145956,3.542732E+9
17.875000,-2.808454,-2.843289,-3.055912,-3.432850,3.542732E+9
17.880000,-2.545222,-2.794980,-3.043424,-3.724345,3.542732E+9
17.885000,-2.316167,-2.684232,-2.875166,-3.872229,3.542732E+9
17.890000,-2.357574,-2.508415,-2.707236,-3.721059,3.542732E+9
17.895000,-2.237625,-2.418042,-2.551137,-3.263935,3.542732E+9
17.900000,-2.246498,-2.448933,-2.389123,-2.836716,3.542732E+9
17.905000,-2.267859,-2.501843,-2.229738,-2.596816,3.542732E+9
17.910000,-2.052278,-2.365461,-2.062137,-2.362175,3.542732E+9
17.915000,-2.099600,-2.414756,-1.918854,-2.296449,3.542732E+9
17.920000,-2.020729,-2.451562,-1.879090,-2.292834,3.542732E+9
17.925000,-2.056221,-2.436117,-1.939558,-2.297107,3.542732E+9
17.930000,-2.050635,-2.425929,-1.944816,-2.380250,3.542732E+9
17.935000,-2.055235,-2.278703,-1.971764,-2.675030,3.542732E+9
17.940000,-2.166641,-2.482782,-2.124576,-2.794651,3.542732E+9
17.945000,-2.362175,-2.677002,-2.367105,-3.070043,3.542732E+9
17.950000,-2.465036,-2.769676,-2.578085,-3.095347,3.542732E+9
17.955000,-2.540949,-2.799909,-2.717752,-3.093047,3.542732E+9
17.960000,-2.485411,-2.767704,-2.559681,-3.062813,3.542732E+9
17.965000,-2.485740,-2.754559,-2.366447,-2.887982,3.542732E+9
17.970000,-2.362832,-2.713809,-2.119318,-2.624421,3.542732E+9
17.975000,-2.369076,-2.682589,-1.926741,-2.445976,3.542732E+9
17.980000,-2.231052,-2.553766,-1.831768,-2.242554,3.542732E+9
17.985000,-2.193260,-2.553766,-1.854443,-2.146266,3.542732E+9
17.990000,-2.034860,-2.346401,-1.866931,-2.065094,3.542732E+9
17.995000,-2.061808,-2.375320,-1.858387,-2.049320,3.542732E+9
18.000000,-2.023358,-2.299736,-1.852143,-2.015800,3.542732E+9
18.005000,-2.202461,-2.238282,-1.829139,-2.085141,3.542732E+9
18.010000,-2.002655,-2.208705,-1.809749,-2.019415,3.542732E+9
18.015000,-1.969135,-2.069366,-1.842612,-2.042419,3.542732E+9
18.020000,-1.839326,-1.957961,-1.872846,-2.040118,3.542732E+9
18.025000,-1.881391,-1.887306,-1.978336,-2.079883,3.542732E+9
18.030000,-1.771628,-1.842612,-1.889935,-2.110445,3.542732E+9
18.035000,-1.782802,-1.800219,-1.886320,-2.270159,3.542732E+9
18.040000,-1.668110,-1.712147,-1.817637,-2.041433,3.542732E+9
18.045000,-1.649050,-1.681913,-1.790689,-1.975707,3.542732E+9
18.050000,-1.518584,-1.539616,-1.707217,-1.828481,3.542732E+9
18.055000,-1.461731,-1.476848,-1.741066,-1.738766,3.542732E+9
18.060000,-1.354927,-1.366100,-1.579381,-1.649378,3.542732E+9
18.065000,-1.394691,-1.329622,-1.632290,-1.567878,3.542732E+9
18.070000,-1.344739,-1.335538,-1.598770,-1.548818,3.542732E+9
18.075000,-1.434127,-1.397649,-1.617830,-1.562949,3.542732E+9
18.080000,-1.399292,-1.378588,-1.618487,-1.645435,3.542732E+9
18.085000,-1.455159,-1.371030,-1.671068,-1.793975,3.542732E+9
18.090000,-1.417366,-1.397649,-1.698344,-1.745995,3.542732E+9
18.095000,-1.497881,-1.367743,-1.726935,-1.869889,3.542732E+9
18.100000,-1.446614,-1.396006,-1.722991,-1.920169,3.542732E+9
18.105000,-1.485393,-1.414737,-1.795290,-1.968806,3.542732E+9
18.110000,-1.510040,-1.413094,-1.800219,-1.964205,3.542732E+9
18.115000,-1.517270,-1.585296,-1.828153,-2.023687,3.542732E+9
18.120000,-1.466661,-1.399949,-1.768014,-1.918526,3.542732E+9
18.125000,-1.479477,-1.416052,-1.826510,-1.843598,3.542732E+9
18.130000,-1.416709,-1.372016,-1.696372,-1.754540,3.542732E+9
18.135000,-1.452201,-1.381217,-1.637219,-1.642477,3.542732E+9
18.140000,-1.396663,-1.327322,-1.603042,-1.611586,3.542732E+9
18.145000,-1.398306,-1.361171,-1.592197,-1.587925,3.542732E+9
18.150000,-1.360514,-1.336852,-1.559334,-1.603699,3.542732E+9
18.155000,-1.441685,-1.334881,-1.612243,-1.723320,3.542732E+9
18.160000,-1.403235,-1.365772,-1.646092,-1.706889,3.542732E+9
18.165000,-1.445629,-1.371358,-1.914582,-1.783788,3.542732E+9
18.170000,-1.451215,-1.370372,-1.722991,-1.814679,3.542732E+9
18.175000,-1.477177,-1.404550,-1.772943,-1.936272,3.542732E+9
18.180000,-1.492622,-1.431497,-1.777215,-1.862659,3.542732E+9
18.185000,-1.633933,-1.486379,-1.800219,-1.864631,3.542732E+9
18.190000,-1.834397,-1.647735,-1.956647,-1.972092,3.542732E+9
18.195000,-2.264572,-1.953689,-2.163354,-2.103215,3.542732E+9
18.200000,-2.813712,-2.392409,-2.424286,-2.318796,3.542732E+9
18.205000,-2.915258,-2.765732,-2.783478,-2.723996,3.542732E+9
18.210000,-2.906057,-2.730240,-3.045396,-3.220555,3.542732E+9
18.215000,-3.032579,-2.585643,-3.128539,-3.635615,3.542732E+9
18.220000,-2.761131,-2.468651,-3.081545,-3.727303,3.542732E+9
18.225000,-2.816012,-2.506772,-2.986900,-3.679323,3.542732E+9
18.230000,-2.672401,-2.486726,-2.759817,-3.346421,3.542732E+9
18.235000,-2.657942,-2.347387,-2.614891,-2.928404,3.542732E+9
18.240000,-2.594187,-2.302693,-2.432173,-2.503157,3.542732E+9
18.245000,-2.547193,-2.255699,-2.313209,-2.293163,3.542732E+9
18.250000,-2.583343,-2.326026,-2.204433,-2.076268,3.542732E+9
18.255000,-2.569869,-2.348701,-2.198846,-1.931999,3.542732E+9
18.260000,-2.481139,-2.179786,-2.193260,-1.859701,3.542732E+9
18.265000,-2.545550,-2.179129,-2.219221,-1.978008,3.542732E+9
18.270000,-2.452877,-2.158425,-2.182744,-2.183401,3.542732E+9
18.275000,-2.558038,-2.209691,-2.335556,-2.438089,3.542732E+9
18.280000,-2.602732,-2.270159,-2.430201,-2.742071,3.542732E+9
18.285000,-2.786107,-2.637895,-2.637895,-2.961595,3.542732E+9
18.290000,-2.766061,-2.471937,-2.687518,-2.946150,3.542732E+9
18.295000,-2.795309,-2.522546,-2.650054,-2.806482,3.542732E+9
18.300000,-2.776577,-2.461750,-2.528133,-2.592216,3.542732E+9
18.305000,-2.751930,-2.419028,-2.335885,-2.407526,3.542732E+9
18.310000,-2.562310,-2.357574,-2.101244,-2.186358,3.542732E+9
18.315000,-2.500857,-2.263258,-1.973078,-2.082840,3.542732E+9
18.320000,-2.296121,-2.175842,-1.923784,-1.919512,3.542732E+9
18.325000,-2.314524,-2.082512,-1.915239,-1.900451,3.542732E+9
18.330000,-2.167298,-2.054578,-1.871203,-1.852143,3.542732E+9
18.335000,-2.164340,-2.019086,-1.889278,-1.885006,3.542732E+9
18.340000,-2.075282,-1.948760,-1.832754,-1.918526,3.542732E+9
18.345000,-2.059179,-1.888949,-1.864959,-1.948102,3.542732E+9
18.350000,-1.934629,-1.816979,-1.865616,-1.907024,3.542732E+9
18.355000,-1.909653,-1.587596,-1.848856,-2.046034,3.542732E+9
18.360000,-1.837683,-1.705903,-1.856086,-1.980308,3.542732E+9
18.365000,-1.825852,-1.704588,-1.889606,-2.012185,3.542732E+9
18.370000,-1.754540,-1.624074,-1.858387,-1.941201,3.542732E+9
18.375000,-1.940215,-1.627360,-1.883691,-1.887306,3.542732E+9
18.380000,-1.614215,-1.560320,-1.746653,-1.838012,3.542732E+9
18.385000,-1.572151,-1.487036,-1.677312,-1.802191,3.542732E+9
18.390000,-1.428211,-1.380231,-1.623088,-1.749282,3.542732E+9
18.395000,-1.400278,-1.349997,-1.636891,-1.676655,3.542732E+9
18.400000,-1.349340,-1.293473,-1.619145,-1.647078,3.542732E+9
18.405000,-1.433469,-1.327651,-1.639191,-1.707217,3.542732E+9
18.410000,-1.358213,-1.344082,-1.629003,-1.640177,3.542732E+9
18.415000,-1.462717,-1.362157,-1.689471,-1.673697,3.542732E+9
18.420000,-1.412108,-1.368072,-1.664824,-1.689471,3.542732E+9
18.425000,-1.448586,-1.365114,-1.709518,-2.045048,3.542732E+9
18.430000,-1.444314,-1.388776,-1.667782,-1.798247,3.542732E+9
18.435000,-1.452530,-1.429197,-1.725620,-1.869231,3.542732E+9
18.440000,-1.450558,-1.405207,-1.757826,-1.859372,3.542732E+9
18.445000,-1.510697,-1.415395,-1.868903,-1.891907,3.542732E+9
18.450000,-1.467975,-1.405536,-1.789046,-1.960919,3.542732E+9
18.455000,-1.467318,-1.459760,-1.774586,-1.929699,3.542732E+9
18.460000,-1.457131,-1.377931,-1.761441,-1.854443,3.542732E+9
18.465000,-1.453516,-1.396663,-1.749610,-1.802848,3.542732E+9
18.470000,-1.378588,-1.359199,-1.676326,-1.722663,3.542732E+9
18.475000,-1.429526,-1.318120,-1.625060,-1.726606,3.542732E+9
18.480000,-1.346054,-1.337510,-1.574122,-1.661866,3.542732E+9
18.485000,-1.402907,-1.339153,-1.621445,-1.639191,3.542732E+9
18.490000,-1.411122,-1.364129,-1.618159,-1.621116,3.542732E+9
18.495000,-1.434455,-1.392062,-1.687828,-1.703274,3.542732E+9
18.500000,-1.431497,-1.406522,-1.664495,-1.736137,3.542732E+9
18.505000,-1.475534,-1.454173,-1.804491,-1.825524,3.542732E+9
18.510000,-1.508068,-1.557034,-1.785102,-1.944816,3.542732E+9
18.515000,-1.741066,-1.854114,-1.877447,-2.127862,3.542732E+9
18.520000,-2.034860,-2.393395,-1.966506,-2.487383,3.542732E+9
18.525000,-2.606675,-2.903099,-2.286919,-2.904742,3.542732E+9
18.530000,-2.817327,-2.858077,-2.787093,-3.217926,3.542732E+9
18.535000,-2.706250,-2.774276,-3.052297,-3.626413,3.542732E+9
18.540000,-2.436774,-2.639867,-2.963567,-3.752279,3.542732E+9
18.545000,-2.309594,-2.504472,-2.804182,-3.827863,3.542732E+9
18.550000,-2.309266,-2.379264,-2.592873,-3.444024,3.542732E+9
18.555000,-2.228423,-2.351659,-2.440389,-3.264920,3.542732E+9
18.560000,-2.187673,-2.355274,-2.215935,-2.530433,3.542732E+9
18.565000,-2.142322,-2.384193,-2.070352,-2.338185,3.542732E+9
18.570000,-2.054250,-2.303022,-1.904066,-2.145280,3.542732E+9
18.575000,-2.120304,-2.432502,-1.672711,-2.059836,3.542732E+9
18.580000,-2.048006,-2.426258,-1.904395,-2.102887,3.542732E+9
18.585000,-2.123919,-2.388137,-1.961905,-2.203447,3.542732E+9
18.590000,-2.033546,-2.350016,-1.917211,-2.402925,3.542732E+9
18.595000,-2.164998,-2.399310,-2.024673,-2.622450,3.542732E+9
18.600000,-2.283304,-2.558038,-2.240582,-2.895541,3.542732E+9
18.605000,-2.517288,-2.798266,-2.514988,-3.131168,3.542732E+9
18.610000,-2.592873,-2.812069,-2.691133,-3.139384,3.542732E+9
18.615000,-2.655313,-2.868922,-2.702635,-3.143327,3.542732E+9
18.620000,-2.577099,-2.829158,-2.561653,-3.016148,3.542732E+9
18.625000,-2.702307,-2.800567,-2.338842,-2.887654,3.542732E+9
18.630000,-2.469308,-2.736484,-2.046691,-2.518931,3.542732E+9
18.635000,-2.427572,-2.686532,-1.878433,-2.371705,3.542732E+9
18.640000,-2.264244,-2.582028,-1.804491,-2.130820,3.542732E+9
18.645000,-2.269173,-2.475881,-1.842284,-2.071996,3.542732E+9
18.650000,-2.095328,-2.387480,-1.847542,-1.981622,3.542732E+9
18.655000,-2.100258,-2.357246,-1.886320,-2.003641,3.542732E+9
18.660000,-2.079554,-2.293820,-1.851157,-2.031903,3.542732E+9
18.665000,-2.129506,-2.267530,-1.837354,-2.163683,3.542732E+9
18.670000,-2.044062,-2.200490,-1.859701,-2.029931,3.542732E+9
18.675000,-1.997397,-2.131806,-1.917540,-2.072981,3.542732E+9
18.680000,-1.942516,-2.012514,-1.937586,-2.088098,3.542732E+9
18.685000,-1.910639,-1.966177,-2.035189,-2.129177,3.542732E+9
18.690000,-1.805477,-1.885663,-1.867260,-2.152838,3.542732E+9
18.695000,-1.794633,-1.806135,-1.882376,-2.083826,3.542732E+9
18.700000,-1.632618,-1.691772,-1.794961,-1.995096,3.542732E+9
18.705000,-1.629003,-1.681256,-1.760455,-1.871532,3.542732E+9
18.710000,-1.472576,-1.510368,-1.667453,-1.768671,3.542732E+9
18.715000,-1.414737,-1.421310,-1.601727,-1.663181,3.542732E+9
18.720000,-1.319435,-1.314834,-1.577080,-1.584310,3.542732E+9
18.725000,-1.386147,-1.280328,-1.595483,-1.584639,3.542732E+9
18.730000,-1.305304,-1.314834,-1.589239,-1.510040,3.542732E+9
18.735000,-1.411451,-1.358870,-1.512669,-1.522199,3.542732E+9
18.740000,-1.418024,-1.378588,-1.633933,-1.659895,3.542732E+9
18.745000,-1.447600,-1.400606,-1.689800,-1.871203,3.542732E+9
18.750000,-1.443328,-1.370044,-1.674683,-1.802520,3.542732E+9
18.755000,-1.455816,-1.423282,-1.738766,-1.932985,3.542732E+9
18.760000,-1.448915,-1.399949,-1.759798,-1.970778,3.542732E+9
18.765000,-1.384832,-1.384832,-1.900780,-2.002326,3.542732E+9
18.770000,-1.486379,-1.423610,-1.867588,-2.018100,3.542732E+9
18.775000,-1.529100,-1.494594,-1.836040,-1.969135,3.542732E+9
18.780000,-1.469290,-1.399620,-1.763084,-1.905381,3.542732E+9
18.785000,-1.480135,-1.401264,-1.721020,-1.801534,3.542732E+9
18.790000,-1.410137,-1.352298,-1.650364,-1.670739,3.542732E+9
18.795000,-1.443657,-1.336852,-1.606657,-1.635576,3.542732E+9
18.800000,-1.361500,-1.328637,-1.550461,-1.574122,3.542732E+9
18.805000,-1.384175,-1.324036,-1.594497,-1.584639,3.542732E+9
18.810000,-1.362814,-1.322393,-1.557034,-1.615858,3.542732E+9
18.815000,-1.399949,-1.350655,-1.647407,-1.724635,3.542732E+9
18.820000,-1.409808,-1.380560,-1.669425,-1.705903,3.542732E+9
18.825000,-1.492622,-1.383518,-1.810407,-1.778530,3.542732E+9
18.830000,-1.491637,-1.415066,-1.786745,-1.844256,3.542732E+9
18.835000,-1.605342,-1.491637,-1.801534,-1.878104,3.542732E+9
18.840000,-1.756840,-1.525485,-1.957633,-1.960262,3.542732E+9
18.845000,-2.181758,-1.754868,-2.136407,-2.064766,3.542732E+9
18.850000,-2.708879,-2.190302,-2.400953,-2.238939,3.542732E+9
18.855000,-2.920188,-2.557710,-2.712165,-2.568883,3.542732E+9
18.860000,-2.850847,-2.528790,-2.932676,-2.913944,3.542732E+9
18.865000,-2.991501,-2.431187,-2.978684,-3.249475,3.542732E+9
18.870000,-2.741742,-2.233024,-2.949107,-3.345435,3.542732E+9
18.875000,-2.709536,-2.294806,-2.883053,-3.463084,3.542732E+9
18.880000,-2.697706,-2.337528,-2.714466,-3.080559,3.542732E+9
18.885000,-2.684889,-2.225465,-2.557052,-2.775262,3.542732E+9
18.890000,-2.630994,-2.190631,-2.408512,-2.410812,3.542732E+9
18.895000,-2.550808,-2.147252,-2.401611,-2.179786,3.542732E+9
18.900000,-2.550151,-2.166641,-2.240582,-2.060822,3.542732E+9
18.905000,-2.701978,-2.246826,-2.267530,-1.988852,3.542732E+9
18.910000,-2.531748,-2.140679,-2.216921,-1.901437,3.542732E+9
18.915000,-2.580385,-2.141008,-2.208048,-1.922141,3.542732E+9
18.920000,-2.555409,-2.112746,-2.228423,-2.105844,3.542732E+9
18.925000,-2.674044,-2.192931,-2.321754,-2.387151,3.542732E+9
18.930000,-2.686861,-2.256357,-2.459778,-2.581371,3.542732E+9
18.935000,-2.909672,-2.325697,-2.578742,-2.865635,3.542732E+9
18.940000,-2.895212,-2.401611,-2.663200,-2.820285,3.542732E+9
18.945000,-2.957323,-2.457478,-2.658270,-2.793337,3.542732E+9
18.950000,-2.870236,-2.434802,-2.528790,-2.560339,3.542732E+9
18.955000,-2.810754,-2.369076,-2.358232,-2.327340,3.542732E+9
18.960000,-2.712165,-2.335556,-2.146923,-2.143637,3.542732E+9
18.965000,-2.632637,-2.250113,-2.066737,-2.054250,3.542732E+9
18.970000,-2.449262,-2.200818,-1.985895,-1.903409,3.542732E+9
18.975000,-2.426258,-2.152510,-1.979322,-1.876461,3.542732E+9
18.980000,-2.309594,-2.071010,-1.938243,-1.838340,3.542732E+9
18.985000,-2.305651,-2.072653,-1.942516,-1.904723,3.542732E+9
18.990000,-2.164340,-2.003969,-1.896508,-1.853457,3.542732E+9
18.995000,-2.168284,-1.930685,-1.900451,-1.886649,3.542732E+9
19.000000,-2.047020,-1.881062,-1.879090,-1.939558,3.542732E+9
19.005000,-2.041104,-1.805149,-1.955332,-1.935286,3.542732E+9
19.010000,-1.882705,-1.698673,-1.909653,-1.935614,3.542732E+9
19.015000,-1.879090,-1.755197,-1.906366,-1.953689,3.542732E+9
19.020000,-1.768014,-1.662195,-1.838340,-1.960590,3.542732E+9
19.025000,-1.744024,-1.634262,-1.824209,-1.919840,3.542732E+9
19.030000,-1.648393,-1.578395,-1.774586,-1.823881,3.542732E+9
19.035000,-1.620131,-1.503467,-1.717405,-1.815336,3.542732E+9
19.040000,-1.451872,-1.416052,-1.643463,-1.745338,3.542732E+9
19.045000,-1.443985,-1.357556,-1.620131,-1.718719,3.542732E+9
19.050000,-1.326008,-1.298403,-1.600084,-1.638862,3.542732E+9
19.055000,-1.387790,-1.325679,-1.656608,-1.755197,3.542732E+9
19.060000,-1.370372,-1.337838,-1.630647,-1.652008,3.542732E+9
19.065000,-1.410465,-1.396006,-1.668768,-1.704260,3.542732E+9
19.070000,-1.400935,-1.357556,-1.661866,-1.730550,3.542732E+9
19.075000,-1.430840,-1.402907,-1.769328,-1.749939,3.542732E+9
19.080000,-1.430183,-1.381546,-1.703602,-1.786088,3.542732E+9
19.085000,-1.512669,-1.491965,-1.756512,-1.847542,3.542732E+9
19.090000,-1.453516,-1.415395,-1.740080,-1.900451,3.542732E+9
19.095000,-1.481778,-1.439385,-1.778530,-1.882048,3.542732E+9
19.100000,-1.476520,-1.398306,-1.790360,-1.882376,3.542732E+9
19.105000,-1.523842,-1.398635,-1.773272,-1.971764,3.542732E+9
19.110000,-1.416381,-1.389433,-1.718719,-1.831768,3.542732E+9
19.115000,-1.420653,-1.353612,-1.749939,-1.794304,3.542732E+9
19.120000,-1.378917,-1.352955,-1.661538,-1.724963,3.542732E+9
19.125000,-1.419338,-1.350326,-1.681584,-1.717405,3.542732E+9
19.130000,-1.375302,-1.347697,-1.615530,-1.643792,3.542732E+9
19.135000,-1.405864,-1.369058,-1.693743,-1.658580,3.542732E+9
19.140000,-1.379574,-1.354598,-1.600413,-1.677641,3.542732E+9
19.145000,-1.493937,-1.399620,-1.703274,-1.685199,3.542732E+9
19.150000,-1.436427,-1.439713,-1.704917,-1.775243,3.542732E+9
19.155000,-1.479149,-1.549147,-1.720362,-1.885006,3.542732E+9
19.160000,-1.524499,-1.725292,-1.734493,-2.082840,3.542732E+9
19.165000,-1.731864,-2.128191,-1.797919,-2.483439,3.542732E+9
19.170000,-2.116689,-2.873523,-1.923127,-2.802867,3.542732E+9
19.175000,-2.618177,-2.974412,-2.387151,-3.205767,3.542732E+9
19.180000,-2.701321,-2.963567,-2.854133,-3.565288,3.542732E+9
19.185000,-2.508415,-2.957652,-3.017791,-4.021755,3.542732E+9
19.190000,-2.146923,-2.778549,-2.814369,-4.033257,3.542732E+9
19.195000,-2.268844,-2.680288,-2.674044,-3.983963,3.542732E+9
19.200000,-2.237625,-2.583671,-2.504800,-3.417076,3.542732E+9
19.205000,-2.201147,-2.539964,-2.395695,-2.909343,3.542732E+9
19.210000,-2.127205,-2.613248,-2.186030,-2.552452,3.542732E+9
19.215000,-2.066737,-2.483439,-2.020072,-2.336213,3.542732E+9
19.220000,-1.982280,-2.492970,-1.856086,-2.246826,3.542732E+9
19.225000,-2.059836,-2.680617,-1.804820,-2.250770,3.542732E+9
19.230000,-1.978336,-2.590573,-1.835383,-2.273774,3.542732E+9
19.235000,-2.026973,-2.632308,-1.834068,-2.387480,3.542732E+9
19.240000,-1.965520,-2.515316,-1.851814,-2.582357,3.542732E+9
19.245000,-2.229080,-2.608976,-1.996411,-2.974412,3.542732E+9
19.250000,-2.227437,-2.765075,-2.238611,-3.082531,3.542732E+9
19.255000,-2.488369,-2.897512,-2.548508,-3.261963,3.542732E+9
19.260000,-2.460435,-2.920188,-2.668786,-3.195908,3.542732E+9
19.265000,-2.540292,-2.885353,-2.616863,-3.158773,3.542732E+9
19.270000,-2.416070,-2.877137,-2.344429,-2.989529,3.542732E+9
19.275000,-2.345086,-2.867279,-2.102887,-2.732212,3.542732E+9
19.280000,-2.301050,-2.786764,-1.880733,-2.439732,3.542732E+9
19.285000,-2.246498,-2.646111,-1.785431,-2.244526,3.542732E+9
19.290000,-2.079883,-2.535034,-1.748296,-2.093028,3.542732E+9
19.295000,-1.954346,-2.403254,-1.740409,-2.131806,3.542732E+9
19.300000,-1.869889,-2.292834,-1.747310,-2.015800,3.542732E+9
19.305000,-1.987866,-2.304665,-1.771957,-2.066080,3.542732E+9
19.310000,-1.906695,-2.189973,-1.777544,-1.973078,3.542732E+9
19.315000,-1.913925,-2.151852,-1.828153,-1.938901,3.542732E+9
19.320000,-1.844584,-2.031245,-1.781487,-1.970120,3.542732E+9
19.325000,-1.849185,-1.931999,-1.850499,-1.992467,3.542732E+9
19.330000,-1.732193,-1.832754,-1.844256,-2.005284,3.542732E+9
19.335000,-1.723649,-1.834725,-1.874161,-2.026973,3.542732E+9
19.340000,-1.633276,-1.697358,-1.829796,-2.080869,3.542732E+9
19.345000,-1.648721,-1.646749,-1.783131,-2.073967,3.542732E+9
19.350000,-1.549147,-1.615530,-1.763084,-1.941530,3.542732E+9
19.355000,-1.537645,-1.487364,-1.751253,-1.844913,3.542732E+9
19.360000,-1.395348,-1.397320,-1.667453,-1.738437,3.542732E+9
19.365000,-1.373987,-1.315820,-1.642149,-1.691114,3.542732E+9
19.370000,-1.288544,-1.301032,-1.577409,-1.605671,3.542732E+9
19.375000,-1.331923,-1.308919,-1.617830,-1.611586,3.542732E+9
19.380000,-1.351312,-1.313520,-1.591211,-1.563606,3.542732E+9
19.385000,-1.409479,-1.389762,-1.634590,-1.641491,3.542732E+9
19.390000,-1.420981,-1.368729,-1.631304,-1.663838,3.542732E+9
19.395000,-1.599098,-1.429854,-1.709189,-1.735808,3.542732E+9
19.400000,-1.435441,-1.401264,-1.696372,-1.838012,3.542732E+9
19.405000,-1.523514,-1.488679,-1.778530,-1.901108,3.542732E+9
19.410000,-1.490322,-1.405864,-1.802520,-1.951717,3.542732E+9
19.415000,-1.485393,-1.446286,-1.823881,-1.998711,3.542732E+9
19.420000,-1.479806,-1.408822,-1.809749,-2.019415,3.542732E+9
19.425000,-1.532715,-1.396334,-1.800876,-2.005941,3.542732E+9
19.430000,-1.452530,-1.380231,-1.741066,-1.852143,3.542732E+9
19.435000,-1.448586,-1.369715,-1.735808,-1.775243,3.542732E+9
19.440000,-1.385489,-1.347368,-1.646749,-1.690128,3.542732E+9
19.445000,-1.396334,-1.337510,-1.615201,-1.661538,3.542732E+9
19.450000,-1.367743,-1.325679,-1.561306,-1.574122,3.542732E+9
19.455000,-1.396663,-1.363471,-1.621774,-1.589897,3.542732E+9
19.460000,-1.363471,-1.348683,-1.581352,-1.615530,3.542732E+9
19.465000,-1.456802,-1.359528,-1.662524,-1.669096,3.542732E+9
19.470000,-1.413752,-1.366758,-1.685199,-1.739751,3.542732E+9
19.475000,-1.471262,-1.409151,-1.738437,-1.794633,3.542732E+9
19.480000,-1.494923,-1.402249,-1.774915,-1.871532,3.542732E+9
19.485000,-1.665810,-1.444643,-1.856415,-2.008241,3.542732E+9
19.490000,-1.788717,-1.583653,-1.994110,-2.021387,3.542732E+9
19.495000,-2.266873,-1.809092,-2.066080,-2.058850,3.542732E+9
19.500000,-2.855777,-2.284290,-2.530433,-2.284947,3.542732E+9
19.505000,-2.962910,-2.693762,-2.885025,-2.840660,3.542732E+9
19.510000,-3.000702,-2.687518,-3.074315,-3.133797,3.542732E+9
19.515000,-3.042438,-2.565268,-3.166660,-3.472614,3.542732E+9
19.520000,-2.762446,-2.308280,-3.107507,-3.549514,3.542732E+9
19.525000,-2.770333,-2.350344,-3.065771,-3.494633,3.542732E+9
19.530000,-2.627050,-2.324711,-2.709865,-3.242245,3.542732E+9
19.535000,-2.626722,-2.227109,-2.516631,-2.799581,3.542732E+9
19.540000,-2.580056,-2.168613,-2.403582,-2.393724,3.542732E+9
19.545000,-2.495599,-2.141665,-2.275417,-2.192274,3.542732E+9
19.550000,-2.564939,-2.213635,-2.231709,-1.978665,3.542732E+9
19.555000,-2.596488,-2.194246,-2.250441,-1.827495,3.542732E+9
19.560000,-2.529776,-2.112088,-2.215606,-1.794304,3.542732E+9
19.565000,-2.652026,-2.132792,-2.191617,-1.960590,3.542732E+9
19.570000,-2.521232,-2.100586,-2.211663,-2.123590,3.542732E+9
19.575000,-2.581042,-2.153496,-2.316824,-2.462736,3.542732E+9
19.580000,-2.715123,-2.276403,-2.477524,-2.747329,3.542732E+9
19.585000,-2.919531,-2.414427,-2.710851,-2.979341,3.542732E+9
19.590000,-2.916902,-2.493298,-2.783478,-2.999388,3.542732E+9
19.595000,-2.941877,-2.517288,-2.804182,-3.314872,3.542732E+9
19.600000,-2.875166,-2.480153,-2.598131,-2.673387,3.542732E+9
19.605000,-2.855777,-2.414099,-2.340814,-2.566583,3.542732E+9
19.610000,-2.687190,-2.366119,-2.142979,-2.222836,3.542732E+9
19.615000,-2.554423,-2.265887,-2.037161,-2.003969,3.542732E+9
19.620000,-2.396353,-2.189645,-1.944159,-1.883691,3.542732E+9
19.625000,-2.408512,-2.148895,-2.019415,-1.860030,3.542732E+9
19.630000,-2.248798,-2.100586,-1.909653,-1.786417,3.542732E+9
19.635000,-2.281332,-2.053264,-1.921483,-1.803506,3.542732E+9
19.640000,-2.174856,-2.004627,-1.879419,-1.870217,3.542732E+9
19.645000,-2.207719,-1.778530,-1.829139,-1.909653,3.542732E+9
19.650000,-2.042090,-1.846556,-1.896179,-1.940872,3.542732E+9
19.655000,-1.999697,-1.815665,-1.916554,-1.967820,3.542732E+9
19.660000,-1.841626,-1.721348,-1.904395,-2.002983,3.542732E+9
19.665000,-2.147909,-1.669096,-1.923784,-2.251427,3.542732E+9
19.670000,-1.781159,-1.640834,-1.874818,-2.014157,3.542732E+9
19.675000,-1.729235,-1.599756,-1.821909,-1.981622,3.542732E+9
19.680000,-1.640177,-1.556376,-1.757826,-1.888292,3.542732E+9
19.685000,-1.632947,-1.495251,-1.755526,-1.793318,3.542732E+9
19.690000,-1.456145,-1.404879,-1.639848,-1.706560,3.542732E+9
19.695000,-1.380560,-1.329294,-1.618487,-1.743695,3.542732E+9
19.700000,-1.323379,-1.293802,-1.558348,-1.618816,3.542732E+9
19.705000,-1.355584,-1.327322,-1.598770,-1.621116,3.542732E+9
19.710000,-1.344739,-1.322064,-1.618487,-1.611258,3.542732E+9
19.715000,-1.287229,-1.371358,-1.745667,-1.640834,3.542732E+9
19.720000,-1.404879,-1.365772,-1.673368,-1.712475,3.542732E+9
19.725000,-1.479806,-1.441356,-1.683885,-1.792332,3.542732E+9
19.730000,-1.427554,-1.375959,-1.696372,-1.844584,3.542732E+9
19.735000,-1.481120,-1.432483,-1.743038,-1.851485,3.542732E+9
19.740000,-1.487693,-1.408822,-1.759141,-1.876790,3.542732E+9
19.745000,-1.536987,-1.426897,-1.781159,-1.973078,3.542732E+9
19.750000,-1.471262,-1.419667,-1.775901,-1.915897,3.542732E+9
19.755000,-1.501167,-1.401264,-1.842941,-1.880733,3.542732E+9
19.760000,-1.442999,-1.386147,-1.744024,-1.859701,3.542732E+9
19.765000,-1.433798,-1.373002,-1.719048,-1.894536,3.542732E+9
19.770000,-1.396334,-1.350655,-1.670739,-1.728249,3.542732E+9
19.775000,-1.393048,-1.373987,-1.646421,-1.661866,3.542732E+9
19.780000,-1.325350,-1.317792,-1.588582,-1.641491,3.542732E+9
19.785000,-1.445300,-1.345725,-1.612901,-1.636562,3.542732E+9
19.790000,-1.368729,-1.347040,-1.595155,-1.632618,3.542732E+9
19.795000,-1.437741,-1.404879,-1.629661,-1.653651,3.542732E+9
19.800000,-1.446286,-1.405864,-1.678626,-1.724306,3.542732E+9
19.805000,-1.534358,-1.439713,-1.750268,-1.906695,3.542732E+9
19.810000,-1.528114,-1.553419,-1.771300,-1.919183,3.542732E+9
19.815000,-1.703602,-1.812379,-1.854114,-2.152510,3.542732E+9
19.820000,-2.058850,-2.355931,-1.961247,-2.481139,3.542732E+9
19.825000,-2.564939,-2.752915,-2.306965,-2.893240,3.542732E+9
19.830000,-2.751272,-2.799581,-2.758831,-3.172247,3.542732E+9
19.835000,-2.727282,-2.863335,-3.022063,-3.588621,3.542732E+9
19.840000,-2.457149,-2.621464,-2.944506,-3.750964,3.542732E+9
19.845000,-2.324383,-2.493627,-2.929718,-3.775611,3.542732E+9
19.850000,-2.364147,-2.410484,-2.679960,-3.402945,3.542732E+9
19.855000,-2.296778,-2.352645,-2.496585,-2.915916,3.542732E+9
19.860000,-2.289548,-2.445318,-2.262929,-2.572498,3.542732E+9
19.865000,-2.249455,-2.474238,-2.096314,-2.359546,3.542732E+9
19.870000,-2.115703,-2.374006,-1.938243,-2.174528,3.542732E+9
19.875000,-2.171570,-2.455177,-1.906038,-2.103544,3.542732E+9
19.880000,-2.096314,-2.435788,-1.930356,-2.141336,3.542732E+9
19.885000,-2.227766,-2.453205,-1.962891,-2.296778,3.542732E+9
19.890000,-2.093356,-2.378935,-1.973078,-2.362832,3.542732E+9
19.895000,-2.218893,-2.424943,-2.079554,-2.624093,3.542732E+9
19.900000,-2.340486,-2.611605,-2.288891,-2.834744,3.542732E+9
19.905000,-2.583671,-2.738127,-2.554752,-3.075301,3.542732E+9
19.910000,-2.599446,-2.815026,-2.657284,-3.134126,3.542732E+9
19.915000,-2.627050,-2.830801,-2.678974,-3.235015,3.542732E+9
19.920000,-2.565268,-2.805825,-2.508415,-2.946807,3.542732E+9
19.925000,-2.544893,-2.797938,-2.268187,-2.839345,3.542732E+9
19.930000,-2.493627,-2.766061,-2.051949,-2.481796,3.542732E+9
19.935000,-2.396681,-2.653669,-1.901437,-2.247155,3.542732E+9
19.940000,-2.252084,-2.519917,-1.821580,-2.077911,3.542732E+9
19.945000,-2.261943,-2.453205,-1.870874,-1.991153,3.542732E+9
19.950000,-2.041433,-2.298421,-1.852800,-1.954675,3.542732E+9
19.955000,-2.090399,-2.258986,-1.866931,-1.954346,3.542732E+9
19.960000,-2.025987,-2.225465,-1.834397,-1.996411,3.542732E+9
19.965000,-2.060822,-2.273774,-1.823552,-1.987538,3.542732E+9
19.970000,-1.926413,-2.066409,-1.824866,-1.954675,3.542732E+9
19.975000,-1.897822,-2.006270,-1.849514,-1.931671,3.542732E+9
19.980000,-1.808435,-1.878762,-1.852471,-1.985566,3.542732E+9
19.985000,-1.919183,-1.840969,-1.858387,-2.115703,3.542732E+9
19.990000,-1.721348,-1.778858,-1.874818,-2.043733,3.542732E+9
19.995000,-1.734822,-1.682570,-1.872518,-2.053592,3.542732E+9
20.000000,-1.635905,-1.633276,-1.787731,-1.975050,3.542732E+9
20.005000,-1.572808,-1.573794,-1.770971,-1.900122,3.542732E+9
20.010000,-1.429197,-1.471262,-1.668110,-1.759141,3.542732E+9
20.015000,-1.396006,-1.350655,-1.663510,-1.734822,3.542732E+9
20.020000,-1.316477,-1.290516,-1.586282,-1.618816,3.542732E+9
20.025000,-1.326008,-1.313848,-1.582667,-1.601399,3.542732E+9
20.030000,-1.303661,-1.300375,-1.575766,-1.577080,3.542732E+9
20.035000,-1.457131,-1.361500,-1.694729,-1.570179,3.542732E+9
20.040000,-1.407508,-1.383846,-1.650036,-1.633933,3.542732E+9
20.045000,-1.507739,-1.476520,-1.702288,-1.717076,3.542732E+9
20.050000,-1.444314,-1.405864,-1.689471,-1.799233,3.542732E+9
20.055000,-1.499852,-1.374316,-1.737780,-1.859701,3.542732E+9
20.060000,-1.487036,-1.409151,-1.766699,-1.922798,3.542732E+9
20.065000,-1.556048,-1.421967,-1.816651,-2.002655,3.542732E+9
20.070000,-1.468633,-1.408165,-1.807778,-1.991481,3.542732E+9
20.075000,-1.500181,-1.413423,-1.868903,-1.990167,3.542732E+9
20.080000,-1.439385,-1.400935,-1.768999,-1.911953,3.542732E+9
20.085000,-1.467318,-1.377274,-1.768014,-1.859372,3.542732E+9
20.090000,-1.405864,-1.346711,-1.675997,-1.722991,3.542732E+9
20.095000,-1.391076,-1.354927,-1.708532,-1.647407,3.542732E+9
20.100000,-1.336852,-1.336524,-1.580366,-1.593840,3.542732E+9
20.105000,-1.427225,-1.330937,-1.588582,-1.560977,3.542732E+9
20.110000,-1.382203,-1.334223,-1.574780,-1.594497,3.542732E+9
20.115000,-1.423282,-1.389104,-1.623745,-1.619473,3.542732E+9
20.120000,-1.445957,-1.378588,-1.672383,-1.712804,3.542732E+9
20.125000,-1.580366,-1.415395,-1.750596,-1.853457,3.542732E+9
20.130000,-1.574780,-1.470933,-1.850499,-1.890592,3.542732E+9
20.135000,-1.820266,-1.632290,-1.997397,-1.984580,3.542732E+9
20.140000,-2.215606,-1.906695,-2.164012,-2.211992,3.542732E+9
20.145000,-2.805825,-2.447619,-2.472266,-2.567897,3.542732E+9
20.150000,-2.860706,-2.713809,-2.765403,-2.812726,3.542732E+9
20.155000,-2.818313,-2.611933,-2.990186,-3.153844,3.542732E+9
20.160000,-2.789065,-2.425601,-2.964882,-3.345435,3.542732E+9
20.165000,-2.628694,-2.260957,-2.933004,-3.393086,3.542732E+9
20.170000,-2.530762,-2.318139,-2.696720,-3.237973,3.542732E+9
20.175000,-2.577427,-2.397338,-2.516960,-2.910986,3.542732E+9
20.180000,-2.486397,-2.240911,-2.308609,-2.535363,3.542732E+9
20.185000,-2.525175,-2.237953,-2.207062,-2.253727,3.542732E+9
20.190000,-2.354288,-2.173542,-2.154810,-2.069366,3.542732E+9
20.195000,-2.509072,-2.256685,-2.146266,-1.993782,3.542732E+9
20.200000,-2.506772,-2.326683,-2.133121,-1.969792,3.542732E+9
20.205000,-2.576770,-2.269173,-2.154153,-2.022701,3.542732E+9
20.210000,-2.498556,-2.258986,-2.164669,-2.120633,3.542732E+9
20.215000,-2.575784,-2.281990,-2.291520,-2.328655,3.542732E+9
20.220000,-2.634280,-2.364804,-2.383207,-2.610948,3.542732E+9
20.225000,-2.787422,-2.482453,-2.552452,-2.949765,3.542732E+9
20.230000,-2.846246,-2.556724,-2.658927,-2.956994,3.542732E+9
20.235000,-2.942535,-2.643482,-2.692776,-2.996759,3.542732E+9
20.240000,-2.859063,-2.661228,-2.610948,-2.807139,3.542732E+9
20.245000,-2.868264,-2.593859,-2.539635,-2.584329,3.542732E+9
20.250000,-2.730569,-2.509401,-2.241568,-2.325369,3.542732E+9
20.255000,-2.685875,-2.451562,-2.097629,-2.125562,3.542732E+9
20.260000,-2.482125,-2.363490,-1.944816,-2.027302,3.542732E+9
20.265000,-2.452877,-2.095000,-1.922469,-1.939558,3.542732E+9
20.270000,-2.279032,-2.201147,-1.899465,-1.890264,3.542732E+9
20.275000,-2.320111,-2.197532,-1.903080,-1.881719,3.542732E+9
20.280000,-2.225137,-2.180443,-1.886649,-1.917211,3.542732E+9
20.285000,-2.242225,-2.070681,-1.849185,-1.934957,3.542732E+9
20.290000,-2.164669,-2.024016,-1.867917,-1.935614,3.542732E+9
20.295000,-2.138379,-1.946788,-1.906366,-1.991153,3.542732E+9
20.300000,-1.947445,-1.847870,-1.909324,-1.982280,3.542732E+9
20.305000,-1.944816,-1.789374,-1.915239,-2.048663,3.542732E+9
20.310000,-1.858387,-1.725949,-1.889278,-2.044719,3.542732E+9
20.315000,-1.767685,-1.683556,-1.904723,-1.780830,3.542732E+9
20.320000,-1.690128,-1.628675,-1.810735,-1.931342,3.542732E+9
20.325000,-1.662524,-1.624731,-1.779187,-1.909653,3.542732E+9
20.330000,-1.518256,-1.483421,-1.673368,-1.764070,3.542732E+9
20.335000,-1.447272,-1.402907,-1.684870,-1.680270,3.542732E+9
20.340000,-1.333566,-1.306290,-1.579709,-1.619802,3.542732E+9
20.345000,-1.393048,-1.286572,-1.600741,-1.579709,3.542732E+9
20.350000,-1.348683,-1.310891,-1.592526,-1.589897,3.542732E+9
20.355000,-1.421310,-1.388118,-1.629989,-1.592197,3.542732E+9
20.360000,-1.401264,-1.381217,-1.660552,-1.646092,3.542732E+9
20.365000,-1.530086,-1.372673,-1.699001,-1.797919,3.542732E+9
20.370000,-1.428211,-1.397649,-1.701302,-1.813364,3.542732E+9
20.375000,-1.459760,-1.394362,-1.716090,-1.878762,3.542732E+9
20.380000,-1.464360,-1.395020,-1.741066,-1.924112,3.542732E+9
20.385000,-1.470604,-1.424596,-1.801534,-2.172227,3.542732E+9
20.390000,-1.459431,-1.401921,-1.788717,-1.932985,3.542732E+9
20.395000,-1.487364,-1.416052,-1.827167,-1.932328,3.542732E+9
20.400000,-1.440042,-1.399292,-1.767356,-1.900122,3.542732E+9
20.405000,-1.585296,-1.400606,-1.781487,-1.813364,3.542732E+9
20.410000,-1.400278,-1.359199,-1.701302,-1.725292,3.542732E+9
20.415000,-1.427883,-1.402907,-1.657266,-1.636233,3.542732E+9
20.420000,-1.363471,-1.333566,-1.581352,-1.618159,3.542732E+9
20.425000,-1.460745,-1.329951,-1.560977,-1.631633,3.542732E+9
20.430000,-1.353284,-1.335209,-1.556376,-1.625060,3.542732E+9
20.435000,-1.421639,-1.346054,-1.623745,-1.648721,3.542732E+9
20.440000,-1.413752,-1.385818,-1.648721,-1.716090,3.542732E+9
20.445000,-1.481120,-1.442999,-1.753225,-2.128520,3.542732E+9
20.450000,-1.461403,-1.479477,-1.747639,-1.906695,3.542732E+9
20.455000,-1.562949,-1.668439,-1.817965,-2.112088,3.542732E+9
20.460000,-1.650693,-1.959933,-1.847542,-2.326355,3.542732E+9
20.465000,-2.057536,-2.697706,-1.967163,-2.717423,3.542732E+9
20.470000,-2.575456,-2.997087,-2.273774,-3.109807,3.542732E+9
20.475000,-2.867936,-3.006617,-2.804510,-3.432850,3.542732E+9
20.480000,-2.569869,-2.926103,-3.037509,-3.704627,3.542732E+9
20.485000,-2.292177,-2.814698,-2.899813,-3.961945,3.542732E+9
20.490000,-2.221522,-2.586958,-2.684889,-4.009596,3.542732E+9
20.495000,-2.334570,-2.530433,-2.572169,-3.634629,3.542732E+9
20.500000,-2.190302,-2.453205,-2.388137,-3.022720,3.542732E+9
20.505000,-2.258986,-2.541278,-2.274760,-2.655313,3.542732E+9
20.510000,-2.059508,-2.453205,-2.121947,-2.360532,3.542732E+9
20.515000,-2.007256,-2.362504,-1.926084,-2.586629,3.542732E+9
20.520000,-2.016457,-2.465365,-1.795947,-2.218236,3.542732E+9
20.525000,-2.017443,-2.489355,-1.812707,-2.388465,3.542732E+9
20.530000,-2.042748,-2.515316,-1.862001,-2.325040,3.542732E+9
20.535000,-2.061479,-2.508415,-1.933314,-2.558695,3.542732E+9
20.540000,-2.097629,-2.493627,-2.037161,-2.739442,3.542732E+9
20.545000,-2.254056,-2.649397,-2.291848,-3.049997,3.542732E+9
20.550000,-2.397010,-2.765732,-2.504472,-3.190979,3.542732E+9
20.555000,-2.472595,-2.821599,-2.705264,-3.169618,3.542732E+9
20.560000,-2.502171,-2.785450,-2.643811,-3.087460,3.542732E+9
20.565000,-2.519260,-2.679302,-2.388137,-2.971454,3.542732E+9
20.570000,-2.398324,-2.788736,-2.155139,-2.711508,3.542732E+9
20.575000,-2.356917,-2.813055,-1.930356,-2.470623,3.542732E+9
20.580000,-2.237953,-2.600103,-1.803506,-2.255042,3.542732E+9
20.585000,-2.218236,-2.574470,-1.744681,-2.149881,3.542732E+9
20.590000,-2.046362,-2.411141,-1.767356,-2.044719,3.542732E+9
20.595000,-2.109459,-2.310580,-1.812050,-2.090070,3.542732E+9
20.600000,-1.983923,-2.252084,-1.825195,-1.998383,3.542732E+9
20.605000,-2.039133,-2.189973,-1.812707,-2.083498,3.542732E+9
20.610000,-1.953360,-2.141994,-1.797262,-2.012842,3.542732E+9
20.615000,-1.941530,-2.075939,-1.811393,-1.997725,3.542732E+9
20.620000,-1.803834,-1.918526,-1.830124,-2.002655,3.542732E+9
20.625000,-1.839983,-1.855758,-1.887306,-2.103544,3.542732E+9
20.630000,-1.736794,-1.807778,-1.864631,-2.038475,3.542732E+9
20.635000,-1.720691,-1.788717,-1.853457,-2.088756,3.542732E+9
20.640000,-1.651022,-1.652665,-1.769657,-2.048991,3.542732E+9
20.645000,-1.617501,-1.649378,-1.827167,-1.927727,3.542732E+9
20.650000,-1.512669,-1.543560,-1.737451,-1.812050,3.542732E+9
20.655000,-1.530415,-1.451544,-1.724306,-1.713461,3.542732E+9
20.660000,-1.355584,-1.361500,-1.605999,-1.690128,3.542732E+9
20.665000,-1.347697,-1.322393,-1.580695,-1.641163,3.542732E+9
20.670000,-1.301032,-1.276056,-1.578066,-1.583324,3.542732E+9
20.675000,-1.499524,-1.326665,-1.623088,-1.490651,3.542732E+9
20.680000,-1.375959,-1.346383,-1.611258,-1.624403,3.542732E+9
20.685000,-1.489993,-1.390090,-1.659895,-1.711489,3.542732E+9
20.690000,-1.446943,-1.406522,-1.670082,-1.730221,3.542732E+9
20.695000,-1.466989,-1.409479,-1.745338,-1.784445,3.542732E+9
20.700000,-1.473891,-1.391076,-1.720362,-1.870546,3.542732E+9
20.705000,-1.503796,-1.268169,-1.754540,-1.976693,3.542732E+9
20.710000,-1.482435,-1.411122,-1.786088,-1.942844,3.542732E+9
20.715000,-1.506096,-1.436427,-1.909981,-1.951717,3.542732E+9
20.720000,-1.493937,-1.420324,-1.811064,-1.969463,3.542732E+9
20.725000,-1.523185,-1.383189,-1.804163,-1.908010,3.542732E+9
20.730000,-1.432155,-1.363143,-1.708532,-1.820923,3.542732E+9
20.735000,-1.421967,-1.383518,-1.656608,-1.733508,3.542732E+9
20.740000,-1.370372,-1.336852,-1.615530,-1.643792,3.542732E+9
20.745000,-1.488022,-1.321735,-1.584967,-1.651350,3.542732E+9
20.750000,-1.354270,-1.334223,-1.526800,-1.579709,3.542732E+9
20.755000,-1.408493,-1.341782,-1.414737,-1.574451,3.542732E+9
20.760000,-1.404550,-1.342439,-1.609614,-1.632618,3.542732E+9
20.765000,-1.485064,-1.378260,-1.701631,-1.778530,3.542732E+9
20.770000,-1.474876,-1.394691,-1.729564,-1.765385,3.542732E+9
20.775000,-1.547175,-1.421310,-1.651679,-1.852800,3.542732E+9
20.780000,-1.585296,-1.428868,-1.857072,-1.921812,3.542732E+9
20.785000,-1.905381,-1.539945,-2.048334,-1.972421,3.542732E+9
20.790000,-2.280018,-1.723320,-2.225465,-2.050635,3.542732E+9
20.795000,-2.974412,-2.152838,-2.610290,-2.192931,3.542732E+9
20.800000,-3.035208,-2.578413,-2.946478,-2.581042,3.542732E+9
20.805000,-3.223842,-2.633952,-3.173561,-3.395058,3.542732E+9
20.810000,-3.207082,-2.500857,-3.254733,-3.418391,3.542732E+9
20.815000,-3.044081,-2.285605,-3.272150,-3.540641,3.542732E+9
20.820000,-2.946150,-2.303679,-3.115065,-3.443695,3.542732E+9
20.825000,-2.901785,-2.358560,-2.901456,-3.277737,3.542732E+9
20.830000,-2.767375,-2.250113,-2.660899,-2.837045,3.542732E+9
20.835000,-2.820942,-2.178471,-2.527147,-2.470623,3.542732E+9
20.840000,-2.661885,-2.083826,-2.359217,-2.191288,3.542732E+9
20.845000,-2.741085,-2.168941,-2.286919,-2.062794,3.542732E+9
20.850000,-2.629351,-2.176500,-2.289548,-1.860687,3.542732E+9
20.855000,-2.640196,-2.032231,-2.394709,-1.739423,3.542732E+9
20.860000,-2.625736,-2.029931,-2.236967,-1.792003,3.542732E+9
20.865000,-2.652355,-2.019086,-2.279689,-2.038804,3.542732E+9
20.870000,-2.623107,-2.053592,-2.314853,-2.303679,3.542732E+9
20.875000,-2.775920,-2.186687,-2.500199,-2.560339,3.542732E+9
20.880000,-2.830801,-2.235324,-2.672730,-2.774605,3.542732E+9
20.885000,-3.017134,-2.364147,-2.773291,-2.888968,3.542732E+9
20.890000,-2.932019,-2.391095,-2.727282,-2.795637,3.542732E+9
20.895000,-2.953051,-2.370391,-2.596816,-2.616534,3.542732E+9
20.900000,-2.822585,-2.306637,-2.396024,-2.433159,3.542732E+9
20.905000,-2.809111,-2.254056,-2.210677,-2.237296,3.542732E+9
20.910000,-2.529776,-2.141665,-2.081854,-1.974064,3.542732E+9
20.915000,-2.501185,-2.063780,-2.024344,-1.883362,3.542732E+9
20.920000,-2.338185,-2.046691,-1.936600,-1.801205,3.542732E+9
20.925000,-2.317810,-1.994768,-1.837354,-1.817308,3.542732E+9
20.930000,-2.220865,-1.941201,-1.901437,-1.764070,3.542732E+9
20.935000,-2.202133,-1.922141,-1.925427,-1.776558,3.542732E+9
20.940000,-2.105187,-1.876461,-1.851814,-1.816651,3.542732E+9
20.945000,-2.072653,-1.805806,-1.856743,-1.959933,3.542732E+9
20.950000,-1.949745,-1.719376,-1.872189,-1.936929,3.542732E+9
20.955000,-1.908338,-1.697687,-1.946131,-1.969135,3.542732E+9
20.960000,-1.844256,-1.648064,-1.935614,-2.007913,3.542732E+9
20.965000,-1.843598,-1.653651,-1.964205,-2.043076,3.542732E+9
20.970000,-1.699987,-1.608628,-1.836697,-1.978665,3.542732E+9
20.975000,-1.733508,-1.567221,-1.841298,-1.872846,3.542732E+9
20.980000,-1.539616,-1.471262,-1.731536,-1.802848,3.542732E+9
20.985000,-1.489008,-1.432812,-1.661209,-1.734822,3.542732E+9
20.990000,-1.376616,-1.332580,-1.589897,-1.665810,3.542732E+9
20.995000,-1.534358,-1.323707,-1.606985,-1.539288,3.542732E+9
21.000000,-1.340139,-1.307604,-1.591540,-1.569522,3.542732E+9
21.005000,-1.465346,-1.337181,-1.628346,-1.626374,3.542732E+9
21.010000,-1.412766,-1.376288,-1.640506,-1.649050,3.542732E+9
21.015000,-1.421310,-1.375959,-1.721677,-1.699659,3.542732E+9
21.020000,-1.422624,-1.363800,-1.681256,-1.763084,3.542732E+9
21.025000,-1.461074,-1.396663,-1.720691,-1.893550,3.542732E+9
21.030000,-1.421310,-1.385818,-1.723320,-1.856415,3.542732E+9
21.035000,-1.490322,-1.420324,-1.843598,-1.893221,3.542732E+9
21.040000,-1.448915,-1.412766,-1.780173,-1.938243,3.542732E+9
21.045000,-1.538302,-1.429526,-1.823552,-1.922141,3.542732E+9
21.050000,-1.470604,-1.403235,-1.794304,-1.902094,3.542732E+9
21.055000,-1.496895,-1.430840,-1.769985,-1.845241,3.542732E+9
21.060000,-1.412766,-1.382532,-1.698673,-1.790032,3.542732E+9
21.065000,-1.477834,-1.365443,-1.675669,-1.811721,3.542732E+9
21.070000,-1.374316,-1.337838,-1.624731,-1.658580,3.542732E+9
21.075000,-1.399292,-1.327979,-1.618159,-1.638205,3.542732E+9
21.080000,-1.380889,-1.337181,-1.586610,-1.652336,3.542732E+9
21.085000,-1.402249,-1.371030,-1.638534,-1.805806,3.542732E+9
21.090000,-1.419010,-1.382532,-1.654308,-1.683227,3.542732E+9
21.095000,-1.478163,-1.445629,-1.713461,-1.783788,3.542732E+9
21.100000,-1.471590,-1.521542,-1.722334,-1.875147,3.542732E+9
21.105000,-1.610272,-1.721348,-1.830453,-2.042748,3.542732E+9
21.110000,-1.849185,-2.231381,-1.869889,-2.338185,3.542732E+9
21.115000,-2.481796,-2.863992,-2.137393,-2.715452,3.542732E+9
21.120000,-2.718409,-2.835401,-2.600103,-3.083188,3.542732E+9
21.125000,-2.697377,-2.869250,-2.938591,-3.461441,3.542732E+9
21.130000,-2.480810,-2.756202,-2.961924,-3.770025,3.542732E+9
21.135000,-2.366447,-2.593202,-2.874508,-3.918237,3.542732E+9
21.140000,-2.372691,-2.582357,-2.710851,-3.627728,3.542732E+9
21.145000,-2.391752,-2.553109,-2.540949,-3.200838,3.542732E+9
21.150000,-2.331284,-2.611933,-2.338185,-2.771976,3.542732E+9
21.155000,-2.260629,-2.593202,-2.168284,-2.609304,3.542732E+9
21.160000,-2.123919,-2.474895,-1.991153,-2.282647,3.542732E+9
21.165000,-2.193260,-2.585314,-1.929370,-2.248798,3.542732E+9
21.170000,-2.103544,-2.526490,-1.889278,-2.169598,3.542732E+9
21.175000,-2.168284,-2.575456,-1.970120,-2.237296,3.542732E+9
21.180000,-2.095328,-2.485083,-1.905052,-2.339171,3.542732E+9
21.185000,-2.263586,-2.501514,-2.044391,-2.526490,3.542732E+9
21.190000,-2.272131,-2.614562,-2.155139,-2.778220,3.542732E+9
21.195000,-2.485740,-2.878123,-2.390437,-2.987557,3.542732E+9
21.200000,-2.512030,-2.843289,-2.551794,-3.072672,3.542732E+9
21.205000,-2.569869,-2.885025,-2.558367,-3.131825,3.542732E+9
21.210000,-2.497899,-2.823242,-2.490012,-2.952722,3.542732E+9
21.215000,-2.478181,-2.801224,-2.275417,-2.731883,3.542732E+9
21.220000,-2.388794,-2.721038,-2.031245,-2.484754,3.542732E+9
21.225000,-2.455506,-2.646440,-1.878762,-2.377292,3.542732E+9
21.230000,-2.181100,-2.506443,-1.813693,-2.077254,3.542732E+9
21.235000,-2.121290,-2.388465,-1.812379,-2.027631,3.542732E+9
21.240000,-1.972092,-2.281332,-1.810735,-1.920169,3.542732E+9
21.245000,-2.043733,-2.250770,-1.823223,-1.950731,3.542732E+9
21.250000,-1.963548,-2.179457,-1.770643,-1.940215,3.542732E+9
21.255000,-1.941530,-2.129177,-1.775243,-2.124905,3.542732E+9
21.260000,-1.874489,-2.020072,-1.768342,-1.922141,3.542732E+9
21.265000,-1.854114,-1.932328,-1.774915,-2.015143,3.542732E+9
21.270000,-1.748624,-1.835383,-1.827495,-1.951717,3.542732E+9
21.275000,-1.710832,-1.771300,-1.855429,-1.991810,3.542732E+9
21.280000,-1.669425,-1.684542,-1.831110,-2.050306,3.542732E+9
21.285000,-1.674354,-1.643135,-1.865945,-2.031903,3.542732E+9
21.290000,-1.546518,-1.584967,-1.812379,-1.929370,3.542732E+9
21.295000,-1.569193,-1.588911,-1.764727,-1.813036,3.542732E+9
21.300000,-1.431169,-1.443328,-1.672711,-1.781159,3.542732E+9
21.305000,-1.405864,-1.405207,-1.629003,-1.693415,3.542732E+9
21.310000,-1.331594,-1.299717,-1.601070,-1.635576,3.542732E+9
21.315000,-1.384175,-1.302675,-1.614544,-1.642806,3.542732E+9
21.320000,-1.327651,-1.321735,-1.600741,-1.619802,3.542732E+9
21.325000,-1.398635,-1.344411,-1.650364,-1.657923,3.542732E+9
21.330000,-1.409479,-1.371687,-1.651022,-1.660223,3.542732E+9
21.335000,-1.445300,-1.393705,-1.717405,-1.877118,3.542732E+9
21.340000,-1.466004,-1.406193,-1.656608,-1.776229,3.542732E+9
21.345000,-1.468961,-1.442671,-1.702616,-1.862987,3.542732E+9
21.350000,-1.444971,-1.393377,-1.738766,-1.864959,3.542732E+9
21.355000,-1.424268,-1.372344,-1.865945,-1.883362,3.542732E+9
21.360000,-1.469290,-1.414409,-1.809092,-1.948760,3.542732E+9
21.365000,-1.516612,-1.459760,-1.802191,-1.961247,3.542732E+9
21.370000,-1.471262,-1.392719,-1.779516,-1.938572,3.542732E+9
21.375000,-1.472247,-1.351969,-1.745338,-1.843927,3.542732E+9
21.380000,-1.390090,-1.362814,-1.685856,-1.754868,3.542732E+9
21.385000,-1.463703,-1.343425,-1.641820,-1.717076,3.542732E+9
21.390000,-1.352298,-1.338824,-1.575108,-1.641163,3.542732E+9
21.395000,-1.379903,-1.338495,-1.602713,-1.592526,3.542732E+9
21.400000,-1.354270,-1.323050,-1.564921,-1.584639,3.542732E+9
21.405000,-1.396991,-1.343096,-1.594169,-1.678626,3.542732E+9
21.410000,-1.425254,-1.384175,-1.674354,-1.673697,3.542732E+9
21.415000,-1.502481,-1.431826,-1.856086,-1.744024,3.542732E+9
21.420000,-1.533044,-1.471590,-1.813036,-1.857072,3.542732E+9
21.425000,-1.766699,-1.541588,-1.889935,-1.977022,3.542732E+9
21.430000,-2.030260,-1.865288,-2.043405,-2.167298,3.542732E+9
21.435000,-2.641181,-2.433816,-2.330955,-2.463393,3.542732E+9
21.440000,-2.723996,-2.729254,-2.630008,-2.799909,3.542732E+9
21.445000,-2.847889,-2.705921,-2.919531,-3.237316,3.542732E+9
21.450000,-2.812726,-2.676673,-2.993144,-3.473929,3.542732E+9
21.455000,-2.617520,-2.455177,-2.840331,-3.574818,3.542732E+9
21.460000,-2.610948,-2.551137,-2.775262,-3.508435,3.542732E+9
21.465000,-2.686532,-2.595173,-2.653012,-3.381255,3.542732E+9
21.470000,-2.584657,-2.456492,-2.485083,-2.824228,3.542732E+9
21.475000,-2.645782,-2.475881,-2.388137,-2.518603,3.542732E+9
21.480000,-2.464379,-2.370062,-2.284290,-2.287248,3.542732E+9
21.485000,-2.595831,-2.440060,-2.278703,-2.213635,3.542732E+9
21.490000,-2.544564,-2.456163,-2.176500,-2.140350,3.542732E+9
21.495000,-2.550480,-2.355274,-2.206076,-2.092699,3.542732E+9
21.500000,-2.500528,-2.357574,-2.152838,-2.188659,3.542732E+9
21.505000,-2.508744,-2.394052,-2.138379,-2.370719,3.542732E+9
21.510000,-2.528133,-2.381236,-2.257671,-2.567240,3.542732E+9
21.515000,-2.695077,-2.514988,-2.416728,-2.732540,3.542732E+9
21.520000,-2.732869,-2.571183,-2.541607,-2.837373,3.542732E+9
21.525000,-2.676673,-2.584000,-2.617192,-2.794980,3.542732E+9
21.530000,-2.788079,-2.664843,-2.575784,-2.735169,3.542732E+9
21.535000,-2.815684,-2.600431,-2.454520,-2.633294,3.542732E+9
21.540000,-2.668129,-2.533062,-2.242883,-2.409498,3.542732E+9
21.545000,-2.656298,-2.486068,-2.065423,-2.301707,3.542732E+9
21.550000,-2.423300,-2.373020,-1.935614,-2.139365,3.542732E+9
21.555000,-2.415084,-2.327669,-1.938901,-2.057207,3.542732E+9
21.560000,-2.250770,-2.228094,-1.885991,-1.987866,3.542732E+9
21.565000,-2.227437,-2.158096,-1.908010,-2.178800,3.542732E+9
21.570000,-2.139036,-2.086784,-1.881719,-1.914254,3.542732E+9
21.575000,-2.131477,-2.091056,-1.856415,-1.960590,3.542732E+9
21.580000,-2.022044,-1.978665,-1.789374,-1.878762,3.542732E+9
21.585000,-1.960590,-1.869889,-1.838669,-1.857729,3.542732E+9
21.590000,-1.835711,-1.743038,-1.834068,-1.867588,3.542732E+9
21.595000,-1.832425,-1.694401,-1.938243,-1.875147,3.542732E+9
21.600000,-1.752897,-1.655622,-1.836368,-1.965848,3.542732E+9
21.605000,-1.785760,-1.729893,-1.829467,-2.007584,3.542732E+9
21.610000,-1.630647,-1.576094,-1.778530,-1.952046,3.542732E+9
21.615000,-1.669753,-1.563935,-1.765385,-1.883691,3.542732E+9
21.620000,-1.497223,-1.443657,-1.692100,-1.825852,3.542732E+9
21.625000,-1.476520,-1.373002,-1.634590,-1.828153,3.542732E+9
21.630000,-1.364786,-1.303004,-1.600413,-1.704917,3.542732E+9
21.635000,-1.367415,-1.291830,-1.648393,-1.643792,3.542732E+9
21.640000,-1.362157,-1.310233,-1.637548,-1.608300,3.542732E+9
21.645000,-1.434127,-1.348354,-1.666467,-1.720362,3.542732E+9
21.650000,-1.405864,-1.364457,-1.632947,-1.647078,3.542732E+9
21.655000,-1.422953,-1.417695,-1.688485,-1.687499,3.542732E+9
21.660000,-1.442671,-1.383518,-1.657266,-1.733836,3.542732E+9
21.665000,-1.451872,-1.413752,-1.755197,-1.804491,3.542732E+9
21.670000,-1.423939,-1.394034,-1.697358,-1.876133,3.542732E+9
21.675000,-1.524171,-1.436427,-1.761112,-1.894536,3.542732E+9
21.680000,-1.449572,-1.392719,-1.793647,-1.932657,3.542732E+9
21.685000,-1.511354,-1.425582,-1.809092,-1.947774,3.542732E+9
21.690000,-1.460088,-1.394691,-1.800548,-1.924112,3.542732E+9
21.695000,-1.495580,-1.406522,-1.767685,-1.904066,3.542732E+9
21.700000,-1.407836,-1.368072,-1.682570,-1.786417,3.542732E+9
21.705000,-1.433469,-1.363800,-1.716747,-1.689143,3.542732E+9
21.710000,-1.366758,-1.331266,-1.618159,-1.635905,3.542732E+9
21.715000,-1.375959,-1.332252,-1.578395,-1.656608,3.542732E+9
21.720000,-1.370701,-1.337181,-1.572808,-1.643135,3.542732E+9
21.725000,-1.405864,-1.375631,-1.673368,-1.659895,3.542732E+9
21.730000,-1.405536,-1.369715,-1.667124,-1.693743,3.542732E+9
21.735000,-1.498209,-1.512997,-1.692429,-1.768014,3.542732E+9
21.740000,-1.431497,-1.450887,-1.713790,-1.875475,3.542732E+9
21.745000,-1.502153,-1.581024,-1.750596,-1.987209,3.542732E+9
21.750000,-1.549804,-1.772943,-1.786088,-2.153167,3.542732E+9
21.755000,-1.980637,-2.420671,-1.897822,-2.582028,3.542732E+9
21.760000,-2.468980,-2.864978,-2.182415,-2.892912,3.542732E+9
21.765000,-2.801224,-2.919202,-2.903756,-3.308628,3.542732E+9
21.770000,-2.750286,-2.998730,-3.053283,-3.664206,3.542732E+9
21.775000,-2.534706,-2.857748,-3.073001,-4.018798,3.542732E+9
21.780000,-2.387808,-2.714137,-2.937934,-4.079594,3.542732E+9
21.785000,-2.547851,-2.704607,-2.839345,-3.797301,3.542732E+9
21.790000,-2.362504,-2.537992,-2.625079,-3.270178,3.542732E+9
21.795000,-2.426915,-2.610619,-2.481796,-2.867607,3.542732E+9
21.800000,-2.222179,-2.545879,-2.239268,-2.566911,3.542732E+9
21.805000,-2.182744,-2.471609,-2.051621,-2.393066,3.542732E+9
21.810000,-2.151852,-2.491655,-1.907681,-2.268516,3.542732E+9
21.815000,-2.162040,-2.587943,-1.955332,-2.203447,3.542732E+9
21.820000,-2.118989,-2.493955,-1.936929,-2.208377,3.542732E+9
21.825000,-2.167955,-2.497242,-1.899794,-2.378278,3.542732E+9
21.830000,-2.155467,-2.436774,-1.968806,-2.579399,3.542732E+9
21.835000,-2.408512,-2.593530,-2.195889,-2.927746,3.542732E+9
21.840000,-2.422314,-2.695077,-2.485740,-2.997087,3.542732E+9
21.845000,-2.646111,-2.779863,-2.653669,-3.205110,3.542732E+9
21.850000,-2.559024,-2.786436,-2.664514,-3.166332,3.542732E+9
21.855000,-2.542593,-2.756202,-2.539964,-3.093047,3.542732E+9
21.860000,-2.471280,-2.753244,-2.282647,-2.818970,3.542732E+9
21.865000,-2.513016,-2.745357,-2.093028,-2.567240,3.542732E+9
21.870000,-2.313209,-2.593530,-1.931014,-2.294806,3.542732E+9
21.875000,-2.254713,-2.479824,-1.861673,-2.650054,3.542732E+9
21.880000,-2.062137,-2.335885,-1.782473,-2.040776,3.542732E+9
21.885000,-1.957961,-2.186030,-1.752897,-2.078568,3.542732E+9
21.890000,-1.937586,-2.180772,-1.806792,-1.943830,3.542732E+9
21.895000,-1.939887,-2.146923,-1.824209,-1.938901,3.542732E+9
21.900000,-1.925098,-2.048991,-1.767685,-1.910310,3.542732E+9
21.905000,-1.948102,-2.022373,-1.813693,-1.951389,3.542732E+9
21.910000,-1.787403,-1.893221,-1.793318,-1.951717,3.542732E+9
21.915000,-1.792003,-1.765385,-1.896508,-1.956647,3.542732E+9
21.920000,-1.724635,-1.728578,-1.849514,-2.035518,3.542732E+9
21.925000,-1.727592,-1.764399,-1.816979,-2.093685,3.542732E+9
21.930000,-1.607314,-1.634590,-1.815336,-2.034532,3.542732E+9
21.935000,-1.626046,-1.584639,-1.803506,-1.942187,3.542732E+9
21.940000,-1.508397,-1.509383,-1.741066,-1.840641,3.542732E+9
21.945000,-1.501167,-1.426568,-1.696372,-1.801534,3.542732E+9
21.950000,-1.365443,-1.336852,-1.618487,-1.694072,3.542732E+9
21.955000,-1.347040,-1.285586,-1.620459,-1.645435,3.542732E+9
21.960000,-1.329294,-1.306618,-1.599098,-1.591868,3.542732E+9
21.965000,-1.381546,-1.335866,-1.664495,-1.714118,3.542732E+9
21.970000,-1.364129,-1.345068,-1.631633,-1.623417,3.542732E+9
21.975000,-1.417366,-1.434127,-1.652665,-1.696701,3.542732E+9
21.980000,-1.420324,-1.385161,-1.642806,-1.732522,3.542732E+9
21.985000,-1.490651,-1.425582,-1.751582,-1.779844,3.542732E+9
21.990000,-1.448258,-1.404221,-1.699659,-1.800876,3.542732E+9
21.995000,-1.545203,-1.615201,-1.802848,-1.861016,3.542732E+9
22.000000,-1.457131,-1.412766,-1.784116,-1.946131,3.542732E+9
22.005000,-1.514312,-1.435441,-1.810407,-1.949417,3.542732E+9
22.010000,-1.490322,-1.398963,-1.802520,-1.947774,3.542732E+9
22.015000,-1.531729,-1.411780,-1.814350,-1.993125,3.542732E+9
22.020000,-1.438399,-1.389433,-1.740737,-1.828810,3.542732E+9
22.025000,-1.464689,-1.358542,-1.696701,-1.781487,3.542732E+9
22.030000,-1.401592,-1.338167,-1.624403,-1.709518,3.542732E+9
22.035000,-1.382860,-1.325679,-1.619145,-1.764070,3.542732E+9
22.040000,-1.375631,-1.323379,-1.564592,-1.623417,3.542732E+9
22.045000,-1.401264,-1.376616,-1.576423,-1.639191,3.542732E+9
22.050000,-1.380560,-1.350655,-1.599098,-1.639520,3.542732E+9
22.055000,-1.463374,-1.370372,-1.726278,-1.637548,3.542732E+9
22.060000,-1.430512,-1.379245,-1.700316,-1.697687,3.542732E+9
22.065000,-1.493937,-1.415395,-1.722991,-1.775901,3.542732E+9
22.070000,-1.533701,-1.403235,-1.768999,-1.848856,3.542732E+9
22.075000,-1.790689,-1.465018,-1.911953,-2.199832,3.542732E+9
22.080000,-2.019086,-1.666467,-2.055893,-1.974064,3.542732E+9
22.085000,-2.669772,-2.006927,-2.341800,-2.159740,3.542732E+9
22.090000,-2.942863,-2.421986,-2.695734,-2.428887,3.542732E+9
22.095000,-3.021406,-2.658270,-3.077273,-3.211354,3.542732E+9
22.100000,-3.085817,-2.552123,-3.120981,-3.261963,3.542732E+9
22.105000,-3.006617,-2.409169,-3.104220,-3.600451,3.542732E+9
22.110000,-2.841645,-2.309594,-3.021077,-3.472943,3.542732E+9
22.115000,-2.768690,-2.346072,-2.954037,-3.268207,3.542732E+9
22.120000,-2.585643,-2.215606,-2.570198,-2.952394,3.542732E+9
22.125000,-2.645454,-2.138707,-2.466022,-2.446304,3.542732E+9
22.130000,-2.467994,-2.062794,-2.280346,-2.153496,3.542732E+9
22.135000,-2.521232,-2.055564,-2.175185,-1.974721,3.542732E+9
22.140000,-2.544893,-2.186030,-2.155139,-1.815336,3.542732E+9
22.145000,-2.518931,-2.077911,-2.164340,-1.717733,3.542732E+9
22.150000,-2.500199,-2.006598,-2.147909,-1.704260,3.542732E+9
22.155000,-2.607333,-2.032889,-2.165983,-1.908338,3.542732E+9
22.160000,-2.538649,-2.063123,-2.202461,-2.164998,3.542732E+9
22.165000,-2.729911,-2.194903,-2.353631,-2.537992,3.542732E+9
22.170000,-2.757845,-2.273117,-2.555738,-2.756859,3.542732E+9
22.175000,-2.935633,-2.378278,-2.802210,-2.936619,3.542732E+9
22.180000,-2.954037,-2.462078,-2.761788,-2.945492,3.542732E+9
22.185000,-2.993472,-2.498556,-2.741413,-3.158116,3.542732E+9
22.190000,-2.901456,-2.448605,-2.530105,-2.568226,3.542732E+9
22.195000,-2.870893,-2.409169,-2.338514,-2.432502,3.542732E+9
22.200000,-2.730569,-2.345086,-2.123919,-2.131149,3.542732E+9
22.205000,-2.591230,-2.292506,-2.030260,-1.993782,3.542732E+9
22.210000,-2.505458,-2.205090,-1.979979,-1.853129,3.542732E+9
22.215000,-2.477853,-2.177485,-2.072981,-1.796933,3.542732E+9
22.220000,-2.340486,-2.117675,-1.892235,-1.791346,3.542732E+9
22.225000,-2.372363,-2.086455,-1.879090,-1.811721,3.542732E+9
22.230000,-2.239925,-2.007913,-1.855429,-1.856415,3.542732E+9
22.235000,-2.225465,-2.062137,-1.874161,-1.881719,3.542732E+9
22.240000,-2.110445,-1.878762,-1.900780,-1.937915,3.542732E+9
22.245000,-2.081526,-1.846227,-1.930356,-1.987866,3.542732E+9
22.250000,-1.948760,-1.781487,-1.950074,-2.022373,3.542732E+9
22.255000,-1.999368,-1.749282,-1.961247,-2.151195,3.542732E+9
22.260000,-1.849514,-1.720034,-1.894864,-2.042419,3.542732E+9
22.265000,-1.821251,-1.658580,-1.856415,-1.992139,3.542732E+9
22.270000,-1.682899,-1.581352,-1.768671,-1.859372,3.542732E+9
22.275000,-1.590225,-1.495909,-1.764070,-1.764727,3.542732E+9
22.280000,-1.449243,-1.406850,-1.619145,-1.701302,3.542732E+9
22.285000,-1.401921,-1.353284,-1.619802,-1.723320,3.542732E+9
22.290000,-1.338495,-1.315820,-1.568536,-1.598441,3.542732E+9
22.295000,-1.364786,-1.326665,-1.406193,-1.541260,3.542732E+9
22.300000,-1.370044,-1.333895,-1.610929,-1.573794,3.542732E+9
22.305000,-1.461403,-1.384832,-1.659237,-1.612243,3.542732E+9
22.310000,-1.405864,-1.358542,-1.642477,-1.685199,3.542732E+9
22.315000,-1.476848,-1.395677,-1.701302,-1.750596,3.542732E+9
22.320000,-1.420653,-1.384175,-1.717405,-1.834068,3.542732E+9
22.325000,-1.636233,-1.433469,-1.766699,-1.936600,3.542732E+9
22.330000,-1.511026,-1.442999,-1.816979,-1.979322,3.542732E+9
22.335000,-1.558677,-1.440042,-1.841626,-2.036832,3.542732E+9
22.340000,-1.488350,-1.425254,-1.804163,-1.982280,3.542732E+9
22.345000,-1.493608,-1.415395,-1.828810,-1.954675,3.542732E+9
22.350000,-1.418024,-1.379574,-1.720034,-1.843598,3.542732E+9
22.355000,-1.419338,-1.246479,-1.692100,-1.786088,3.542732E+9
22.360000,-1.370044,-1.334552,-1.637219,-1.655622,3.542732E+9
22.365000,-1.384832,-1.336524,-1.693743,-1.597784,3.542732E+9
22.370000,-1.339153,-1.321735,-1.577409,-1.588911,3.542732E+9
22.375000,-1.434127,-1.440042,-1.569193,-1.601727,3.542732E+9
22.380000,-1.377274,-1.372673,-1.604685,-1.651350,3.542732E+9
22.385000,-1.472576,-1.459760,-1.671068,-1.695058,3.542732E+9
22.390000,-1.462389,-1.441356,-1.709189,-1.794304,3.542732E+9
22.395000,-1.571493,-1.572808,-1.763741,-1.997068,3.542732E+9
22.400000,-1.607314,-1.814022,-1.786088,-2.166641,3.542732E+9
22.405000,-1.917868,-2.399310,-1.991810,-2.539635,3.542732E+9
22.410000,-2.488040,-2.893898,-2.154481,-2.919859,3.542732E+9
22.415000,-2.826857,-2.919859,-2.714794,-3.395715,3.542732E+9
22.420000,-2.660242,-2.904085,-3.005960,-3.584349,3.542732E+9
22.425000,-2.421657,-2.785450,-2.961267,-3.843638,3.542732E+9
22.430000,-2.169270,-2.518274,-2.755873,-3.884716,3.542732E+9
22.435000,-2.470294,-2.438746,-2.648083,-3.533411,3.542732E+9
22.440000,-2.145937,-2.379592,-2.360203,-3.016805,3.542732E+9
22.445000,-2.253070,-2.582685,-2.174856,-2.588601,3.542732E+9
22.450000,-2.087112,-2.433816,-2.016786,-2.318139,3.542732E+9
22.455000,-2.088756,-2.421000,-1.912282,-2.143308,3.542732E+9
22.460000,-2.037818,-2.433488,-1.840312,-2.060165,3.542732E+9
22.465000,-2.183072,-2.519260,-1.858387,-2.234010,3.542732E+9
22.470000,-2.096314,-2.523204,-1.854772,-2.247484,3.542732E+9
22.475000,-2.105516,-2.468980,-1.906695,-2.456492,3.542732E+9
22.480000,-2.104858,-2.439403,-1.998054,-2.614234,3.542732E+9
22.485000,-2.281004,-2.650054,-2.292506,-2.959623,3.542732E+9
22.490000,-2.425929,-2.795637,-2.480153,-3.142342,3.542732E+9
22.495000,-2.562310,-2.847232,-2.710522,-3.223842,3.542732E+9
22.500000,-2.531748,-2.850190,-2.664186,-3.189336,3.542732E+9
22.505000,-2.584657,-2.891269,-2.532734,-3.179148,3.542732E+9
22.510000,-2.471609,-2.844932,-2.270159,-2.803196,3.542732E+9
22.515000,-2.460107,-2.849204,-2.017772,-2.592544,3.542732E+9
22.520000,-2.310252,-2.680617,-1.831768,-2.273445,3.542732E+9
22.525000,-2.204104,-2.558367,-1.811721,-2.086127,3.542732E+9
22.530000,-2.051292,-2.428230,-1.710175,-1.967163,3.542732E+9
22.535000,-2.046691,-2.324711,-1.776558,-1.874161,3.542732E+9
22.540000,-1.965520,-2.259314,-1.773600,-1.924112,3.542732E+9
22.545000,-2.035518,-2.340157,-1.808435,-1.933971,3.542732E+9
22.550000,-1.960590,-2.172556,-1.815665,-1.941201,3.542732E+9
22.555000,-1.983923,-2.131806,-1.824866,-1.971764,3.542732E+9
22.560000,-1.872846,-1.974393,-1.829467,-2.044719,3.542732E+9
22.565000,-1.882048,-1.912610,-1.872518,-2.147909,3.542732E+9
22.570000,-1.735479,-1.815993,-1.880076,-2.080540,3.542732E+9
22.575000,-1.788389,-1.746981,-1.895193,-2.150209,3.542732E+9
22.580000,-1.632947,-1.686842,-1.817965,-2.060822,3.542732E+9
22.585000,-1.609614,-1.632618,-1.823881,-1.985566,3.542732E+9
22.590000,-1.532387,-1.534687,-1.714447,-1.855758,3.542732E+9
22.595000,-1.452201,-1.437413,-1.713790,-1.783459,3.542732E+9
22.600000,-1.342110,-1.353941,-1.619145,-1.638534,3.542732E+9
22.605000,-1.324364,-1.309905,-1.824538,-1.587925,3.542732E+9
22.610000,-1.289858,-1.286901,-1.552762,-1.548161,3.542732E+9
22.615000,-1.365443,-1.312205,-1.630318,-1.543231,3.542732E+9
22.620000,-1.365443,-1.348026,-1.606657,-1.584967,3.542732E+9
22.625000,-1.457131,-1.429197,-1.650693,-1.660881,3.542732E+9
22.630000,-1.440370,-1.384504,-1.663838,-1.742709,3.542732E+9
22.635000,-1.591211,-1.430183,-1.705574,-1.690786,3.542732E+9
22.640000,-1.447929,-1.422953,-1.744024,-1.892235,3.542732E+9
22.645000,-1.517598,-1.408493,-1.800548,-1.948431,3.542732E+9
22.650000,-1.491308,-1.407179,-1.811721,-1.987538,3.542732E+9
22.655000,-1.498866,-1.435770,-1.878104,-1.995754,3.542732E+9
22.660000,-1.466661,-1.399949,-1.804491,-1.949745,3.542732E+9
22.665000,-1.484078,-1.411780,-1.782802,-1.914911,3.542732E+9
22.670000,-1.409808,-1.379574,-1.710503,-1.791346,3.542732E+9
22.675000,-1.441356,-1.350655,-1.730221,-1.693743,3.542732E+9
22.680000,-1.366429,-1.326993,-1.593183,-1.656280,3.542732E+9
22.685000,-1.396334,-1.384504,-1.559334,-1.610929,3.542732E+9
22.690000,-1.363143,-1.335538,-1.561635,-1.573794,3.542732E+9
22.695000,-1.422953,-1.362485,-1.592854,-1.621116,3.542732E+9
22.700000,-1.377274,-1.363471,-1.602713,-1.654308,3.542732E+9
22.705000,-1.468961,-1.368401,-1.653979,-1.753554,3.542732E+9
22.710000,-1.433798,-1.377274,-1.713461,-1.767685,3.542732E+9
22.715000,-1.508068,-1.393705,-1.812707,-1.822237,3.542732E+9
22.720000,-1.510040,-1.407508,-1.786088,-1.873175,3.542732E+9
22.725000,-1.615201,-1.633604,-1.900451,-1.991481,3.542732E+9
22.730000,-1.843598,-1.630975,-2.010542,-2.006927,3.542732E+9
22.735000,-2.373677,-1.919512,-2.336871,-2.122604,3.542732E+9
22.740000,-2.845918,-2.425929,-2.569212,-2.378607,3.542732E+9
22.745000,-2.933333,-2.582685,-2.887325,-2.803853,3.542732E+9
22.750000,-2.943192,-2.633294,-3.071358,-3.220227,3.542732E+9
22.755000,-2.916902,-2.477524,-3.093704,-3.528482,3.542732E+9
22.760000,-2.644796,-2.292834,-2.992815,-3.579091,3.542732E+9
22.765000,-2.644796,-2.341471,-2.848547,-3.517308,3.542732E+9
22.770000,-2.502828,-2.288234,-2.597802,-3.133140,3.542732E+9
22.775000,-2.597474,-2.208377,-2.484097,-2.713151,3.542732E+9
22.780000,-2.510058,-2.213306,-2.363490,-2.304994,3.542732E+9
22.785000,-2.525833,-2.200818,-2.301379,-2.123919,3.542732E+9
22.790000,-2.577427,-2.303679,-2.243869,-2.035189,3.542732E+9
22.795000,-2.609962,-2.302693,-2.295463,-1.974064,3.542732E+9
22.800000,-2.522875,-2.172885,-2.211663,-1.934957,3.542732E+9
22.805000,-2.554095,-2.248798,-2.189316,-2.122276,3.542732E+9
22.810000,-2.537992,-2.210348,-2.236310,-2.383207,3.542732E+9
22.815000,-2.627379,-2.304994,-2.431516,-2.669444,3.542732E+9
22.820000,-2.738456,-2.416399,-2.552123,-2.907371,3.542732E+9
22.825000,-2.927746,-2.536349,-2.799581,-2.994787,3.542732E+9
22.830000,-2.909343,-2.568883,-2.794980,-3.022720,3.542732E+9
22.835000,-2.993801,-2.590573,-2.763432,-2.837045,3.542732E+9
22.840000,-2.858406,-2.554752,-2.537992,-2.599446,3.542732E+9
22.845000,-2.840660,-2.523204,-2.309266,-2.380250,3.542732E+9
22.850000,-2.666486,-2.406869,-2.091713,-2.166969,3.542732E+9
22.855000,-2.517617,-2.329969,-2.002983,-2.012185,3.542732E+9
22.860000,-2.400296,-2.272788,-1.938572,-1.908010,3.542732E+9
22.865000,-2.481139,-2.202790,-1.931671,-1.936600,3.542732E+9
22.870000,-2.290863,-2.177157,-1.918526,-1.875475,3.542732E+9
22.875000,-2.330298,-2.118332,-1.944159,-1.935943,3.542732E+9
22.880000,-2.232038,-2.068052,-1.908995,-1.919183,3.542732E+9
22.885000,-2.200490,-2.014157,-1.913925,-1.958290,3.542732E+9
22.890000,-2.046034,-1.893221,-1.880733,-1.981294,3.542732E+9
22.895000,-1.996082,-1.808435,-1.954018,-2.233352,3.542732E+9
22.900000,-1.880076,-1.749939,-1.931014,-1.979979,3.542732E+9
22.905000,-1.857072,-1.763084,-1.947445,-2.040447,3.542732E+9
22.910000,-1.790032,-1.679612,-1.862001,-2.021058,3.542732E+9
22.915000,-1.741395,-1.652993,-1.925427,-1.944159,3.542732E+9
22.920000,-1.653322,-1.567221,-1.739751,-1.874818,3.542732E+9
22.925000,-1.620788,-1.514312,-1.733508,-1.777544,3.542732E+9
22.930000,-1.439056,-1.407836,-1.649378,-1.698344,3.542732E+9
22.935000,-1.414080,-1.333237,-1.599427,-1.642477,3.542732E+9
22.940000,-1.337510,-1.301032,-1.562292,-1.590225,3.542732E+9
22.945000,-1.417695,-1.325350,-1.595812,-1.404221,3.542732E+9
22.950000,-1.373987,-1.324036,-1.614872,-1.564264,3.542732E+9
22.955000,-1.454501,-1.355256,-1.659895,-1.665481,3.542732E+9
22.960000,-1.393705,-1.371358,-1.678298,-1.725949,3.542732E+9
22.965000,-1.452201,-1.384504,-1.745667,-1.779844,3.542732E+9
22.970000,-1.467647,-1.388447,-1.714447,-1.845899,3.542732E+9
22.975000,-1.487693,-1.393048,-1.772943,-1.957633,3.542732E+9
22.980000,-1.484407,-1.416052,-1.762756,-1.962891,3.542732E+9
22.985000,-1.510368,-1.457459,-1.879090,-1.959604,3.542732E+9
22.990000,-1.479149,-1.412437,-1.780173,-1.941201,3.542732E+9
22.995000,-1.522528,-1.591211,-1.823881,-1.896508,3.542732E+9
23.000000,-1.445629,-1.395677,-1.741395,-1.842612,3.542732E+9
23.005000,-1.430183,-1.377274,-1.694072,-1.737122,3.542732E+9
23.010000,-1.394034,-1.347697,-1.642806,-1.673040,3.542732E+9
23.015000,-1.446943,-1.327979,-1.645435,-1.670739,3.542732E+9
23.020000,-1.353612,-1.337510,-1.577409,-1.604356,3.542732E+9
23.025000,-1.406193,-1.337510,-1.623745,-1.613558,3.542732E+9
23.030000,-1.389104,-1.349997,-1.620788,-1.676655,3.542732E+9
23.035000,-1.437413,-1.368729,-1.667124,-1.743366,3.542732E+9
23.040000,-1.432483,-1.372344,-1.689800,-1.747967,3.542732E+9
23.045000,-1.460417,-1.423610,-1.795618,-1.809421,3.542732E+9
23.050000,-1.451215,-1.438727,-1.731864,-1.899794,3.542732E+9
23.055000,-1.551118,-1.731207,-1.819608,-2.003969,3.542732E+9
23.060000,-1.615201,-1.780501,-1.815993,-2.146594,3.542732E+9
23.065000,-1.875147,-2.327669,-1.881062,-2.415413,3.542732E+9
23.070000,-2.337199,-2.817327,-2.090399,-2.787750,3.542732E+9
23.075000,-2.800238,-2.884696,-2.589587,-3.235015,3.542732E+9
23.080000,-2.744042,-2.924131,-2.984928,-3.528482,3.542732E+9
23.085000,-2.580056,-2.858406,-3.054597,-3.830493,3.542732E+9
23.090000,-2.345086,-2.690147,-2.932347,-4.024713,3.542732E+9
23.095000,-2.469637,-2.577756,-2.878123,-3.977062,3.542732E+9
23.100000,-2.283961,-2.439403,-2.632308,-3.297455,3.542732E+9
23.105000,-2.293820,-2.501843,-2.435459,-2.921174,3.542732E+9
23.110000,-2.199832,-2.502500,-2.229080,-2.572169,3.542732E+9
23.115000,-2.166969,-2.403582,-2.097957,-2.344101,3.542732E+9
23.120000,-2.081526,-2.415742,-1.860358,-2.186030,3.542732E+9
23.125000,-2.061808,-2.464707,-1.839983,-2.108473,3.542732E+9
23.130000,-2.033546,-2.439074,-1.904723,-2.124576,3.542732E+9
23.135000,-2.076596,-2.480482,-1.872518,-2.269830,3.542732E+9
23.140000,-2.073967,-2.370391,-1.927727,-2.496585,3.542732E+9
23.145000,-2.202461,-2.554423,-2.128520,-2.735827,3.542732E+9
23.150000,-2.331284,-2.631323,-2.402597,-3.013847,3.542732E+9
23.155000,-2.923803,-2.793008,-2.637895,-3.005632,3.542732E+9
23.160000,-2.544893,-2.753573,-2.701321,-3.200509,3.542732E+9
23.165000,-2.572498,-2.767375,-2.600431,-3.193608,3.542732E+9
23.170000,-2.454191,-2.750286,-2.363161,-2.888968,3.542732E+9
23.175000,-2.495927,-2.726625,-2.131149,-2.658599,3.542732E+9
23.180000,-2.318139,-2.649726,-1.914911,-2.342457,3.542732E+9
23.185000,-2.269502,-2.550808,-1.816651,-2.143308,3.542732E+9
23.190000,-2.095657,-2.422972,-1.786417,-2.006598,3.542732E+9
23.195000,-2.065423,-2.283304,-1.812050,-2.390766,3.542732E+9
23.200000,-1.989510,-2.270816,-1.804820,-1.953032,3.542732E+9
23.205000,-1.974721,-2.400296,-1.858387,-1.969135,3.542732E+9
23.210000,-1.979651,-2.134435,-1.838997,-1.976036,3.542732E+9
23.215000,-1.987209,-2.118332,-1.862330,-2.062465,3.542732E+9
23.220000,-1.849842,-2.001669,-1.821909,-2.050306,3.542732E+9
23.225000,-1.763413,-1.921812,-1.923784,-2.041104,3.542732E+9
23.230000,-1.777544,-1.816651,-1.897493,-2.077911,3.542732E+9
23.235000,-1.805806,-1.974393,-1.939887,-2.092699,3.542732E+9
23.240000,-1.678955,-1.715104,-1.856086,-2.083826,3.542732E+9
23.245000,-1.636233,-1.720691,-1.791675,-1.981294,3.542732E+9
23.250000,-1.520556,-1.549475,-1.734165,-1.875475,3.542732E+9
23.255000,-1.630318,-1.487036,-1.701302,-1.731207,3.542732E+9
23.260000,-1.394034,-1.397977,-1.618816,-1.663838,3.542732E+9
23.265000,-1.350983,-1.335866,-1.577409,-1.638862,3.542732E+9
23.270000,-1.326993,-1.284272,-1.551776,-1.570179,3.542732E+9
23.275000,-1.402578,-1.326993,-1.649050,-1.603042,3.542732E+9
23.280000,-1.365443,-1.341125,-1.648721,-1.593840,3.542732E+9
23.285000,-1.388776,-1.348354,-1.680598,-1.720691,3.542732E+9
23.290000,-1.434455,-1.388447,-1.675340,-1.776229,3.542732E+9
23.295000,-1.461403,-1.430840,-1.731864,-1.779187,3.542732E+9
23.300000,-1.463046,-1.396006,-1.714118,-1.815993,3.542732E+9
23.305000,-1.524828,-1.410137,-1.792003,-1.850828,3.542732E+9
23.310000,-1.461074,-1.395677,-1.764727,-1.901766,3.542732E+9
23.315000,-1.529429,-1.436756,-1.799233,-1.945473,3.542732E+9
23.320000,-1.484735,-1.413752,-1.799233,-1.951060,3.542732E+9
23.325000,-1.575437,-1.426568,-1.785102,-2.208048,3.542732E+9
23.330000,-1.481449,-1.389104,-1.752568,-1.845899,3.542732E+9
23.335000,-1.483421,-1.373659,-1.711489,-1.813364,3.542732E+9
23.340000,-1.401264,-1.356899,-1.642477,-1.710175,3.542732E+9
23.345000,-1.395020,-1.329622,-1.644120,-1.948760,3.542732E+9
23.350000,-1.381217,-1.327651,-1.576751,-1.645106,3.542732E+9
23.355000,-1.409151,-1.366429,-1.570508,-1.652993,3.542732E+9
23.360000,-1.394362,-1.347368,-1.589239,-1.653979,3.542732E+9
23.365000,-1.394034,-1.409479,-1.671397,-1.661866,3.542732E+9
23.370000,-1.417695,-1.370372,-1.702288,-1.703602,3.542732E+9
23.375000,-1.498209,-1.412766,-1.731207,-1.760455,3.542732E+9
23.380000,-1.500181,-1.399620,-1.757169,-1.850828,3.542732E+9
23.385000,-1.474876,-1.472576,-1.838669,-1.894207,3.542732E+9
23.390000,-1.843270,-1.611915,-2.025659,-1.969135,3.542732E+9
23.395000,-2.347715,-1.898808,-2.184715,-2.154481,3.542732E+9
23.400000,-2.794980,-2.371048,-2.492641,-2.364804,3.542732E+9
23.405000,-2.977369,-2.753901,-2.883053,-2.755873,3.542732E+9
23.410000,-3.008918,-2.694748,-3.067085,-3.191965,3.542732E+9
23.415000,-3.038495,-2.496585,-3.149243,-3.620498,3.542732E+9
23.420000,-2.798266,-2.403254,-3.045396,-3.575147,3.542732E+9
23.425000,-2.728597,-2.440389,-3.030279,-3.463413,3.542732E+9
23.430000,-2.622121,-2.348701,-2.658599,-3.202481,3.542732E+9
23.435000,-2.577427,-2.226123,-2.511701,-2.767375,3.542732E+9
23.440000,-2.503814,-2.195560,-2.370391,-2.331284,3.542732E+9
23.445000,-2.474566,-2.187673,-2.230723,-2.087770,3.542732E+9
23.450000,-2.517945,-2.223822,-2.166969,-2.005612,3.542732E+9
23.455000,-2.561982,-2.262600,-2.180443,-1.873832,3.542732E+9
23.460000,-2.461421,-2.139693,-2.188002,-1.804820,3.542732E+9
23.465000,-2.563954,-2.114389,-2.133449,-1.951389,3.542732E+9
23.470000,-2.498228,-2.119318,-2.158754,-2.153824,3.542732E+9
23.475000,-2.650712,-2.221522,-2.249784,-2.535034,3.542732E+9
23.480000,-2.687847,-2.338842,-2.477195,-2.696063,3.542732E+9
23.485000,-2.875823,-2.433488,-2.685546,-2.893240,3.542732E+9
23.490000,-2.921502,-2.527476,-2.770004,-2.937934,3.542732E+9
23.495000,-2.929390,-2.551466,-2.754559,-2.890283,3.542732E+9
23.500000,-2.834416,-2.531091,-2.570198,-2.665829,3.542732E+9
23.505000,-2.765075,-2.451891,-2.344429,-2.562968,3.542732E+9
23.510000,-2.721367,-2.422314,-2.157439,-2.225794,3.542732E+9
23.515000,-2.599774,-2.353631,-2.023687,-2.117018,3.542732E+9
23.520000,-2.513673,-2.271802,-1.967163,-1.940872,3.542732E+9
23.525000,-2.411141,-2.217250,-2.014485,-1.838669,3.542732E+9
23.530000,-2.304994,-2.151195,-1.901766,-1.833411,3.542732E+9
23.535000,-2.449262,-2.126548,-1.923455,-1.845241,3.542732E+9
23.540000,-2.225137,-2.052606,-1.873175,-1.847213,3.542732E+9
23.545000,-2.197203,-2.223165,-1.852471,-1.875475,3.542732E+9
23.550000,-2.087770,-1.920826,-1.898151,-1.934300,3.542732E+9
23.555000,-2.037818,-1.870874,-1.921155,-1.944816,3.542732E+9
23.560000,-1.949088,-1.757169,-1.944816,-2.040447,3.542732E+9
23.565000,-1.782802,-1.698673,-1.930356,-2.049977,3.542732E+9
23.570000,-1.821251,-1.722334,-1.907681,-2.069038,3.542732E+9
23.575000,-1.855429,-1.650693,-1.830124,-2.060822,3.542732E+9
23.580000,-1.694729,-1.604685,-1.794961,-1.883691,3.542732E+9
23.585000,-1.602385,-1.525157,-1.772943,-1.808764,3.542732E+9
23.590000,-1.473233,-1.419010,-1.632618,-1.719376,3.542732E+9
23.595000,-1.432812,-1.348683,-1.611258,-1.783788,3.542732E+9
23.600000,-1.357556,-1.309905,-1.573465,-1.587596,3.542732E+9
23.605000,-1.379245,-1.326993,-1.607314,-1.559334,3.542732E+9
23.610000,-1.406522,-1.333566,-1.633933,-1.603042,3.542732E+9
23.615000,-1.295445,-1.330937,-1.690128,-1.620788,3.542732E+9
23.620000,-1.438399,-1.370044,-1.689143,-1.662195,3.542732E+9
23.625000,-1.456473,-1.424596,-1.690786,-1.728249,3.542732E+9
23.630000,-1.452530,-1.390419,-1.722006,-1.893879,3.542732E+9
23.635000,-1.505110,-1.400606,-1.740080,-1.910639,3.542732E+9
23.640000,-1.511683,-1.441685,-1.801534,-1.960262,3.542732E+9
23.645000,-1.543560,-1.432483,-1.805806,-1.996739,3.542732E+9
23.650000,-1.529100,-1.422624,-1.828481,-1.962891,3.542732E+9
23.655000,-1.515626,-1.419338,-1.833082,-1.968149,3.542732E+9
23.660000,-1.446943,-1.434455,-1.747639,-1.843270,3.542732E+9
23.665000,-1.453516,-1.375959,-1.707546,-1.803834,3.542732E+9
23.670000,-1.408493,-1.347697,-1.653979,-1.662852,3.542732E+9
23.675000,-1.372673,-1.353612,-1.690457,-1.620788,3.542732E+9
23.680000,-1.362485,-1.319764,-1.615530,-1.605014,3.542732E+9
23.685000,-1.394362,-1.337181,-1.562949,-1.606657,3.542732E+9
23.690000,-1.393048,-1.351641,-1.623088,-1.740080,3.542732E+9
23.695000,-1.456802,-1.390747,-1.663838,-1.704588,3.542732E+9
23.700000,-1.470604,-1.412437,-1.709846,-1.773600,3.542732E+9
23.705000,-1.485064,-1.426239,-1.717405,-1.860030,3.542732E+9
23.710000,-1.494923,-1.509711,-1.754540,-1.907681,3.542732E+9
23.715000,-1.556705,-1.637876,-1.896179,-2.073639,3.542732E+9
23.720000,-1.731207,-2.079225,-1.841298,-2.261286,3.542732E+9
23.725000,-2.301707,-2.763432,-1.994768,-2.742071,3.542732E+9
23.730000,-2.775262,-2.951408,-2.426258,-3.028964,3.542732E+9
23.735000,-2.855448,-2.990186,-2.784464,-3.367124,3.542732E+9
23.740000,-2.688833,-2.911315,-3.063470,-3.694440,3.542732E+9
23.745000,-2.407526,-2.677002,-3.003660,-3.922838,3.542732E+9
23.750000,-2.433816,-2.591230,-2.832115,-3.838051,3.542732E+9
23.755000,-2.404568,-2.591558,-2.654327,-3.383556,3.542732E+9
23.760000,-2.348373,-2.503486,-2.469308,-3.005303,3.542732E+9
23.765000,-2.357246,-2.611605,-2.253727,-2.570855,3.542732E+9
23.770000,-2.193588,-2.435131,-2.101244,-2.358232,3.542732E+9
23.775000,-2.229080,-2.440389,-1.939229,-2.266873,3.542732E+9
23.780000,-2.183729,-2.504472,-1.941201,-2.112417,3.542732E+9
23.785000,-2.183729,-2.517617,-1.936600,-2.168941,3.542732E+9
23.790000,-2.185044,-2.512359,-1.939558,-2.225137,3.542732E+9
23.795000,-2.195231,-2.434474,-1.943830,-2.445976,3.542732E+9
23.800000,-2.259643,-2.558695,-2.097957,-2.650383,3.542732E+9
23.805000,-2.414099,-2.661556,-2.364476,-3.131168,3.542732E+9
23.810000,-2.574141,-2.809111,-2.597474,-3.088446,3.542732E+9
23.815000,-2.624093,-2.778220,-2.708222,-3.248818,3.542732E+9
23.820000,-2.637895,-2.812069,-2.641839,-3.046382,3.542732E+9
23.825000,-2.588601,-2.843289,-2.465036,-2.974083,3.542732E+9
23.830000,-2.541278,-2.780520,-2.199832,-2.632308,3.542732E+9
23.835000,-2.459778,-2.688175,-1.996411,-2.368748,3.542732E+9
23.840000,-2.343115,-2.548508,-1.845241,-2.138379,3.542732E+9
23.845000,-2.179786,-2.456492,-1.774258,-1.961576,3.542732E+9
23.850000,-2.006598,-2.258657,-1.758483,-1.900780,3.542732E+9
23.855000,-2.008570,-2.317482,-1.771628,-1.886649,3.542732E+9
23.860000,-1.971435,-2.150867,-1.825852,-2.101572,3.542732E+9
23.865000,-1.951389,-2.115046,-1.786745,-1.863316,3.542732E+9
23.870000,-1.937586,-2.052935,-1.795618,-1.969792,3.542732E+9
23.875000,-1.983923,-1.943173,-1.796276,-2.184058,3.542732E+9
23.880000,-1.785760,-1.811721,-1.968806,-1.986881,3.542732E+9
23.885000,-1.778530,-1.739751,-1.868903,-2.051949,3.542732E+9
23.890000,-1.701302,-1.721677,-1.909653,-2.024344,3.542732E+9
23.895000,-1.652008,-1.655622,-1.885663,-2.105187,3.542732E+9
23.900000,-1.604028,-1.663181,-1.795618,-1.993453,3.542732E+9
23.905000,-1.534358,-1.567878,-1.760455,-1.977350,3.542732E+9
23.910000,-1.492622,-1.467647,-1.718719,-1.763741,3.542732E+9
23.915000,-1.427225,-1.415066,-1.667124,-1.738437,3.542732E+9
23.920000,-1.383189,-1.327651,-1.650693,-1.645764,3.542732E+9
23.925000,-1.340139,-1.286901,-1.657923,-1.584310,3.542732E+9
23.930000,-1.369058,-1.324036,-1.601070,-1.608957,3.542732E+9
23.935000,-1.384832,-1.421639,-1.627032,-1.597784,3.542732E+9
23.940000,-1.452858,-1.360842,-1.669425,-1.768671,3.542732E+9
23.945000,-1.455487,-1.409151,-1.666796,-1.720362,3.542732E+9
23.950000,-1.480792,-1.432812,-1.688157,-1.798905,3.542732E+9
23.955000,-1.541917,-1.401921,-1.706231,-1.883362,3.542732E+9
23.960000,-1.448915,-1.428211,-1.798905,-1.860358,3.542732E+9
23.965000,-1.463703,-1.406193,-1.952375,-1.927070,3.542732E+9
23.970000,-1.495909,-1.443657,-1.813364,-1.924770,3.542732E+9
23.975000,-1.494594,-1.419338,-1.816979,-2.037161,3.542732E+9
23.980000,-1.489665,-1.417695,-1.799891,-1.891249,3.542732E+9
23.985000,-1.465018,-1.410465,-1.626374,-1.869889,3.542732E+9
23.990000,-1.459760,-1.384175,-1.722991,-1.799233,3.542732E+9
23.995000,-1.411780,-1.352298,-1.673697,-1.707546,3.542732E+9
24.000000,-1.401264,-1.341782,-1.631304,-1.672383,3.542732E+9
24.005000,-1.381546,-1.373002,-1.582010,-1.615201,3.542732E+9
24.010000,-1.392062,-1.279014,-1.562292,-1.646092,3.542732E+9
24.015000,-1.442999,-1.346383,-1.589239,-1.686185,3.542732E+9
24.020000,-1.438727,-1.376288,-1.685856,-1.676655,3.542732E+9
24.025000,-1.431169,-1.363143,-1.684870,-1.722663,3.542732E+9
24.030000,-1.540602,-1.413094,-1.776887,-1.739094,3.542732E+9
24.035000,-1.567878,-1.425911,-1.826181,-2.002983,3.542732E+9
24.040000,-1.772286,-1.571822,-1.934957,-1.922141,3.542732E+9
24.045000,-2.109459,-1.772614,-2.104530,-2.093028,3.542732E+9
24.050000,-2.804510,-2.216921,-2.422314,-2.326683,3.542732E+9
24.055000,-3.099948,-2.645454,-2.829486,-2.697706,3.542732E+9
24.060000,-2.984599,-2.729911,-3.057226,-3.120652,3.542732E+9
24.065000,-3.074644,-2.654327,-3.165674,-3.462098,3.542732E+9
24.070000,-2.855119,-2.433816,-3.148914,-3.750964,3.542732E+9
24.075000,-2.836716,-2.461421,-2.977698,-3.580405,3.542732E+9
24.080000,-2.740756,-2.515316,-2.791694,-3.385199,3.542732E+9
24.085000,-2.755545,-2.386494,-2.595831,-3.010561,3.542732E+9
24.090000,-2.680617,-2.313538,-2.556066,-2.523204,3.542732E+9
24.095000,-2.595831,-2.220536,-2.374992,-2.308280,3.542732E+9
24.100000,-2.673059,-2.267530,-2.319453,-2.111760,3.542732E+9
24.105000,-2.647097,-2.336213,-2.306637,-2.005612,3.542732E+9
24.110000,-2.608647,-2.240911,-2.259643,-1.946788,3.542732E+9
24.115000,-2.617849,-2.194574,-2.226780,-2.047348,3.542732E+9
24.120000,-2.584329,-2.185373,-2.259643,-2.154153,3.542732E+9
24.125000,-2.652355,-2.234010,-2.329969,-2.444332,3.542732E+9
24.130000,-2.803524,-2.329312,-2.443675,-2.720053,3.542732E+9
24.135000,-2.813383,-2.427572,-2.710851,-2.828172,3.542732E+9
24.140000,-2.919859,-2.482453,-2.712823,-2.959623,3.542732E+9
24.145000,-2.942863,-2.534048,-2.785778,-2.808782,3.542732E+9
24.150000,-2.900470,-2.497899,-2.527804,-2.648411,3.542732E+9
24.155000,-2.828500,-2.443675,-2.429216,-2.483111,3.542732E+9
24.160000,-2.738456,-2.393066,-2.216592,-2.306637,3.542732E+9
24.165000,-2.603718,-2.345086,-2.081854,-2.091056,3.542732E+9
24.170000,-2.438089,-2.223494,-2.043405,-2.136407,3.542732E+9
24.175000,-2.430201,-2.206076,-1.944487,-1.937258,3.542732E+9
24.180000,-2.317153,-2.141665,-1.944159,-1.913268,3.542732E+9
24.185000,-2.404240,-2.095000,-1.908995,-1.898808,3.542732E+9
24.190000,-2.232038,-2.043405,-2.061808,-1.868574,3.542732E+9
24.195000,-2.213963,-1.972092,-1.868903,-1.889278,3.542732E+9
24.200000,-2.033875,-1.840312,-1.899794,-1.874161,3.542732E+9
24.205000,-1.980965,-1.782145,-1.858058,-1.950403,3.542732E+9
24.210000,-1.866274,-1.722663,-1.920497,-1.927070,3.542732E+9
24.215000,-1.842284,-1.641491,-1.938572,-1.996082,3.542732E+9
24.220000,-1.828153,-1.669753,-1.912282,-1.976364,3.542732E+9
24.225000,-1.697030,-1.602385,-1.841955,-2.024673,3.542732E+9
24.230000,-1.751911,-1.545860,-1.779844,-1.923784,3.542732E+9
24.235000,-1.591540,-1.496895,-1.649050,-1.826181,3.542732E+9
24.240000,-1.542903,-1.412108,-1.681256,-1.788389,3.542732E+9
24.245000,-1.488022,-1.362485,-1.696372,-1.686185,3.542732E+9
24.250000,-1.405536,-1.303661,-1.651350,-1.657594,3.542732E+9
24.255000,-1.400935,-1.404550,-1.589897,-1.608300,3.542732E+9
24.260000,-1.398963,-1.348354,-1.641491,-1.657594,3.542732E+9
24.265000,-1.420981,-1.367743,-1.647407,-1.605014,3.542732E+9
24.270000,-1.424596,-1.384175,-1.673697,-1.651350,3.542732E+9
24.275000,-1.466661,-1.363800,-1.653322,-1.788389,3.542732E+9
24.280000,-1.442671,-1.377602,-1.744681,-1.803177,3.542732E+9
24.285000,-1.480135,-1.392391,-1.764070,-1.876790,3.542732E+9
24.290000,-1.565249,-1.459760,-1.810735,-1.908995,3.542732E+9
24.295000,-1.516284,-1.423610,-1.818951,-2.100586,3.542732E+9
24.300000,-1.542245,-1.423610,-1.808764,-1.967163,3.542732E+9
24.305000,-1.505768,-1.426897,-1.628018,-1.935286,3.542732E+9
24.310000,-1.536659,-1.407179,-1.772943,-1.887306,3.542732E+9
24.315000,-1.467318,-1.399292,-1.755526,-1.766370,3.542732E+9
24.320000,-1.427883,-1.350655,-1.682570,-1.699001,3.542732E+9
24.325000,-1.393048,-1.362814,-1.628018,-1.629003,3.542732E+9
24.330000,-1.393048,-1.327651,-1.632947,-1.649707,3.542732E+9
24.335000,-1.482764,-1.339153,-1.617830,-1.809092,3.542732E+9
24.340000,-1.428211,-1.362814,-1.699987,-1.644120,3.542732E+9
24.345000,-1.426239,-1.359528,-1.639520,-1.717733,3.542732E+9
24.350000,-1.470276,-1.433469,-1.700645,-1.755526,3.542732E+9
24.355000,-1.450229,-1.390090,-1.736137,-2.141994,3.542732E+9
24.360000,-1.489665,-1.471590,-1.750268,-1.878433,3.542732E+9
24.365000,-1.507739,-1.525157,-1.776887,-2.002983,3.542732E+9
24.370000,-1.678955,-1.758155,-1.818294,-2.153824,3.542732E+9
24.375000,-1.845241,-2.222179,-1.932985,-2.345086,3.542732E+9
24.380000,-2.490998,-2.727611,-2.273117,-2.672073,3.542732E+9
24.385000,-2.775920,-2.903099,-2.601746,-3.035537,3.542732E+9
24.390000,-2.814698,-2.917559,-2.947793,-3.523223,3.542732E+9
24.395000,-2.589915,-2.762446,-2.948121,-3.689839,3.542732E+9
24.400000,-2.350016,-2.547522,-2.895869,-3.825563,3.542732E+9
24.405000,-2.458792,-2.480482,-2.774276,-3.606695,3.542732E+9
24.410000,-2.225465,-2.403582,-2.649726,-3.146942,3.542732E+9
24.415000,-2.383865,-2.482453,-2.352974,-2.825543,3.542732E+9
24.420000,-2.350673,-2.634280,-2.202790,-2.507429,3.542732E+9
24.425000,-2.262929,-2.452220,-2.040776,-2.513016,3.542732E+9
24.430000,-2.281661,-2.595173,-1.970120,-2.189645,3.542732E+9
24.435000,-2.219221,-2.429873,-1.996739,-2.235981,3.542732E+9
24.440000,-2.370719,-2.567240,-1.982937,-2.172885,3.542732E+9
24.445000,-2.160397,-2.481468,-1.952703,-2.357574,3.542732E+9
24.450000,-2.301379,-2.445318,-2.027302,-2.521560,3.542732E+9
24.455000,-2.355274,-2.596488,-2.230723,-2.722024,3.542732E+9
24.460000,-2.546865,-2.715780,-2.471937,-2.974740,3.542732E+9
24.465000,-2.670758,-2.863992,-2.683575,-3.108821,3.542732E+9
24.470000,-2.654327,-2.795309,-2.692776,-3.133140,3.542732E+9
24.475000,-2.663528,-2.941549,-2.568226,-3.077930,3.542732E+9
24.480000,-2.580056,-2.805168,-2.354288,-2.856434,3.542732E+9
24.485000,-2.558367,-2.827514,-2.124905,-2.502171,3.542732E+9
24.490000,-2.434145,-2.551794,-1.932985,-2.342786,3.542732E+9
24.495000,-2.360532,-2.546536,-1.815336,-2.096971,3.542732E+9
24.500000,-2.178800,-2.442032,-1.799891,-1.985237,3.542732E+9
24.505000,-2.112088,-2.265887,-1.823552,-1.925427,3.542732E+9
24.510000,-2.078568,-2.255699,-1.883691,-1.902752,3.542732E+9
24.515000,-2.044719,-2.194246,-1.831439,-1.931671,3.542732E+9
24.520000,-2.038475,-2.120633,-1.849514,-1.908667,3.542732E+9
24.525000,-1.986552,-2.059836,-1.863973,-1.967491,3.542732E+9
24.530000,-1.891249,-2.010870,-1.837026,-1.964534,3.542732E+9
24.535000,-1.838012,-1.841626,-1.848528,-2.161054,3.542732E+9
24.540000,-1.776229,-1.805806,-1.868903,-2.036504,3.542732E+9
24.545000,-1.740737,-1.739751,-1.886977,-2.084483,3.542732E+9
24.550000,-1.766370,-1.653322,-1.847213,-2.081526,3.542732E+9
24.555000,-1.648393,-1.657923,-1.863645,-1.941858,3.542732E+9
24.560000,-1.591540,-1.566893,-1.740080,-1.867917,3.542732E+9
24.565000,-1.522199,-1.559006,-1.744681,-1.717076,3.542732E+9
24.570000,-1.427554,-1.394691,-1.662852,-1.674026,3.542732E+9
24.575000,-1.354927,-1.343425,-1.605999,-1.616516,3.542732E+9
24.580000,-1.342110,-1.318449,-1.608628,-1.631961,3.542732E+9
24.585000,-1.430512,-1.321735,-1.617830,-1.632290,3.542732E+9
24.590000,-1.396334,-1.368072,-1.750925,-1.618816,3.542732E+9
24.595000,-1.487693,-1.369387,-1.689800,-1.735808,3.542732E+9
24.600000,-1.494923,-1.404221,-1.723977,-1.754211,3.542732E+9
24.605000,-1.477834,-1.420324,-1.711818,-1.784774,3.542732E+9
24.610000,-1.488022,-1.432483,-1.730550,-1.865616,3.542732E+9
24.615000,-1.532058,-1.450887,-1.779187,-1.924770,3.542732E+9
24.620000,-1.539616,-1.402907,-1.772943,-1.946788,3.542732E+9
24.625000,-1.493608,-1.409479,-1.816979,-1.904723,3.542732E+9
24.630000,-1.502481,-1.411451,-1.802191,-1.908667,3.542732E+9
24.635000,-1.506425,-1.476191,-1.789703,-1.859372,3.542732E+9
24.640000,-1.476848,-1.376616,-1.759469,-1.934300,3.542732E+9
24.645000,-1.420324,-1.360842,-1.700316,-1.759469,3.542732E+9
24.650000,-1.388776,-1.351312,-1.645435,-1.701302,3.542732E+9
24.655000,-1.443328,-1.328637,-1.590883,-1.684542,3.542732E+9
24.660000,-1.411451,-1.346711,-1.620459,-1.655622,3.542732E+9
24.665000,-1.403235,-1.357227,-1.602056,-1.629989,3.542732E+9
24.670000,-1.442342,-1.386475,-1.629989,-1.669096,3.542732E+9
24.675000,-1.437413,-1.383189,-1.676326,-1.740737,3.542732E+9
24.680000,-1.539616,-1.395348,-1.724306,-1.995096,3.542732E+9
24.685000,-1.520556,-1.411451,-1.867260,-1.780830,3.542732E+9
24.690000,-1.647078,-1.484407,-1.878433,-1.908995,3.542732E+9
24.695000,-1.929370,-1.633276,-2.043405,-2.014157,3.542732E+9
24.700000,-2.396024,-2.035189,-2.221850,-2.516302,3.542732E+9
24.705000,-2.847232,-2.438089,-2.547851,-2.482782,3.542732E+9
24.710000,-2.854791,-2.646440,-2.836716,-2.889954,3.542732E+9
24.715000,-2.869579,-2.486397,-2.991829,-3.240602,3.542732E+9
24.720000,-2.836387,-2.357574,-3.074315,-3.383884,3.542732E+9
24.725000,-2.651369,-2.225465,-2.858077,-3.381584,3.542732E+9
24.730000,-2.692776,-2.467994,-2.723339,-3.154172,3.542732E+9
24.735000,-2.670429,-2.337857,-2.594516,-3.064128,3.542732E+9
24.740000,-2.639867,-2.232367,-2.485083,-2.457806,3.542732E+9
24.745000,-2.576441,-2.191288,-2.361518,-2.211663,3.542732E+9
24.750000,-2.638552,-2.183401,-2.278375,-2.168941,3.542732E+9
24.755000,-2.625736,-2.287248,-2.281004,-2.047020,3.542732E+9
24.760000,-2.680617,-2.276074,-2.211663,-2.032231,3.542732E+9
24.765000,-2.661228,-2.201475,-2.269173,-2.037489,3.542732E+9
24.770000,-2.659256,-2.226780,-2.313538,-2.175185,3.542732E+9
24.775000,-2.724982,-2.273445,-2.368090,-2.365133,3.542732E+9
24.780000,-2.764746,-2.299078,-2.480810,-2.797609,3.542732E+9
24.785000,-2.878452,-2.416399,-2.595173,-2.789722,3.542732E+9
24.790000,-2.945164,-2.516631,-2.685546,-2.967839,3.542732E+9
24.795000,-3.076944,-2.521889,-2.723010,-2.860706,3.542732E+9
24.800000,-2.957323,-2.529447,-2.646111,-2.625736,3.542732E+9
24.805000,-2.992158,-2.502828,-2.489683,-2.428887,3.542732E+9
24.810000,-2.709865,-2.396353,-2.301050,-2.273117,3.542732E+9
24.815000,-2.737470,-2.379921,-2.102558,-2.135750,3.542732E+9
24.820000,-2.608976,-2.293820,-2.050306,-1.970778,3.542732E+9
24.825000,-2.508415,-2.206733,-2.044391,-1.916554,3.542732E+9
24.830000,-2.464379,-2.245183,-2.009885,-1.903080,3.542732E+9
24.835000,-2.433488,-2.175185,-1.993125,-2.014485,3.542732E+9
24.840000,-2.411798,-2.145608,-1.926413,-1.952046,3.542732E+9
24.845000,-2.336213,-2.111102,-1.961905,-1.958290,3.542732E+9
24.850000,-2.339500,-2.035846,-1.948102,-1.956975,3.542732E+9
24.855000,-2.157768,-1.905052,-2.010870,-1.942844,3.542732E+9
24.860000,-2.060165,-1.837026,-1.919183,-2.009227,3.542732E+9
24.865000,-1.940544,-1.774586,-1.942187,-1.954346,3.542732E+9
24.870000,-1.908995,-1.696372,-1.928713,-1.993782,3.542732E+9
24.875000,-1.860358,-1.686514,-1.870874,-1.955004,3.542732E+9
24.880000,-1.721677,-1.625060,-1.840312,-1.968149,3.542732E+9
24.885000,-1.811721,-1.578395,-1.762098,-1.831768,3.542732E+9
24.890000,-1.587596,-1.509054,-1.702945,-1.777872,3.542732E+9
24.895000,-1.532715,-1.406193,-1.646092,-1.742381,3.542732E+9
24.900000,-1.476848,-1.335866,-1.658251,-1.643135,3.542732E+9
24.905000,-1.403235,-1.315820,-1.619802,-1.608300,3.542732E+9
24.910000,-1.396663,-1.384504,-1.594497,-1.594497,3.542732E+9
24.915000,-1.415395,-1.365443,-1.639520,-1.692100,3.542732E+9
24.920000,-1.457459,-1.326008,-1.672383,-1.659895,3.542732E+9
24.925000,-1.438070,-1.385818,-1.668439,-1.692100,3.542732E+9
24.930000,-1.489336,-1.374316,-1.716747,-1.848528,3.542732E+9
24.935000,-1.472576,-1.410465,-1.759469,-1.882048,3.542732E+9
24.940000,-1.482435,-1.388776,-1.807449,-1.927399,3.542732E+9
24.945000,-1.539616,-1.437084,-1.823881,-1.916554,3.542732E+9
24.950000,-1.480135,-1.423282,-1.841626,-2.035846,3.542732E+9
24.955000,-1.530415,-1.426568,-1.780830,-1.888292,3.542732E+9
24.960000,-1.468304,-1.401592,-1.830453,-1.873832,3.542732E+9
24.965000,-1.469947,-1.383189,-1.738108,-1.777872,3.542732E+9
24.970000,-1.450558,-1.372016,-1.700973,-1.696372,3.542732E+9
24.975000,-1.451544,-1.360842,-1.666796,-1.603699,3.542732E+9
24.980000,-1.392719,-1.362485,-1.596141,-1.615858,3.542732E+9
24.985000,-1.369058,-1.333566,-1.589897,-1.607971,3.542732E+9
24.990000,-1.426897,-1.337510,-1.615530,-1.659895,3.542732E+9
24.995000,-1.416381,-1.371030,-1.674354,-1.669096,3.542732E+9
25.000000,-1.431826,-1.380560,-1.790032,-1.754211,3.542732E+9
25.005000,-1.494266,-1.456802,-1.717405,-1.838340,3.542732E+9
25.010000,-1.474548,-1.485393,-1.772286,-2.021058,3.542732E+9
25.015000,-1.658251,-1.629332,-1.804163,-2.064766,3.542732E+9
25.020000,-1.671725,-1.913596,-1.715433,-2.296449,3.542732E+9
25.025000,-1.930356,-2.558367,-1.880733,-2.698692,3.542732E+9
25.030000,-2.435131,-2.964224,-2.155467,-3.034222,3.542732E+9
25.035000,-2.782821,-2.910986,-2.714137,-3.305342,3.542732E+9
25.040000,-2.584657,-2.933662,-2.979670,-3.625756,3.542732E+9
25.045000,-2.268844,-2.791365,-2.869908,-3.920866,3.542732E+9
25.050000,-2.240582,-2.537335,-2.644468,-3.968189,3.542732E+9
25.055000,-2.161054,-2.357574,-2.590573,-3.582377,3.542732E+9
25.060000,-2.209034,-2.363161,-2.392080,-3.076944,3.542732E+9
25.065000,-2.202133,-2.501185,-2.260300,-2.649397,3.542732E+9
25.070000,-2.102887,-2.465036,-2.112746,-2.434802,3.542732E+9
25.075000,-2.059508,-2.443347,-1.960590,-2.253399,3.542732E+9
25.080000,-2.020729,-2.399639,-1.846885,-2.385836,3.542732E+9
25.085000,-2.005941,-2.524847,-1.877118,-2.227109,3.542732E+9
25.090000,-2.054250,-2.540292,-1.864631,-2.407526,3.542732E+9
25.095000,-2.097629,-2.477524,-1.868245,-2.441046,3.542732E+9
25.100000,-2.078897,-2.460107,-2.003969,-2.764746,3.542732E+9
25.105000,-2.214949,-2.603718,-2.269502,-2.933333,3.542732E+9
25.110000,-2.366119,-2.746343,-2.561982,-3.164688,3.542732E+9
25.115000,-2.529776,-2.847561,-2.682260,-3.245860,3.542732E+9
25.120000,-2.542921,-2.867279,-2.694091,-3.199194,3.542732E+9
25.125000,-2.473252,-2.839674,-2.538978,-3.041124,3.542732E+9
25.130000,-2.451891,-2.939906,-2.257671,-2.816670,3.542732E+9
25.135000,-2.421328,-2.812069,-2.019415,-2.556066,3.542732E+9
25.140000,-2.354288,-2.775591,-1.830782,-2.327669,3.542732E+9
25.145000,-2.192931,-2.600431,-1.764070,-2.187673,3.542732E+9
25.150000,-2.138379,-2.521232,-1.734822,-2.085141,3.542732E+9
25.155000,-2.017114,-2.397996,-1.816322,-2.027631,3.542732E+9
25.160000,-2.107816,-2.326026,-1.837354,-2.100258,3.542732E+9
25.165000,-2.030260,-2.292506,-1.886977,-2.019415,3.542732E+9
25.170000,-2.052606,-2.238282,-1.843270,-2.083169,3.542732E+9
25.175000,-2.020729,-2.183729,-1.876790,-2.058522,3.542732E+9
25.180000,-1.910639,-2.043076,-1.908667,-2.091056,3.542732E+9
25.185000,-1.851157,-1.976036,-1.931999,-2.090727,3.542732E+9
25.190000,-1.817637,-1.881062,-1.904395,-2.152181,3.542732E+9
25.195000,-1.796276,-1.851814,-1.882048,-2.147252,3.542732E+9
25.200000,-1.698344,-1.782802,-1.848199,-2.125562,3.542732E+9
25.205000,-1.748624,-1.690786,-1.801862,-1.927399,3.542732E+9
25.210000,-1.589568,-1.615201,-1.834725,-1.865288,3.542732E+9
25.215000,-1.518913,-1.508725,-1.661866,-1.732850,3.542732E+9
25.220000,-1.427554,-1.392391,-1.639191,-1.633933,3.542732E+9
25.225000,-1.354927,-1.312534,-1.623417,-1.525157,3.542732E+9
25.230000,-1.338824,-1.335866,-1.574780,-1.524171,3.542732E+9
25.235000,-1.365772,-1.300046,-1.603370,-1.596798,3.542732E+9
25.240000,-1.282957,-1.288215,-1.616187,-1.646092,3.542732E+9
25.245000,-1.433469,-1.377931,-1.745995,-1.687828,3.542732E+9
25.250000,-1.515955,-1.398635,-1.701302,-1.812707,3.542732E+9
25.255000,-1.520885,-1.436098,-1.735479,-1.841298,3.542732E+9
25.260000,-1.492294,-1.427225,-1.742709,-1.951717,3.542732E+9
25.265000,-1.533044,-1.432812,-1.764727,-1.939558,3.542732E+9
25.270000,-1.499524,-1.402907,-1.826181,-2.023030,3.542732E+9
25.275000,-1.595483,-1.418024,-1.830453,-1.891907,3.542732E+9
25.280000,-1.508725,-1.416052,-1.836040,-1.910310,3.542732E+9
25.285000,-1.489665,-1.410465,-1.764399,-1.875475,3.542732E+9
25.290000,-1.467647,-1.358542,-1.743366,-1.754868,3.542732E+9
25.295000,-1.487364,-1.351641,-1.702945,-1.702616,3.542732E+9
25.300000,-1.411451,-1.369715,-1.649707,-1.667782,3.542732E+9
25.305000,-1.399292,-1.349997,-1.607971,-1.630318,3.542732E+9
25.310000,-1.457788,-1.332252,-1.566564,-1.686514,3.542732E+9
25.315000,-1.449901,-1.376288,-1.597455,-1.618487,3.542732E+9
25.320000,-1.457131,-1.373659,-1.631961,-1.685199,3.542732E+9
25.325000,-1.493608,-1.389104,-1.679612,-1.702945,3.542732E+9
25.330000,-1.454173,-1.379903,-1.710175,-1.881391,3.542732E+9
25.335000,-1.516612,-1.390747,-1.765713,-1.802520,3.542732E+9
25.340000,-1.584639,-1.425911,-1.847542,-1.858058,3.542732E+9
25.345000,-1.745995,-1.475534,-1.968149,-1.900451,3.542732E+9
25.350000,-2.067723,-1.655622,-2.112746,-1.977679,3.542732E+9
25.355000,-2.708879,-2.006270,-2.366776,-2.118332,3.542732E+9
25.360000,-3.100934,-2.507758,-2.710522,-2.370062,3.542732E+9
25.365000,-3.039480,-2.651698,-2.997416,-2.802210,3.542732E+9
25.370000,-3.121966,-2.483439,-3.092390,-3.070043,3.542732E+9
25.375000,-3.060841,-2.323397,-3.147271,-3.389800,3.542732E+9
25.380000,-2.857748,-2.216921,-3.049997,-3.426935,3.542732E+9
25.385000,-2.847232,-2.352974,-2.895541,-3.198209,3.542732E+9
25.390000,-2.807139,-2.305651,-2.705264,-2.904414,3.542732E+9
25.395000,-2.783149,-2.198518,-2.536677,-2.464379,3.542732E+9
25.400000,-2.685218,-2.126877,-2.397667,-2.251756,3.542732E+9
25.405000,-2.644796,-2.083826,-2.281004,-2.025002,3.542732E+9
25.410000,-2.681932,-2.215278,-2.250441,-1.930685,3.542732E+9
25.415000,-2.661885,-2.119647,-2.264901,-1.832425,3.542732E+9
25.420000,-2.602403,-2.029931,-2.265229,-1.856743,3.542732E+9
25.425000,-2.652026,-2.065752,-2.268516,-1.967820,3.542732E+9
25.430000,-2.709865,-2.101572,-2.358560,-2.180115,3.542732E+9
25.435000,-2.767704,-2.175185,-2.470294,-2.493298,3.542732E+9
25.440000,-2.923146,-2.321754,-2.580385,-2.710522,3.542732E+9
25.445000,-2.947793,-2.373020,-2.701649,-2.839674,3.542732E+9
25.450000,-2.996759,-2.429544,-2.684889,-2.816998,3.542732E+9
25.455000,-2.972769,-2.435131,-2.637895,-2.603060,3.542732E+9
25.460000,-2.979998,-2.345744,-2.473252,-2.440389,3.542732E+9
25.465000,-2.826857,-2.299078,-2.293163,-2.217250,3.542732E+9
25.470000,-2.692119,-2.236310,-2.100915,-2.093685,3.542732E+9
25.475000,-2.511701,-2.165655,-2.037161,-1.923784,3.542732E+9
25.480000,-2.508415,-2.083169,-2.035846,-1.889935,3.542732E+9
25.485000,-2.419685,-2.113074,-1.998711,-1.812050,3.542732E+9
25.490000,-2.331613,-2.032231,-1.949745,-1.801205,3.542732E+9
25.495000,-2.314853,-1.980308,-1.905381,-1.835711,3.542732E+9
25.500000,-2.186687,-1.942187,-1.848528,-1.908667,3.542732E+9
25.505000,-2.094671,-1.854772,-1.849185,-1.838012,3.542732E+9
25.510000,-2.001012,-1.765056,-1.856743,-1.902423,3.542732E+9
25.515000,-1.906366,-1.698673,-1.893221,-1.931999,3.542732E+9
25.520000,-1.817965,-1.673040,-1.945473,-1.965848,3.542732E+9
25.525000,-1.828153,-1.636562,-1.904066,-1.963219,3.542732E+9
25.530000,-1.803177,-1.641491,-1.834725,-1.941201,3.542732E+9
25.535000,-1.725292,-1.578723,-1.821909,-1.849185,3.542732E+9
25.540000,-1.664167,-1.533701,-1.754868,-1.834725,3.542732E+9
25.545000,-1.550133,-1.462717,-1.689143,-1.764727,3.542732E+9
25.550000,-1.489336,-1.360514,-1.627032,-1.761112,3.542732E+9
25.555000,-1.412437,-1.327651,-1.615530,-1.674683,3.542732E+9
25.560000,-1.417038,-1.334552,-1.618159,-1.636562,3.542732E+9
25.565000,-1.413094,-1.353612,-1.627689,-1.601399,3.542732E+9
25.570000,-1.439385,-1.355584,-1.669425,-1.651350,3.542732E+9
25.575000,-1.430840,-1.384504,-1.665153,-1.662852,3.542732E+9
25.580000,-1.430840,-1.384175,-1.688157,-1.747967,3.542732E+9
25.585000,-1.431169,-1.363143,-1.704588,-1.764070,3.542732E+9
25.590000,-1.448258,-1.387790,-1.753883,-1.831439,3.542732E+9
25.595000,-1.456473,-1.394034,-1.730221,-1.876461,3.542732E+9
25.600000,-1.523514,-1.267512,-1.792989,-1.904395,3.542732E+9
25.605000,-1.517598,-1.428540,-1.823552,-1.944159,3.542732E+9
25.610000,-1.528114,-1.449901,-1.791346,-1.930356,3.542732E+9
25.615000,-1.504782,-1.426568,-1.766699,-1.892235,3.542732E+9
25.620000,-1.517927,-1.411451,-1.763084,-1.865616,3.542732E+9
25.625000,-1.472576,-1.403564,-1.704917,-1.714776,3.542732E+9
25.630000,-1.414737,-1.349669,-1.652008,-1.662524,3.542732E+9
25.635000,-1.392062,-1.344082,-1.600084,-1.631633,3.542732E+9
25.640000,-1.366100,-1.343754,-1.596141,-1.674683,3.542732E+9
25.645000,-1.409151,-1.356899,-1.622431,-1.630318,3.542732E+9
25.650000,-1.417038,-1.413094,-1.873504,-1.699330,3.542732E+9
25.655000,-1.494266,-1.473891,-1.715104,-1.775243,3.542732E+9
25.660000,-1.597455,-1.602385,-1.785760,-1.973407,3.542732E+9
25.665000,-1.703931,-1.911953,-1.837026,-2.191288,3.542732E+9
25.670000,-2.174856,-2.574470,-1.960262,-2.542264,3.542732E+9
25.675000,-2.651698,-2.747000,-2.308937,-2.902113,3.542732E+9
25.680000,-2.764418,-2.775591,-2.741413,-3.263935,3.542732E+9
25.685000,-2.543907,-2.786436,-2.937277,-3.495290,3.542732E+9
25.690000,-2.224479,-2.477853,-2.834744,-3.685567,3.542732E+9
25.695000,-2.229409,-2.394381,-2.723667,-3.595193,3.542732E+9
25.700000,-2.335885,-2.467994,-2.559024,-3.289896,3.542732E+9
25.705000,-2.262929,-2.498885,-2.343772,-2.915258,3.542732E+9
25.710000,-2.297435,-2.562310,-2.181758,-2.681932,3.542732E+9
25.715000,-2.129177,-2.447290,-2.042090,-2.377292,3.542732E+9
25.720000,-2.079554,-2.432173,-1.932328,-2.309594,3.542732E+9
25.725000,-2.088098,-2.510387,-1.880733,-2.253399,3.542732E+9
25.730000,-1.917540,-2.499214,-1.892564,-2.286919,3.542732E+9
25.735000,-2.118989,-2.515974,-1.890592,-2.347715,3.542732E+9
25.740000,-2.185044,-2.516302,-1.982280,-2.457149,3.542732E+9
25.745000,-2.234667,-2.571183,-2.137064,-2.612591,3.542732E+9
25.750000,-2.394709,-2.782164,-2.292506,-2.879766,3.542732E+9
25.755000,-2.488369,-2.827843,-2.483768,-3.088446,3.542732E+9
25.760000,-2.509730,-2.907043,-2.565597,-3.100934,3.542732E+9
25.765000,-2.490669,-2.822256,-2.538978,-3.008918,3.542732E+9
25.770000,-2.780192,-2.902771,-2.370719,-2.967839,3.542732E+9
25.775000,-2.457478,-2.842960,-2.125233,-2.684232,3.542732E+9
25.780000,-2.463722,-2.768032,-1.983923,-2.508744,3.542732E+9
25.785000,-2.293492,-2.643153,-1.869560,-2.234010,3.542732E+9
25.790000,-2.260629,-2.559681,-1.846885,-2.175185,3.542732E+9
25.795000,-2.112417,-2.463064,-1.845899,-2.101244,3.542732E+9
25.800000,-2.100258,-2.375649,-1.851157,-2.015471,3.542732E+9
25.805000,-2.073639,-2.353302,-1.840312,-1.979651,3.542732E+9
25.810000,-2.045705,-2.255042,-1.797590,-2.109459,3.542732E+9
25.815000,-1.969792,-2.188330,-1.769657,-1.947445,3.542732E+9
25.820000,-1.932657,-2.118661,-1.785760,-1.975707,3.542732E+9
25.825000,-1.800876,-1.966834,-1.806135,-1.968149,3.542732E+9
25.830000,-1.789703,-1.881719,-1.897493,-1.999368,3.542732E+9
25.835000,-1.714776,-1.797590,-1.882048,-2.043076,3.542732E+9
25.840000,-1.747639,-1.727264,-1.902423,-2.068381,3.542732E+9
25.845000,-1.657266,-1.672383,-1.812707,-2.034860,3.542732E+9
25.850000,-1.620131,-1.662524,-1.758155,-1.951389,3.542732E+9
25.855000,-1.514969,-1.507739,-1.714447,-1.814679,3.542732E+9
25.860000,-1.669425,-1.430512,-1.673040,-1.710832,3.542732E+9
25.865000,-1.369058,-1.343754,-1.618816,-1.642806,3.542732E+9
25.870000,-1.380889,-1.303004,-1.590225,-1.607314,3.542732E+9
25.875000,-1.321078,-1.302018,-1.567221,-1.571493,3.542732E+9
25.880000,-1.369715,-1.325679,-1.683885,-1.583653,3.542732E+9
25.885000,-1.412766,-1.353941,-1.629989,-1.565249,3.542732E+9
25.890000,-1.450887,-1.385818,-1.689800,-1.757169,3.542732E+9
25.895000,-1.435770,-1.402249,-1.680270,-1.775572,3.542732E+9
25.900000,-1.470933,-1.403235,-1.527786,-1.806463,3.542732E+9
25.905000,-1.476520,-1.402578,-1.747967,-1.912282,3.542732E+9
25.910000,-1.536987,-1.425911,-1.823223,-1.945473,3.542732E+9
25.915000,-1.509711,-1.412766,-1.800219,-1.974393,3.542732E+9
25.920000,-1.559006,-1.458116,-1.816651,-1.979979,3.542732E+9
25.925000,-1.474548,-1.418681,-1.809092,-1.930685,3.542732E+9
25.930000,-1.539945,-1.374316,-1.760455,-1.782802,3.542732E+9
25.935000,-1.427225,-1.359528,-1.703931,-1.746981,3.542732E+9
25.940000,-1.387133,-1.344082,-1.645764,-1.705245,3.542732E+9
25.945000,-1.374645,-1.324036,-1.590225,-1.607314,3.542732E+9
25.950000,-1.393377,-1.324036,-1.626374,-1.652336,3.542732E+9
25.955000,-1.373987,-1.343425,-1.572151,-1.586282,3.542732E+9
25.960000,-1.397977,-1.394691,-1.607314,-1.659237,3.542732E+9
25.965000,-1.419995,-1.368401,-1.628018,-1.702288,3.542732E+9
25.970000,-1.459431,-1.394362,-1.754211,-1.752568,3.542732E+9
25.975000,-1.484078,-1.408493,-1.753883,-1.804820,3.542732E+9
25.980000,-1.592197,-1.504453,-1.829139,-1.868903,3.542732E+9
25.985000,-1.648393,-1.525157,-1.883362,-1.959604,3.542732E+9
25.990000,-1.896508,-1.741395,-1.997397,-2.081197,3.542732E+9
25.995000,-2.304008,-2.054907,-2.173213,-2.245183,3.542732E+9
26.000000,-2.816012,-2.512687,-2.507758,-2.529776,3.542732E+9
26.005000,-2.823899,-2.770661,-2.809440,-2.899484,3.542732E+9
26.010000,-2.924460,-2.695405,-3.053612,-3.332947,3.542732E+9
26.015000,-2.874180,-2.617849,-3.055912,-3.607681,3.542732E+9
26.020000,-2.705264,-2.463393,-2.985585,-3.768710,3.542732E+9
26.025000,-2.713809,-2.550480,-2.831458,-3.521252,3.542732E+9
26.030000,-2.705921,-2.492641,-2.658927,-3.259005,3.542732E+9
26.035000,-2.565597,-2.343115,-2.479496,-2.736155,3.542732E+9
26.040000,-2.436774,-2.295135,-2.449262,-2.351659,3.542732E+9
26.045000,-2.428558,-2.229080,-2.245512,-2.169598,3.542732E+9
26.050000,-2.621135,-2.323397,-2.165983,-2.022044,3.542732E+9
26.055000,-2.460107,-2.284947,-2.118332,-1.945802,3.542732E+9
26.060000,-2.421986,-2.214621,-2.115046,-1.939229,3.542732E+9
26.065000,-2.404897,-2.170913,-2.131149,-2.024344,3.542732E+9
26.070000,-2.416070,-2.166641,-2.173871,-2.255371,3.542732E+9
26.075000,-2.503157,-2.229080,-2.271473,-2.547193,3.542732E+9
26.080000,-2.727940,-2.374006,-2.462736,-2.891597,3.542732E+9
26.085000,-2.718081,-2.463064,-2.595831,-2.912301,3.542732E+9
26.090000,-2.833758,-2.519260,-2.684232,-2.967182,3.542732E+9
26.095000,-2.791365,-2.538649,-2.633952,-2.756530,3.542732E+9
26.100000,-2.797938,-2.488040,-2.587615,-2.563625,3.542732E+9
26.105000,-2.653012,-2.442032,-2.224479,-2.384851,3.542732E+9
26.110000,-2.562639,-2.371048,-2.054250,-2.201804,3.542732E+9
26.115000,-2.371048,-2.268516,-1.948760,-2.037161,3.542732E+9
26.120000,-2.354288,-2.179457,-1.910967,-2.119975,3.542732E+9
26.125000,-2.238282,-2.165326,-1.895193,-1.878762,3.542732E+9
26.130000,-2.247484,-2.169927,-1.911624,-1.908338,3.542732E+9
26.135000,-2.167955,-2.062794,-1.870217,-1.908995,3.542732E+9
26.140000,-2.157768,-2.041762,-1.693743,-1.890592,3.542732E+9
26.145000,-2.088098,-1.943830,-1.838997,-1.925756,3.542732E+9
26.150000,-2.008241,-1.858715,-1.874161,-1.963219,3.542732E+9
26.155000,-1.926741,-1.808106,-1.878762,-1.988852,3.542732E+9
26.160000,-1.931671,-1.972092,-1.946788,-1.990824,3.542732E+9
26.165000,-1.827824,-1.722334,-1.904723,-2.004627,3.542732E+9
26.170000,-1.796276,-1.714776,-1.855429,-1.988195,3.542732E+9
26.175000,-1.684213,-1.633604,-1.781487,-1.931999,3.542732E+9
26.180000,-1.658580,-1.549475,-1.760784,-2.121290,3.542732E+9
26.185000,-1.508068,-1.471590,-1.695715,-1.787731,3.542732E+9
26.190000,-1.478163,-1.379574,-1.655294,-1.724635,3.542732E+9
26.195000,-1.372016,-1.311219,-1.590883,-1.681584,3.542732E+9
26.200000,-1.367743,-1.314834,-1.657266,-1.659895,3.542732E+9
26.205000,-1.364129,-1.312862,-1.614544,-1.623088,3.542732E+9
26.210000,-1.427883,-1.351969,-1.663838,-1.715762,3.542732E+9
26.215000,-1.397320,-1.376945,-1.644120,-1.664495,3.542732E+9
26.220000,-1.457131,-1.401921,-1.876790,-1.719705,3.542732E+9
26.225000,-1.451215,-1.381217,-1.664167,-1.762427,3.542732E+9
26.230000,-1.507082,-1.410794,-1.727921,-1.786417,3.542732E+9
26.235000,-1.443985,-1.377274,-1.702616,-1.829467,3.542732E+9
26.240000,-1.506425,-1.444314,-1.772614,-1.863316,3.542732E+9
26.245000,-1.466004,-1.417038,-1.795290,-1.931014,3.542732E+9
26.250000,-1.303332,-1.395677,-1.822237,-1.956318,3.542732E+9
26.255000,-1.477177,-1.400935,-1.798905,-1.933643,3.542732E+9
26.260000,-1.512669,-1.393705,-1.790360,-1.928056,3.542732E+9
26.265000,-1.419338,-1.378917,-1.706560,-1.807120,3.542732E+9
26.270000,-1.460088,-1.375959,-1.690128,-1.734165,3.542732E+9
26.275000,-1.379245,-1.343096,-1.590225,-1.656280,3.542732E+9
26.280000,-1.386804,-1.447272,-1.608628,-1.653322,3.542732E+9
26.285000,-1.373330,-1.334223,-1.566893,-1.615858,3.542732E+9
26.290000,-1.428211,-1.377274,-1.662524,-1.597455,3.542732E+9
26.295000,-1.410137,-1.380231,-1.629661,-1.647735,3.542732E+9
26.300000,-1.494266,-1.219860,-1.688485,-1.735151,3.542732E+9
26.305000,-1.463703,-1.483092,-1.733836,-1.843598,3.542732E+9
26.310000,-1.592854,-1.697687,-1.773272,-2.019743,3.542732E+9
26.315000,-1.822895,-2.074953,-1.847870,-2.318467,3.542732E+9
26.320000,-2.421986,-2.695734,-2.089084,-2.769676,3.542732E+9
26.325000,-2.697377,-2.824228,-2.519917,-3.028636,3.542732E+9
26.330000,-2.724325,-2.817327,-3.099620,-3.385528,3.542732E+9
26.335000,-2.565268,-2.733855,-2.956666,-3.657962,3.542732E+9
26.340000,-2.341471,-2.547522,-2.885353,-3.923166,3.542732E+9
26.345000,-2.353631,-2.503157,-2.729254,-3.607353,3.542732E+9
26.350000,-2.381564,-2.505129,-2.598460,-3.176190,3.542732E+9
26.355000,-2.281661,-2.434145,-2.380907,-2.727611,3.542732E+9
26.360000,-2.307951,-2.510716,-2.256028,-2.460764,3.542732E+9
26.365000,-2.118332,-2.376635,-2.020401,-2.295792,3.542732E+9
26.370000,-2.189973,-2.459778,-1.927727,-2.189316,3.542732E+9
26.375000,-2.161711,-2.486726,-1.938572,-2.202133,3.542732E+9
26.380000,-2.264244,-2.607990,-1.985895,-2.275417,3.542732E+9
26.385000,-2.177485,-2.487383,-2.009556,-2.364147,3.542732E+9
26.390000,-2.211663,-2.486726,-2.039461,-2.561325,3.542732E+9
26.395000,-2.319782,-2.560667,-2.182415,-2.790051,3.542732E+9
26.400000,-2.546865,-2.728268,-2.421328,-3.075301,3.542732E+9
26.405000,-2.604704,-2.811740,-2.585643,-3.024692,3.542732E+9
26.410000,-2.681932,-2.840988,-2.636252,-3.104549,3.542732E+9
26.415000,-2.591558,-2.811083,-2.536349,-2.968825,3.542732E+9
26.420000,-2.586958,-2.757845,-2.274760,-2.812397,3.542732E+9
26.425000,-2.458792,-2.747000,-2.121290,-2.531091,3.542732E+9
26.430000,-2.427244,-2.667143,-1.940872,-2.349030,3.542732E+9
26.435000,-2.298421,-2.550151,-1.852471,-2.177157,3.542732E+9
26.440000,-2.241568,-2.453863,-1.866274,-2.216264,3.542732E+9
26.445000,-2.083498,-2.343443,-1.853457,-1.994110,3.542732E+9
26.450000,-2.083169,-2.311238,-1.867917,-2.012514,3.542732E+9
26.455000,-2.061808,-2.246498,-1.825524,-1.990495,3.542732E+9
26.460000,-2.069038,-2.192931,-1.860030,-1.948431,3.542732E+9
26.465000,-1.953689,-2.073310,-1.772286,-1.928713,3.542732E+9
26.470000,-1.964534,-1.989181,-1.839655,-1.900780,3.542732E+9
26.475000,-1.780830,-1.870217,-1.842612,-1.940544,3.542732E+9
26.480000,-1.797590,-1.881391,-1.863316,-1.975379,3.542732E+9
26.485000,-1.704588,-1.731864,-1.838340,-2.046362,3.542732E+9
26.490000,-1.658580,-1.719376,-1.837026,-2.034860,3.542732E+9
26.495000,-1.581024,-1.609943,-1.806463,-1.975379,3.542732E+9
26.500000,-1.666467,-1.558020,-1.786088,-1.965191,3.542732E+9
26.505000,-1.477177,-1.488679,-1.688485,-1.808435,3.542732E+9
26.510000,-1.453516,-1.411451,-1.635247,-1.741395,3.542732E+9
26.515000,-1.338167,-1.317463,-1.589897,-1.650693,3.542732E+9
26.520000,-1.374645,-1.288544,-1.645764,-1.600741,3.542732E+9
26.525000,-1.305633,-1.327651,-1.608628,-1.558348,3.542732E+9
26.530000,-1.389104,-1.391733,-1.644449,-1.600741,3.542732E+9
26.535000,-1.383518,-1.367086,-1.633604,-1.638534,3.542732E+9
26.540000,-1.442342,-1.386804,-1.747639,-1.670082,3.542732E+9
26.545000,-1.424268,-1.389104,-1.691114,-1.760455,3.542732E+9
26.550000,-1.483092,-1.405207,-1.747310,-1.812707,3.542732E+9
26.555000,-1.441356,-1.390419,-1.734493,-1.904066,3.542732E+9
26.560000,-1.520885,-1.421310,-1.808764,-1.963548,3.542732E+9
26.565000,-1.478820,-1.430183,-1.832425,-1.998711,3.542732E+9
26.570000,-1.562949,-1.414409,-1.834725,-2.035189,3.542732E+9
26.575000,-1.489665,-1.410465,-1.768671,-1.956975,3.542732E+9
26.580000,-1.479149,-1.397649,-1.745995,-1.875804,3.542732E+9
26.585000,-1.405864,-1.356241,-1.685856,-1.709846,3.542732E+9
26.590000,-1.451872,-1.339810,-1.667124,-1.694401,3.542732E+9
26.595000,-1.340467,-1.324693,-1.576751,-1.598770,3.542732E+9
26.600000,-1.367743,-1.348026,-1.565907,-1.586282,3.542732E+9
26.605000,-1.350983,-1.318120,-1.570179,-1.585296,3.542732E+9
26.610000,-1.444314,-1.363471,-1.682899,-1.629332,3.542732E+9
26.615000,-1.410794,-1.368401,-1.663181,-1.717076,3.542732E+9
26.620000,-1.512997,-1.429526,-1.737451,-1.792003,3.542732E+9
26.625000,-1.488679,-1.398635,-1.757497,-1.842941,3.542732E+9
26.630000,-1.646092,-1.447272,-1.818294,-1.722991,3.542732E+9
26.635000,-1.719048,-1.520556,-1.913268,-1.954018,3.542732E+9
26.640000,-2.088427,-1.753554,-2.061808,-2.069038,3.542732E+9
26.645000,-2.595502,-2.091056,-2.299407,-2.211334,3.542732E+9
26.650000,-2.995773,-2.570526,-2.701649,-2.493955,3.542732E+9
26.655000,-2.936948,-2.771319,-3.006617,-2.959295,3.542732E+9
26.660000,-3.024692,-2.624750,-3.190979,-3.403602,3.542732E+9
26.665000,-2.939577,-2.464707,-3.162059,-3.585335,3.542732E+9
26.670000,-2.800238,-2.391752,-3.201495,-3.604724,3.542732E+9
26.675000,-2.756202,-2.473252,-2.895541,-3.406560,3.542732E+9
26.680000,-2.759488,-2.386165,-2.702307,-3.084831,3.542732E+9
26.685000,-2.636252,-2.248798,-2.493955,-2.643153,3.542732E+9
26.690000,-2.578742,-2.232695,-2.341800,-2.294149,3.542732E+9
26.695000,-2.462078,-2.155796,-2.211663,-2.127205,3.542732E+9
26.700000,-2.611933,-2.246826,-2.185701,-1.981294,3.542732E+9
26.705000,-2.484097,-2.187016,-2.184715,-1.796933,3.542732E+9
26.710000,-2.531748,-2.077911,-2.156782,-1.780830,3.542732E+9
26.715000,-2.442032,-2.106502,-2.145608,-1.944487,3.542732E+9
26.720000,-2.536677,-2.105516,-2.219221,-2.249127,3.542732E+9
26.725000,-2.516302,-2.177157,-2.343115,-2.499871,3.542732E+9
26.730000,-2.720710,-2.298421,-2.602732,-2.773619,3.542732E+9
26.735000,-2.785778,-2.414756,-2.658270,-2.960938,3.542732E+9
26.740000,-2.867607,-2.469966,-2.715123,-2.905728,3.542732E+9
26.745000,-2.815355,-2.493627,-2.636909,-2.818970,3.542732E+9
26.750000,-2.769676,-2.583671,-2.490669,-2.645454,3.542732E+9
26.755000,-2.701978,-2.412455,-2.242554,-2.351988,3.542732E+9
26.760000,-2.659585,-2.351330,-2.070352,-2.225465,3.542732E+9
26.765000,-2.401939,-2.248141,-1.960919,-1.971764,3.542732E+9
26.770000,-2.330955,-2.182086,-2.012842,-1.845241,3.542732E+9
26.775000,-2.279689,-2.073967,-1.918854,-1.800876,3.542732E+9
26.780000,-2.281661,-2.103215,-1.926741,-1.816322,3.542732E+9
26.785000,-2.146266,-2.036504,-1.855100,-1.834068,3.542732E+9
26.790000,-2.169270,-1.786088,-1.845570,-1.860687,3.542732E+9
26.795000,-2.083498,-1.917868,-1.850499,-1.925427,3.542732E+9
26.800000,-2.062794,-1.874818,-1.911953,-1.972421,3.542732E+9
26.805000,-1.930685,-1.777872,-1.933314,-2.011528,3.542732E+9
26.810000,-1.924112,-1.710175,-1.925098,-2.052278,3.542732E+9
26.815000,-1.838012,-1.726935,-1.900122,-2.073639,3.542732E+9
26.820000,-1.902423,-1.676983,-1.893879,-2.075282,3.542732E+9
26.825000,-1.711489,-1.620459,-1.815336,-1.905381,3.542732E+9
26.830000,-1.641491,-1.547175,-1.699001,-1.822895,3.542732E+9
26.835000,-1.509054,-1.452201,-1.646749,-1.758483,3.542732E+9
26.840000,-1.436098,-1.380560,-1.655294,-1.401921,3.542732E+9
26.845000,-1.322721,-1.286901,-1.609943,-1.598441,3.542732E+9
26.850000,-1.366758,-1.322064,-1.620788,-1.606657,3.542732E+9
26.855000,-1.335538,-1.324036,-1.590883,-1.625060,3.542732E+9
26.860000,-1.408493,-1.371030,-1.716090,-1.632947,3.542732E+9
26.865000,-1.416052,-1.359199,-1.656280,-1.668110,3.542732E+9
26.870000,-1.474876,-1.396006,-1.706231,-1.700973,3.542732E+9
26.875000,-1.420653,-1.383846,-1.679284,-1.791346,3.542732E+9
26.880000,-1.494923,-1.402907,-1.706560,-1.841298,3.542732E+9
26.885000,-1.448586,-1.404221,-1.727592,-1.886320,3.542732E+9
26.890000,-1.572808,-1.425911,-1.794961,-1.979322,3.542732E+9
26.895000,-1.484078,-1.418024,-1.818951,-1.928385,3.542732E+9
26.900000,-1.521542,-1.410137,-1.844256,-1.960262,3.542732E+9
26.905000,-1.419010,-1.392719,-1.758483,-1.902752,3.542732E+9
26.910000,-1.443985,-1.368729,-1.765385,-2.146923,3.542732E+9
26.915000,-1.394362,-1.347368,-1.696372,-1.759798,3.542732E+9
26.920000,-1.412437,-1.362814,-1.664167,-1.714447,3.542732E+9
26.925000,-1.371358,-1.335209,-1.606985,-1.689800,3.542732E+9
26.930000,-1.231691,-1.332909,-1.634262,-1.627360,3.542732E+9
26.935000,-1.382860,-1.340139,-1.583981,-1.612572,3.542732E+9
26.940000,-1.465018,-1.406850,-1.643463,-1.629332,3.542732E+9
26.945000,-1.411451,-1.382860,-1.649707,-1.653651,3.542732E+9
26.950000,-1.682570,-1.415723,-1.668439,-1.711161,3.542732E+9
26.955000,-1.436427,-1.435112,-1.705245,-1.792989,3.542732E+9
26.960000,-1.534030,-1.540602,-1.751253,-1.990495,3.542732E+9
26.965000,-1.588911,-1.806463,-1.788389,-2.147252,3.542732E+9
26.970000,-1.889278,-2.341471,-1.896508,-2.504800,3.542732E+9
26.975000,-2.379264,-2.907371,-2.102558,-2.937934,3.542732E+9
26.980000,-2.781178,-3.128868,-2.623107,-3.365810,3.542732E+9
26.985000,-2.643811,-2.882396,-2.979013,-3.581062,3.542732E+9
26.990000,-2.429216,-2.816998,-3.027978,-3.784484,3.542732E+9
26.995000,-2.199504,-2.596816,-2.736155,-3.942227,3.542732E+9
27.000000,-2.314853,-2.490669,-2.619163,-3.636929,3.542732E+9
27.005000,-2.204104,-2.441375,-2.426915,-3.066757,3.542732E+9
27.010000,-2.214621,-2.505786,-2.275417,-2.592873,3.542732E+9
27.015000,-2.125233,-2.477524,-2.118989,-2.355931,3.542732E+9
27.020000,-2.108145,-2.365461,-1.980965,-2.238611,3.542732E+9
27.025000,-2.074296,-2.476867,-1.889935,-2.145608,3.542732E+9
27.030000,-2.160068,-2.532405,-1.903409,-2.259314,3.542732E+9
27.035000,-2.091056,-2.524518,-1.899794,-2.324054,3.542732E+9
27.040000,-2.138379,-2.487712,-1.904395,-2.510716,3.542732E+9
27.045000,-2.071667,-2.442032,-1.992796,-2.653341,3.542732E+9
27.050000,-2.261943,-2.601746,-2.197532,-2.922817,3.542732E+9
27.055000,-2.431187,-2.798595,-2.420343,-3.134454,3.542732E+9
27.060000,-2.622121,-2.894226,-2.623107,-3.201495,3.542732E+9
27.065000,-2.566911,-2.868922,-2.664186,-3.089761,3.542732E+9
27.070000,-2.581371,-3.080231,-2.560667,-3.082202,3.542732E+9
27.075000,-2.458792,-2.825214,-2.275088,-2.785450,3.542732E+9
27.080000,-2.431187,-2.815026,-2.045377,-2.623107,3.542732E+9
27.085000,-2.326683,-2.711508,-1.876461,-2.319453,3.542732E+9
27.090000,-2.205419,-2.617192,-1.875475,-2.150538,3.542732E+9
27.095000,-2.131806,-2.524518,-1.793318,-2.097300,3.542732E+9
27.100000,-2.141008,-2.423629,-1.833082,-2.027302,3.542732E+9
27.105000,-2.031903,-2.342129,-1.863973,-2.016786,3.542732E+9
27.110000,-2.116360,-2.617192,-1.855100,-2.036504,3.542732E+9
27.115000,-2.045705,-2.261615,-1.799233,-2.043076,3.542732E+9
27.120000,-2.024016,-2.219879,-1.835383,-2.036175,3.542732E+9
27.125000,-1.911624,-2.037161,-1.841626,-2.010870,3.542732E+9
27.130000,-1.876461,-1.922469,-1.862987,-2.270159,3.542732E+9
27.135000,-1.746324,-1.870217,-1.862987,-2.027631,3.542732E+9
27.140000,-1.835054,-1.802848,-1.858058,-2.128520,3.542732E+9
27.145000,-1.674026,-1.740737,-1.801205,-2.077911,3.542732E+9
27.150000,-1.630318,-1.670411,-1.886320,-1.964862,3.542732E+9
27.155000,-1.551118,-1.566893,-1.745338,-1.866274,3.542732E+9
27.160000,-1.524499,-1.492622,-1.721348,-1.876461,3.542732E+9
27.165000,-1.400606,-1.401592,-1.613887,-1.701631,3.542732E+9
27.170000,-1.350655,-1.337510,-1.605014,-1.658580,3.542732E+9
27.175000,-1.317792,-1.296431,-1.592854,-1.598441,3.542732E+9
27.180000,-1.380231,-1.350655,-1.667782,-1.566564,3.542732E+9
27.185000,-1.363471,-1.350655,-1.614215,-1.588253,3.542732E+9
27.190000,-1.447600,-1.433469,-1.625060,-1.622102,3.542732E+9
27.195000,-1.415395,-1.408165,-1.646092,-1.679284,3.542732E+9
27.200000,-1.501824,-1.398963,-1.678955,-1.780501,3.542732E+9
27.205000,-1.440370,-1.392062,-1.724963,-1.853786,3.542732E+9
27.210000,-1.505110,-1.412437,-1.782473,-1.972421,3.542732E+9
27.215000,-1.502481,-1.401921,-1.789046,-1.988195,3.542732E+9
27.220000,-1.525485,-1.422624,-1.829467,-1.984909,3.542732E+9
27.225000,-1.491637,-1.412437,-1.819280,-1.965848,3.542732E+9
27.230000,-1.498866,-1.403235,-1.802848,-1.973078,3.542732E+9
27.235000,-1.437413,-1.389433,-1.711818,-1.822237,3.542732E+9
27.240000,-1.436098,-1.387461,-1.525157,-1.678298,3.542732E+9
27.245000,-1.377602,-1.326993,-1.613229,-1.620459,3.542732E+9
27.250000,-1.416709,-1.341125,-1.638205,-1.562292,3.542732E+9
27.255000,-1.336195,-1.317135,-1.534358,-1.567878,3.542732E+9
27.260000,-1.410794,-1.362814,-1.585953,-1.605671,3.542732E+9
27.265000,-1.380231,-1.351969,-1.632290,-1.651679,3.542732E+9
27.270000,-1.521870,-1.376945,-1.698016,-1.773600,3.542732E+9
27.275000,-1.458774,-1.388118,-1.728907,-1.792989,3.542732E+9
27.280000,-1.543231,-1.408493,-1.769657,-1.901437,3.542732E+9
27.285000,-1.542245,-1.431826,-1.820923,-1.931342,3.542732E+9
27.290000,-1.690457,-1.522856,-1.927070,-2.052606,3.542732E+9
27.295000,-1.915568,-1.722006,-2.032560,-2.072324,3.542732E+9
27.300000,-2.434145,-2.057536,-2.232695,-2.220207,3.542732E+9
27.305000,-2.824885,-2.503486,-2.518931,-2.459121,3.542732E+9
27.310000,-2.874180,-2.744700,-2.894226,-2.844932,3.542732E+9
27.315000,-2.833101,-2.567897,-3.012204,-3.212340,3.542732E+9
27.320000,-2.852819,-2.455506,-3.017134,-3.469985,3.542732E+9
27.325000,-2.632637,-2.331613,-2.928404,-3.527167,3.542732E+9
27.330000,-2.668129,-2.435131,-2.813055,-3.377969,3.542732E+9
27.335000,-2.576770,-2.385508,-2.600760,-3.075630,3.542732E+9
27.340000,-2.666815,-2.265558,-2.466022,-2.755873,3.542732E+9
27.345000,-2.498556,-2.228752,-2.339171,-2.374663,3.542732E+9
27.350000,-2.506772,-2.212977,-2.239268,-2.187344,3.542732E+9
27.355000,-2.548179,-2.307623,-2.194574,-2.044062,3.542732E+9
27.360000,-2.638552,-2.304665,-2.231709,-1.952375,3.542732E+9
27.365000,-2.519589,-2.200490,-2.178800,-1.912610,3.542732E+9
27.370000,-2.520246,-2.224808,-2.195231,-2.107487,3.542732E+9
27.375000,-2.505786,-2.201475,-2.228423,-2.305322,3.542732E+9
27.380000,-2.607333,-2.286919,-2.365461,-2.671415,3.542732E+9
27.385000,-2.686861,-2.369405,-2.555409,-2.849204,3.542732E+9
27.390000,-2.803524,-2.474566,-2.815026,-2.981970,3.542732E+9
27.395000,-2.846575,-2.529119,-2.703621,-2.967511,3.542732E+9
27.400000,-2.979670,-2.583014,-2.680288,-2.840331,3.542732E+9
27.405000,-2.795966,-2.531748,-2.476538,-2.572169,3.542732E+9
27.410000,-2.786436,-2.203776,-2.264244,-2.299407,3.542732E+9
27.415000,-2.592544,-2.357903,-2.045048,-2.151195,3.542732E+9
27.420000,-2.490998,-2.325369,-1.945473,-2.009556,3.542732E+9
27.425000,-2.312881,-2.230066,-1.908667,-1.885663,3.542732E+9
27.430000,-2.302693,-2.143308,-1.909653,-1.826838,3.542732E+9
27.435000,-2.225137,-2.120961,-1.922141,-1.840312,3.542732E+9
27.440000,-2.273774,-2.067395,-1.893221,-1.933314,3.542732E+9
27.445000,-2.141336,-2.011528,-1.883034,-1.924770,3.542732E+9
27.450000,-2.153824,-1.962891,-1.890921,-1.977022,3.542732E+9
27.455000,-1.968806,-1.871532,-1.894536,-2.011856,3.542732E+9
27.460000,-1.992796,-1.788389,-1.983266,-2.041433,3.542732E+9
27.465000,-1.873504,-1.733836,-1.912610,-2.023030,3.542732E+9
27.470000,-1.836697,-1.710832,-1.913268,-2.077582,3.542732E+9
27.475000,-1.753225,-1.650036,-1.828481,-1.999697,3.542732E+9
27.480000,-1.731207,-1.647078,-1.788717,-1.931014,3.542732E+9
27.485000,-1.594169,-1.532387,-1.737122,-1.790032,3.542732E+9
27.490000,-1.468633,-1.466332,-1.716747,-1.717405,3.542732E+9
27.495000,-1.376288,-1.375631,-1.600084,-1.695715,3.542732E+9
27.500000,-1.387790,-1.482106,-1.612572,-1.621774,3.542732E+9
27.505000,-1.328637,-1.276056,-1.601070,-1.585296,3.542732E+9
27.510000,-1.379574,-1.353941,-1.628346,-1.583324,3.542732E+9
27.515000,-1.359528,-1.347697,-1.625389,-1.649707,3.542732E+9
27.520000,-1.493937,-1.363143,-1.674026,-1.790360,3.542732E+9
27.525000,-1.420981,-1.373659,-1.678626,-1.763413,3.542732E+9
27.530000,-1.472576,-1.390747,-1.723649,-1.816651,3.542732E+9
27.535000,-1.471919,-1.394691,-1.718391,-1.862659,3.542732E+9
27.540000,-1.506754,-1.424268,-1.779187,-2.000683,3.542732E+9
27.545000,-1.461403,-1.408822,-1.743695,-1.897493,3.542732E+9
27.550000,-1.496895,-1.432812,-1.797919,-1.915897,3.542732E+9
27.555000,-1.445300,-1.398963,-1.774258,-1.876133,3.542732E+9
27.560000,-1.425911,-1.389104,-1.802520,-1.845899,3.542732E+9
27.565000,-1.417366,-1.365772,-1.715104,-1.821909,3.542732E+9
27.570000,-1.435441,-1.440042,-1.719705,-1.742709,3.542732E+9
27.575000,-1.377931,-1.339810,-1.671397,-1.684870,3.542732E+9
27.580000,-1.442014,-1.351969,-1.629003,-1.694401,3.542732E+9
27.585000,-1.363800,-1.349669,-1.574451,-1.683885,3.542732E+9
27.590000,-1.423282,-1.361828,-1.601070,-1.693415,3.542732E+9
27.595000,-1.414409,-1.356570,-1.623417,-1.665481,3.542732E+9
27.600000,-1.466661,-1.403564,-1.723977,-1.700645,3.542732E+9
27.605000,-1.428540,-1.397977,-1.673697,-1.731864,3.542732E+9
27.610000,-1.468633,-1.275727,-1.715433,-1.848199,3.542732E+9
27.615000,-1.462060,-1.495580,-1.752239,-1.927070,3.542732E+9
27.620000,-1.661209,-1.737451,-1.887635,-2.076268,3.542732E+9
27.625000,-1.886977,-2.156453,-1.924112,-2.340157,3.542732E+9
27.630000,-2.459449,-2.762774,-2.137393,-2.698363,3.542732E+9
27.635000,-2.764418,-2.837702,-2.566583,-3.078587,3.542732E+9
27.640000,-2.771647,-2.860377,-2.972769,-3.431207,3.542732E+9
27.645000,-2.560996,-2.747329,-3.015490,-3.664206,3.542732E+9
27.650000,-2.446304,-2.579399,-2.886668,-3.879458,3.542732E+9
27.655000,-2.462078,-2.571512,-2.752587,-3.663548,3.542732E+9
27.660000,-2.512359,-2.561653,-2.654327,-3.242574,3.542732E+9
27.665000,-2.389451,-2.512359,-2.471937,-2.756859,3.542732E+9
27.670000,-2.401611,-2.544893,-2.344101,-2.506772,3.542732E+9
27.675000,-2.219221,-2.457806,-2.119318,-2.381893,3.542732E+9
27.680000,-2.288891,-2.527476,-2.010870,-2.434474,3.542732E+9
27.685000,-2.201475,-2.527147,-1.970778,-2.248798,3.542732E+9
27.690000,-2.215935,-2.545222,-2.021058,-2.326355,3.542732E+9
27.695000,-2.186358,-2.469308,-1.988852,-2.360861,3.542732E+9
27.700000,-2.191288,-2.431187,-2.102558,-2.548837,3.542732E+9
27.705000,-2.323397,-2.535034,-2.179129,-2.756202,3.542732E+9
27.710000,-2.534048,-2.708222,-2.434474,-2.936619,3.542732E+9
27.715000,-2.565925,-2.791037,-2.599117,-3.033565,3.542732E+9
27.720000,-2.665500,-3.063142,-2.652355,-3.037180,3.542732E+9
27.725000,-2.560339,-2.760803,-2.553109,-2.916244,3.542732E+9
27.730000,-2.503486,-2.793337,-2.322740,-2.734512,3.542732E+9
27.735000,-2.424943,-2.686532,-2.092371,-2.505129,3.542732E+9
27.740000,-2.424615,-2.657284,-1.946788,-2.303350,3.542732E+9
27.745000,-2.240582,-2.457806,-1.867260,-2.109131,3.542732E+9
27.750000,-2.266873,-2.383536,-1.861344,-2.118004,3.542732E+9
27.755000,-2.021058,-2.277060,-1.862659,-2.000026,3.542732E+9
27.760000,-2.076596,-2.191945,-1.882705,-2.063451,3.542732E+9
27.765000,-2.029931,-2.172556,-1.852471,-1.984909,3.542732E+9
27.770000,-2.001340,-2.103215,-1.798905,-1.988195,3.542732E+9
27.775000,-1.902094,-2.049320,-1.773600,-1.925756,3.542732E+9
27.780000,-1.894864,-1.918197,-1.818294,-1.924441,3.542732E+9
27.785000,-1.765713,-1.804491,-1.814350,-1.898808,3.542732E+9
27.790000,-1.767685,-1.728249,-1.855429,-1.983594,3.542732E+9
27.795000,-1.653322,-1.670411,-1.813364,-2.016786,3.542732E+9
27.800000,-1.658580,-1.644778,-1.796604,-2.061151,3.542732E+9
27.805000,-1.547832,-1.577737,-1.784774,-1.953032,3.542732E+9
27.810000,-1.722663,-1.537645,-1.840969,-1.838669,3.542732E+9
27.815000,-1.456145,-1.450558,-1.704917,-1.793975,3.542732E+9
27.820000,-1.449243,-1.464689,-1.642477,-1.741395,3.542732E+9
27.825000,-1.345725,-1.316149,-1.584967,-1.685856,3.542732E+9
27.830000,-1.367743,-1.323379,-1.611586,-1.612243,3.542732E+9
27.835000,-1.340796,-1.333566,-1.624403,-1.583981,3.542732E+9
27.840000,-1.455816,-1.351969,-1.656280,-1.689800,3.542732E+9
27.845000,-1.395020,-1.390747,-1.652008,-1.667124,3.542732E+9
27.850000,-1.458445,-1.403235,-1.701302,-1.693415,3.542732E+9
27.855000,-1.442014,-1.375959,-1.687499,-1.763413,3.542732E+9
27.860000,-1.473562,-1.396991,-1.740737,-2.010870,3.542732E+9
27.865000,-1.432155,-1.393048,-1.741066,-1.874161,3.542732E+9
27.870000,-1.499852,-1.414409,-1.791346,-1.941530,3.542732E+9
27.875000,-1.465675,-1.409479,-1.788389,-1.974393,3.542732E+9
27.880000,-1.527786,-1.441028,-1.851157,-1.956647,3.542732E+9
27.885000,-1.472905,-1.391405,-1.772614,-1.916225,3.542732E+9
27.890000,-1.488679,-1.457131,-1.743695,-1.825524,3.542732E+9
27.895000,-1.416709,-1.373987,-1.670082,-1.751582,3.542732E+9
27.900000,-1.442014,-1.353612,-1.657594,-1.673368,3.542732E+9
27.905000,-1.369715,-1.334223,-1.598441,-1.610272,3.542732E+9
27.910000,-1.405864,-1.341453,-1.558677,-1.630647,3.542732E+9
27.915000,-1.373330,-1.334881,-1.555391,-1.623745,3.542732E+9
27.920000,-1.400935,-1.348026,-1.656937,-1.672711,3.542732E+9
27.925000,-1.397320,-1.349012,-1.661538,-1.689800,3.542732E+9
27.930000,-1.459102,-1.281971,-1.711161,-1.813364,3.542732E+9
27.935000,-1.483421,-1.419667,-1.763084,-1.833411,3.542732E+9
27.940000,-1.582667,-1.461074,-1.896508,-1.896836,3.542732E+9
27.945000,-1.720691,-1.585296,-1.884348,-2.005941,3.542732E+9
27.950000,-2.085141,-1.887306,-2.060165,-2.112088,3.542732E+9
27.955000,-2.596816,-2.361847,-2.275746,-2.327669,3.542732E+9
27.960000,-2.843946,-2.752587,-2.609304,-2.658927,3.542732E+9
27.965000,-2.853476,-2.806482,-2.897512,-3.108493,3.542732E+9
27.970000,-2.909672,-2.675359,-3.045067,-3.540969,3.542732E+9
27.975000,-2.671744,-2.506443,-2.966853,-3.637915,3.542732E+9
27.980000,-2.650712,-2.507101,-2.890940,-3.628714,3.542732E+9
27.985000,-2.576770,-2.469308,-2.704607,-3.397687,3.542732E+9
27.990000,-2.532734,-2.382550,-2.541935,-3.316187,3.542732E+9
27.995000,-2.492312,-2.325369,-2.349030,-2.559353,3.542732E+9
28.000000,-2.460107,-2.323397,-2.258657,-2.348044,3.542732E+9
28.005000,-2.444332,-2.308280,-2.126219,-2.109788,3.542732E+9
28.010000,-2.504800,-2.394709,-2.173542,-1.959604,3.542732E+9
28.015000,-2.378607,-2.286590,-2.103873,-1.877447,3.542732E+9
28.020000,-2.471280,-2.241568,-2.099929,-1.937258,3.542732E+9
28.025000,-2.361518,-2.227109,-2.089413,-2.127862,3.542732E+9
28.030000,-2.462078,-2.378278,-2.189645,-2.372363,3.542732E+9
28.035000,-2.508415,-2.376306,-2.342786,-2.699020,3.542732E+9
28.040000,-2.746672,-2.526818,-2.538320,-2.974740,3.542732E+9
28.045000,-2.784464,-2.633952,-2.698034,-3.038495,3.542732E+9
28.050000,-2.984599,-2.677331,-2.707893,-2.973755,3.542732E+9
28.055000,-2.811083,-2.632966,-2.575784,-2.828172,3.542732E+9
28.060000,-2.816341,-2.609633,-2.375978,-2.675359,3.542732E+9
28.065000,-2.635923,-2.523204,-2.137721,-2.343772,3.542732E+9
28.070000,-2.574141,-2.443347,-1.975379,-2.161054,3.542732E+9
28.075000,-2.393066,-2.345086,-1.881391,-1.993125,3.542732E+9
28.080000,-2.358889,-2.275088,-1.875475,-1.926741,3.542732E+9
28.085000,-2.247812,-2.206405,-1.870546,-1.850828,3.542732E+9
28.090000,-2.208048,-2.172885,-1.869231,-1.988195,3.542732E+9
28.095000,-2.109788,-2.097957,-1.831768,-1.860687,3.542732E+9
28.100000,-2.123919,-2.075610,-1.827167,-1.993453,3.542732E+9
28.105000,-1.994768,-1.955004,-1.822566,-1.959933,3.542732E+9
28.110000,-1.920826,-1.849514,-1.949417,-1.952703,3.542732E+9
28.115000,-1.863645,-1.761770,-1.901108,-2.029602,3.542732E+9
28.120000,-1.895850,-1.758812,-1.955989,-2.057864,3.542732E+9
28.125000,-1.786417,-1.700316,-1.897493,-2.064108,3.542732E+9
28.130000,-1.783788,-1.695387,-1.849842,-2.038147,3.542732E+9
28.135000,-1.663181,-1.619802,-1.762756,-1.920826,3.542732E+9
28.140000,-1.607643,-1.520556,-1.714118,-1.804491,3.542732E+9
28.145000,-1.464360,-1.415066,-1.631633,-1.703602,3.542732E+9
28.150000,-1.416709,-1.355584,-1.614215,-1.669425,3.542732E+9
28.155000,-1.303004,-1.292816,-1.561635,-1.582010,3.542732E+9
28.160000,-1.349340,-1.280000,-1.632290,-1.580038,3.542732E+9
28.165000,-1.329951,-1.303332,-1.609943,-1.582010,3.542732E+9
28.170000,-1.388776,-1.342110,-1.668439,-1.703274,3.542732E+9
28.175000,-1.413094,-1.361171,-1.667124,-1.724635,3.542732E+9
28.180000,-1.450558,-1.411451,-1.492951,-1.789703,3.542732E+9
28.185000,-1.449243,-1.410465,-1.703602,-1.842284,3.542732E+9
28.190000,-1.537973,-1.406850,-1.779187,-1.861016,3.542732E+9
28.195000,-1.473562,-1.412766,-1.749282,-1.923127,3.542732E+9
28.200000,-1.517927,-1.446943,-1.787403,-1.916554,3.542732E+9
28.205000,-1.469290,-1.402249,-1.791675,-1.907681,3.542732E+9
28.210000,-1.504124,-1.401592,-1.805806,-2.079554,3.542732E+9
28.215000,-1.437084,-1.391405,-1.755854,-1.842941,3.542732E+9
28.220000,-1.485064,-1.367086,-1.730550,-1.846556,3.542732E+9
28.225000,-1.382532,-1.348683,-1.660881,-1.735479,3.542732E+9
28.230000,-1.376616,-1.330937,-1.664824,-1.520556,3.542732E+9
28.235000,-1.386475,-1.318449,-1.597126,-1.638862,3.542732E+9
28.240000,-1.389104,-1.376945,-1.573137,-1.699987,3.542732E+9
28.245000,-1.377602,-1.360514,-1.565578,-1.671397,3.542732E+9
28.250000,-1.417366,-1.329622,-1.682241,-1.656608,3.542732E+9
28.255000,-1.424925,-1.397977,-1.667782,-1.697030,3.542732E+9
28.260000,-1.500510,-1.497881,-1.707874,-1.782473,3.542732E+9
28.265000,-1.498866,-1.539288,-1.743366,-1.891578,3.542732E+9
28.270000,-1.805149,-1.780501,-1.797919,-2.085141,3.542732E+9
28.275000,-1.835054,-2.257671,-1.858715,-2.411798,3.542732E+9
28.280000,-2.446633,-2.839345,-2.118332,-2.837702,3.542732E+9
28.285000,-2.711180,-2.863335,-2.579071,-3.183749,3.542732E+9
28.290000,-2.654984,-2.821599,-2.976384,-3.500877,3.542732E+9
28.295000,-2.414427,-2.760145,-2.919531,-3.786456,3.542732E+9
28.300000,-2.268516,-2.781835,-2.816670,-3.986592,3.542732E+9
28.305000,-2.296121,-2.473909,-2.618506,-3.626413,3.542732E+9
28.310000,-2.284947,-2.452548,-2.495270,-3.082531,3.542732E+9
28.315000,-2.217250,-2.410155,-2.261943,-2.664514,3.542732E+9
28.320000,-2.264572,-2.471609,-2.156125,-2.326026,3.542732E+9
28.325000,-2.018758,-2.292506,-1.971764,-2.140679,3.542732E+9
28.330000,-2.118004,-2.490669,-1.879419,-2.035189,3.542732E+9
28.335000,-2.045048,-2.450248,-1.869560,-2.099929,3.542732E+9
28.340000,-2.092042,-2.482453,-1.900451,-2.188002,3.542732E+9
28.345000,-2.054578,-2.408183,-1.918526,-2.324054,3.542732E+9
28.350000,-2.200490,-2.408512,-2.012185,-2.643811,3.542732E+9
28.355000,-2.237953,-2.559353,-2.183729,-2.858406,3.542732E+9
28.360000,-2.508087,-2.721696,-2.449919,-3.176848,3.542732E+9
28.365000,-2.539964,-2.814041,-2.635923,-3.171590,3.542732E+9
28.370000,-2.596159,-2.795966,-2.727611,-3.133797,3.542732E+9
28.375000,-2.560667,-2.793666,-2.550151,-3.001359,3.542732E+9
28.380000,-2.540949,-2.811083,-2.291848,-2.805825,3.542732E+9
28.385000,-2.467337,-2.765732,-2.041104,-2.511373,3.542732E+9
28.390000,-2.420671,-2.704278,-1.907352,-2.414099,3.542732E+9
28.395000,-2.235324,-2.568554,-1.808435,-2.118332,3.542732E+9
28.400000,-2.173213,-2.502500,-1.815008,-2.095328,3.542732E+9
28.405000,-2.052278,-2.349030,-1.808764,-2.015143,3.542732E+9
28.410000,-2.068052,-2.363161,-1.857072,-1.995096,3.542732E+9
28.415000,-2.043733,-2.290205,-1.822566,-2.002655,3.542732E+9
28.420000,-2.163683,-2.244526,-1.827167,-2.013171,3.542732E+9
28.425000,-2.007913,-2.164669,-1.817308,-2.010213,3.542732E+9
28.430000,-1.981294,-2.168613,-1.859372,-1.982608,3.542732E+9
28.435000,-1.877776,-1.951389,-1.862987,-2.032560,3.542732E+9
28.440000,-1.876461,-1.938243,-1.870874,-2.054907,3.542732E+9
28.445000,-1.747639,-1.829467,-1.868574,-2.046034,3.542732E+9
28.450000,-1.769985,-1.745995,-1.853129,-2.103873,3.542732E+9
28.455000,-1.627032,-1.679284,-1.781159,-1.976036,3.542732E+9
28.460000,-1.605342,-1.591211,-1.755526,-1.917211,3.542732E+9
28.465000,-1.479806,-1.496895,-1.697358,-1.780173,3.542732E+9
28.470000,-1.445629,-1.408493,-1.704588,-1.687828,3.542732E+9
28.475000,-1.329622,-1.307604,-1.586282,-1.652993,3.542732E+9
28.480000,-1.340467,-1.333566,-1.589568,-1.673697,3.542732E+9
28.485000,-1.322064,-1.321735,-1.589568,-1.611586,3.542732E+9
28.490000,-1.385489,-1.364129,-1.738437,-1.556705,3.542732E+9
28.495000,-1.434784,-1.371358,-1.629332,-1.638862,3.542732E+9
28.500000,-1.492622,-1.413423,-1.624731,-1.695715,3.542732E+9
28.505000,-1.431826,-1.408822,-1.662524,-1.735151,3.542732E+9
28.510000,-1.500838,-1.406522,-1.736465,-1.800219,3.542732E+9
28.515000,-1.430512,-1.400935,-1.755197,-1.887635,3.542732E+9
28.520000,-1.553090,-1.397320,-1.797262,-2.038147,3.542732E+9
28.525000,-1.469618,-1.403564,-1.816322,-2.009556,3.542732E+9
28.530000,-1.499195,-1.407508,-1.831110,-2.043076,3.542732E+9
28.535000,-1.464689,-1.390090,-1.774915,-1.955332,3.542732E+9
28.540000,-1.510697,-1.398635,-1.777872,-1.952375,3.542732E+9
28.545000,-1.415395,-1.368401,-1.686514,-1.770314,3.542732E+9
28.550000,-1.418352,-1.379903,-1.692429,-1.627689,3.542732E+9
28.555000,-1.370044,-1.332252,-1.557691,-1.600084,3.542732E+9
28.560000,-1.433469,-1.348354,-1.594169,-1.536987,3.542732E+9
28.565000,-1.359856,-1.324693,-1.551447,-1.531401,3.542732E+9
28.570000,-1.418681,-1.378260,-1.609286,-1.596798,3.542732E+9
28.575000,-1.415723,-1.376288,-1.656280,-1.674683,3.542732E+9
28.580000,-1.559991,-1.375631,-1.752239,-1.785431,3.542732E+9
28.585000,-1.567221,-1.402578,-1.838669,-1.847213,3.542732E+9
28.590000,-1.822237,-1.492294,-2.012514,-1.955004,3.542732E+9
28.595000,-2.171242,-1.677641,-2.170584,-2.061151,3.542732E+9
28.600000,-2.831129,-1.992467,-2.545222,-2.349687,3.542732E+9
28.605000,-3.027321,-2.433816,-2.884039,-2.518274,3.542732E+9
28.610000,-2.953379,-2.570198,-3.130182,-2.953708,3.542732E+9
28.615000,-3.007275,-2.276732,-3.160088,-3.257033,3.542732E+9
28.620000,-2.851504,-2.147909,-3.214969,-3.348721,3.542732E+9
28.625000,-2.788407,-2.107159,-3.060184,-3.254733,3.542732E+9
28.630000,-2.779863,-2.235653,-2.844603,-3.001031,3.542732E+9
28.635000,-2.676345,-2.147252,-2.620478,-2.695734,3.542732E+9
28.640000,-2.713151,-2.025330,-2.482453,-2.337528,3.542732E+9
28.645000,-2.562310,-2.001012,-2.322740,-2.124248,3.542732E+9
28.650000,-2.679960,-2.011528,-2.268516,-1.996739,3.542732E+9
28.655000,-2.640853,-2.115703,-2.269830,-1.897165,3.542732E+9
28.660000,-2.747657,-2.048663,-2.294478,-1.851485,3.542732E+9
28.665000,-2.666815,-2.013171,-2.289219,-1.891578,3.542732E+9
28.670000,-2.727611,-2.037161,-2.393395,-2.054907,3.542732E+9
28.675000,-2.707893,-2.045048,-2.422643,-2.330298,3.542732E+9
28.680000,-2.881738,-2.145608,-2.578742,-2.819956,3.542732E+9
28.685000,-2.872537,-2.252413,-2.693105,-2.773619,3.542732E+9
28.690000,-2.999716,-2.353631,-2.795309,-2.890940,3.542732E+9
28.695000,-2.961924,-2.336871,-2.734841,-2.784464,3.542732E+9
28.700000,-2.949765,-2.359217,-2.639210,-2.624421,3.542732E+9
28.705000,-2.869579,-2.283961,-2.460107,-2.361189,3.542732E+9
28.710000,-2.844932,-2.217250,-2.341143,-2.173542,3.542732E+9
28.715000,-2.690147,-2.170913,-2.132463,-2.018100,3.542732E+9
28.720000,-2.601417,-2.115375,-2.105516,-1.893550,3.542732E+9
28.725000,-2.453863,-2.037161,-2.044719,-1.863645,3.542732E+9
28.730000,-2.435131,-2.112746,-1.988524,-1.801862,3.542732E+9
28.735000,-2.334570,-2.009885,-1.921812,-1.823881,3.542732E+9
28.740000,-2.326355,-1.984909,-1.896179,-1.850499,3.542732E+9
28.745000,-2.191617,-1.922798,-1.914911,-1.825852,3.542732E+9
28.750000,-2.233024,-1.841298,-1.959276,-1.871532,3.542732E+9
28.755000,-2.044391,-1.768999,-1.947116,-1.931671,3.542732E+9
28.760000,-2.011528,-1.739094,-1.947445,-2.046691,3.542732E+9
28.765000,-1.883691,-1.686185,-1.947116,-2.011199,3.542732E+9
28.770000,-1.945145,-1.660552,-1.991810,-2.030588,3.542732E+9
28.775000,-1.793318,-1.659895,-1.884348,-1.977022,3.542732E+9
28.780000,-1.738766,-1.618487,-1.838669,-2.138379,3.542732E+9
28.785000,-1.638534,-1.510368,-1.733508,-1.805477,3.542732E+9
28.790000,-1.516941,-1.491637,-1.677641,-1.755197,3.542732E+9
28.795000,-1.382532,-1.353612,-1.586939,-1.659895,3.542732E+9
28.800000,-1.364786,-1.307276,-1.652993,-1.596469,3.542732E+9
28.805000,-1.346711,-1.295445,-1.570508,-1.559334,3.542732E+9
28.810000,-1.417366,-1.190284,-1.585624,-1.551118,3.542732E+9
28.815000,-1.390747,-1.359199,-1.642477,-1.609614,3.542732E+9
28.820000,-1.459760,-1.409479,-1.693086,-1.691443,3.542732E+9
28.825000,-1.408822,-1.370044,-1.704588,-1.759798,3.542732E+9
28.830000,-1.493280,-1.389433,-1.722006,-1.900122,3.542732E+9
28.835000,-1.442342,-1.405536,-1.724635,-1.907024,3.542732E+9
28.840000,-1.533044,-1.433798,-1.774258,-1.975707,3.542732E+9
28.845000,-1.497223,-1.426897,-1.804820,-1.949088,3.542732E+9
28.850000,-1.513326,-1.429854,-1.862330,-2.080540,3.542732E+9
28.855000,-1.464689,-1.408822,-1.775572,-1.890921,3.542732E+9
28.860000,-1.474219,-1.410794,-1.751253,-1.862659,3.542732E+9
28.865000,-1.395348,-1.371687,-1.694729,-1.755197,3.542732E+9
28.870000,-1.449243,-1.360514,-1.737451,-1.626703,3.542732E+9
28.875000,-1.375631,-1.332252,-1.621445,-1.614544,3.542732E+9
28.880000,-1.378917,-1.378260,-1.585296,-1.617501,3.542732E+9
28.885000,-1.338167,-1.322393,-1.569193,-1.617501,3.542732E+9
28.890000,-1.487036,-1.341453,-1.623088,-1.505110,3.542732E+9
28.895000,-1.402578,-1.388118,-1.643463,-1.721677,3.542732E+9
28.900000,-1.512997,-1.442999,-1.679941,-1.813693,3.542732E+9
28.905000,-1.490979,-1.482764,-1.742709,-1.876790,3.542732E+9
28.910000,-1.532058,-1.610600,-1.832096,-2.158754,3.542732E+9
28.915000,-1.659566,-1.895850,-1.821909,-2.225794,3.542732E+9
28.920000,-1.957633,-2.556395,-1.923784,-2.642825,3.542732E+9
28.925000,-2.442689,-2.867279,-2.211006,-2.970140,3.542732E+9
28.930000,-2.695405,-2.905728,-2.772633,-3.261963,3.542732E+9
28.935000,-2.526490,-2.904742,-3.009247,-3.600451,3.542732E+9
28.940000,-2.384193,-2.836059,-2.914930,-3.891618,3.542732E+9
28.945000,-2.180443,-2.633294,-2.748972,-3.962602,3.542732E+9
28.950000,-2.290205,-2.591887,-2.578742,-3.654347,3.542732E+9
28.955000,-2.173542,-2.545222,-2.374006,-3.154501,3.542732E+9
28.960000,-2.276403,-2.646768,-2.222836,-2.807468,3.542732E+9
28.965000,-2.125891,-2.603060,-2.072324,-2.434802,3.542732E+9
28.970000,-2.122276,-2.560339,-1.944487,-2.325369,3.542732E+9
28.975000,-2.041433,-2.608647,-1.820923,-2.257014,3.542732E+9
28.980000,-2.022373,-2.612919,-1.865616,-2.304994,3.542732E+9
28.985000,-2.023358,-2.588272,-1.862987,-2.353631,3.542732E+9
28.990000,-1.997725,-2.513345,-1.908010,-2.629022,3.542732E+9
28.995000,-2.001340,-2.500528,-1.973735,-2.729583,3.542732E+9
29.000000,-2.139365,-2.695077,-2.171242,-3.056241,3.542732E+9
29.005000,-2.283633,-2.797609,-2.398324,-3.150557,3.542732E+9
29.010000,-2.425601,-2.889625,-2.598131,-3.169289,3.542732E+9
29.015000,-2.418042,-2.872208,-2.529119,-3.126567,3.542732E+9
29.020000,-2.472266,-2.891269,-2.381893,-2.986571,3.542732E+9
29.025000,-2.281661,-2.788407,-2.136407,-2.720710,3.542732E+9
29.030000,-2.331284,-3.105535,-1.941858,-2.470951,3.542732E+9
29.035000,-2.152510,-2.638881,-1.790360,-2.254056,3.542732E+9
29.040000,-2.085141,-2.622121,-1.708532,-2.149223,3.542732E+9
29.045000,-2.001669,-2.438089,-1.747639,-2.069695,3.542732E+9
29.050000,-1.951389,-2.391095,-1.803177,-2.000354,3.542732E+9
29.055000,-1.889935,-2.279689,-1.830124,-2.010213,3.542732E+9
29.060000,-2.005941,-2.236310,-1.822895,-2.147909,3.542732E+9
29.065000,-1.887963,-2.190302,-1.777872,-2.082512,3.542732E+9
29.070000,-1.904723,-2.089741,-1.812379,-2.066409,3.542732E+9
29.075000,-1.784774,-1.958290,-1.819608,-2.027631,3.542732E+9
29.080000,-1.815008,-1.882048,-1.886649,-2.038475,3.542732E+9
29.085000,-1.712804,-1.822566,-1.845241,-2.022373,3.542732E+9
29.090000,-1.717405,-1.770314,-1.831768,-2.119318,3.542732E+9
29.095000,-1.620459,-1.715433,-1.767356,-2.011528,3.542732E+9
29.100000,-1.597455,-1.660552,-1.771300,-1.918854,3.542732E+9
29.105000,-1.498538,-1.536659,-1.721677,-1.802848,3.542732E+9
29.110000,-1.497552,-1.441685,-1.749282,-1.721677,3.542732E+9
29.115000,-1.319764,-1.338495,-1.595155,-1.665810,3.542732E+9
29.120000,-1.329951,-1.326008,-1.580038,-1.642806,3.542732E+9
29.125000,-1.298403,-1.297745,-1.605999,-1.609943,3.542732E+9
29.130000,-1.370044,-1.346383,-1.675997,-1.624403,3.542732E+9
29.135000,-1.421310,-1.364129,-1.650693,-1.671725,3.542732E+9
29.140000,-1.480792,-1.403893,-1.670739,-1.778530,3.542732E+9
29.145000,-1.439056,-1.408165,-1.679612,-1.740080,3.542732E+9
29.150000,-1.510040,-1.397977,-1.751911,-1.777544,3.542732E+9
29.155000,-1.453187,-1.405207,-1.694729,-1.811064,3.542732E+9
29.160000,-1.488679,-1.412766,-1.719705,-1.944816,3.542732E+9
29.165000,-1.460088,-1.396991,-1.755197,-1.899794,3.542732E+9
29.170000,-1.478820,-1.407179,-1.889606,-1.895193,3.542732E+9
29.175000,-1.463374,-1.380889,-1.799562,-1.926084,3.542732E+9
29.180000,-1.505768,-1.392062,-1.823552,-1.914582,3.542732E+9
29.185000,-1.425254,-1.369058,-1.740080,-1.849842,3.542732E+9
29.190000,-1.428211,-1.387461,-1.688157,-1.754868,3.542732E+9
29.195000,-1.379245,-1.341782,-1.628346,-1.671397,3.542732E+9
29.200000,-1.470276,-1.346711,-1.595155,-1.715433,3.542732E+9
29.205000,-1.368072,-1.345725,-1.541917,-1.594497,3.542732E+9
29.210000,-1.433469,-1.352627,-1.578395,-1.622102,3.542732E+9
29.215000,-1.398963,-1.381874,-1.623088,-1.627032,3.542732E+9
29.220000,-1.456473,-1.387133,-1.723649,-1.742052,3.542732E+9
29.225000,-1.475862,-1.381546,-1.732850,-1.749610,3.542732E+9
29.230000,-1.504453,-1.449572,-1.623745,-1.795947,3.542732E+9
29.235000,-1.584639,-1.493280,-1.833411,-1.915897,3.542732E+9
29.240000,-1.922798,-1.697687,-2.023687,-2.038475,3.542732E+9
29.245000,-2.394052,-2.134764,-2.211663,-2.256685,3.542732E+9
29.250000,-2.747986,-2.616863,-2.512030,-2.561982,3.542732E+9
29.255000,-2.767375,-2.666157,-2.764089,-2.925775,3.542732E+9
29.260000,-2.871551,-2.572827,-2.912629,-3.354965,3.542732E+9
29.265000,-2.604375,-2.381236,-2.866950,-3.408860,3.542732E+9
29.270000,-2.535691,-2.367762,-2.798266,-3.403274,3.542732E+9
29.275000,-2.584657,-2.455506,-2.636909,-3.189664,3.542732E+9
29.280000,-2.611276,-2.426586,-2.509072,-2.874508,3.542732E+9
29.285000,-2.595173,-2.372034,-2.352645,-2.520903,3.542732E+9
29.290000,-2.536677,-2.527476,-2.343443,-2.349359,3.542732E+9
29.295000,-2.479496,-2.316824,-2.254385,-2.206733,3.542732E+9
29.300000,-2.602403,-2.458135,-2.337857,-2.183401,3.542732E+9
29.305000,-2.505786,-2.350016,-2.235981,-2.170913,3.542732E+9
29.310000,-2.582685,-2.345086,-2.229080,-2.178143,3.542732E+9
29.315000,-2.534377,-2.331613,-2.179457,-2.329312,3.542732E+9
29.320000,-2.683246,-2.503814,-2.242883,-2.536349,3.542732E+9
29.325000,-2.702964,-2.530762,-2.389780,-2.668129,3.542732E+9
29.330000,-2.868593,-2.639210,-2.569212,-2.786107,3.542732E+9
29.335000,-2.903099,-2.664514,-2.641839,-2.831787,3.542732E+9
29.340000,-3.113751,-2.712823,-2.614234,-2.809768,3.542732E+9
29.345000,-2.821928,-2.654327,-2.502500,-2.633952,3.542732E+9
29.350000,-2.831458,-2.592544,-2.330298,-2.548179,3.542732E+9
29.355000,-2.688175,-2.514988,-2.122604,-2.296449,3.542732E+9
29.360000,-2.621464,-2.456163,-2.018758,-2.191945,3.542732E+9
29.365000,-2.460764,-2.382222,-1.953032,-2.076268,3.542732E+9
29.370000,-2.464379,-2.326355,-1.967820,-2.007584,3.542732E+9
29.375000,-2.277717,-2.225794,-1.913596,-1.976693,3.542732E+9
29.380000,-2.278375,-2.176500,-1.925427,-2.037818,3.542732E+9
29.385000,-2.220536,-2.121947,-1.892564,-1.892235,3.542732E+9
29.390000,-2.180115,-2.058193,-1.868245,-1.915568,3.542732E+9
29.395000,-2.042419,-1.945473,-1.789703,-1.889606,3.542732E+9
29.400000,-1.964205,-1.850828,-1.873175,-1.851157,3.542732E+9
29.405000,-1.820266,-1.711489,-1.853786,-1.887963,3.542732E+9
29.410000,-1.870874,-1.656280,-1.933314,-1.911953,3.542732E+9
29.415000,-1.694729,-1.617830,-1.836040,-1.968477,3.542732E+9
29.420000,-1.682241,-1.609614,-1.794304,-1.966177,3.542732E+9
29.425000,-1.613887,-1.526471,-1.742381,-1.911296,3.542732E+9
29.430000,-1.636562,-1.481120,-1.743038,-1.629003,3.542732E+9
29.435000,-1.440699,-1.382532,-1.652008,-1.749939,3.542732E+9
29.440000,-1.419338,-1.335538,-1.615530,-1.746981,3.542732E+9
29.445000,-1.353612,-1.301360,-1.589239,-1.660552,3.542732E+9
29.450000,-1.416381,-1.332580,-1.675997,-1.607314,3.542732E+9
29.455000,-1.415066,-1.353612,-1.653322,-1.598770,3.542732E+9
29.460000,-1.438399,-1.606985,-1.684213,-1.666796,3.542732E+9
29.465000,-1.442014,-1.386147,-1.655622,-1.693743,3.542732E+9
29.470000,-1.436756,-1.389104,-1.753225,-1.741723,3.542732E+9
29.475000,-1.398306,-1.373987,-1.679941,-1.815665,3.542732E+9
29.480000,-1.474548,-1.260282,-1.724963,-1.866602,3.542732E+9
29.485000,-1.453187,-1.384832,-1.755197,-1.933643,3.542732E+9
29.490000,-1.507739,-1.435770,-1.806463,-1.934957,3.542732E+9
29.495000,-1.474219,-1.403564,-1.794961,-1.935286,3.542732E+9
29.500000,-1.557034,-1.411451,-1.800548,-1.962891,3.542732E+9
29.505000,-1.450229,-1.406522,-1.727264,-1.842612,3.542732E+9
29.510000,-1.458774,-1.381217,-1.746324,-1.751582,3.542732E+9
29.515000,-1.414409,-1.351312,-1.636562,-1.664824,3.542732E+9
29.520000,-1.381546,-1.352955,-1.622431,-1.672054,3.542732E+9
29.525000,-1.354598,-1.313191,-1.583653,-1.605014,3.542732E+9
29.530000,-1.390419,-1.337838,-1.684870,-1.624731,3.542732E+9
29.535000,-1.359856,-1.344739,-1.609943,-1.689471,3.542732E+9
29.540000,-1.442014,-1.241879,-1.638862,-1.737451,3.542732E+9
29.545000,-1.442999,-1.390747,-1.716419,-1.791675,3.542732E+9
29.550000,-1.496237,-1.437413,-1.753554,-1.844913,3.542732E+9
29.555000,-1.486379,-1.471590,-1.745010,-1.921812,3.542732E+9
29.560000,-1.613558,-1.602713,-1.785431,-2.071996,3.542732E+9
29.565000,-1.713461,-1.859701,-1.839326,-2.167955,3.542732E+9
29.570000,-2.108473,-2.440718,-1.975050,-2.440718,3.542732E+9
29.575000,-2.622121,-2.860706,-2.284290,-2.798595,3.542732E+9
29.580000,-2.886668,-2.844932,-2.827514,-3.231729,3.542732E+9
29.585000,-2.640853,-2.800567,-3.052297,-3.503177,3.542732E+9
29.590000,-2.448933,-2.668129,-3.126896,-3.783498,3.542732E+9
29.595000,-2.309923,-2.501185,-2.825543,-3.878144,3.542732E+9
29.600000,-2.417713,-2.463722,-2.728268,-3.554115,3.542732E+9
29.605000,-2.279032,-2.426915,-2.501843,-3.077930,3.542732E+9
29.610000,-2.311895,-2.498556,-2.324383,-2.707893,3.542732E+9
29.615000,-2.149881,-2.382222,-2.131806,-2.405554,3.542732E+9
29.620000,-2.005612,-2.330955,-1.963548,-2.255371,3.542732E+9
29.625000,-2.123590,-2.427244,-1.885006,-2.137721,3.542732E+9
29.630000,-2.189973,-2.469637,-1.940872,-2.168941,3.542732E+9
29.635000,-2.119647,-2.431845,-1.919512,-2.135421,3.542732E+9
29.640000,-2.149552,-2.371377,-1.955332,-2.307951,3.542732E+9
29.645000,-2.152181,-2.375320,-2.018100,-2.551137,3.542732E+9
29.650000,-2.295792,-2.514659,-2.266544,-2.891597,3.542732E+9
29.655000,-2.448933,-2.671415,-2.491326,-3.095019,3.542732E+9
29.660000,-2.622121,-2.772305,-2.709208,-3.310929,3.542732E+9
29.665000,-2.574798,-2.747986,-2.706250,-3.141356,3.542732E+9
29.670000,-2.611933,-2.806153,-2.586629,-3.089761,3.542732E+9
29.675000,-2.511044,-2.777891,-2.305651,-2.769018,3.542732E+9
29.680000,-2.486726,-2.764418,-2.395038,-2.508087,3.542732E+9
29.685000,-2.381564,-2.629022,-1.891578,-2.272131,3.542732E+9
29.690000,-2.514002,-2.565268,-1.865945,-2.072653,3.542732E+9
29.695000,-2.150209,-2.408840,-1.807778,-1.949745,3.542732E+9
29.700000,-2.137393,-2.336542,-1.832096,-1.927070,3.542732E+9
29.705000,-2.043076,-2.291191,-1.834397,-1.939229,3.542732E+9
29.710000,-2.090727,-2.285605,-1.843270,-1.965520,3.542732E+9
29.715000,-2.018758,-2.157110,-1.818622,-2.010870,3.542732E+9
29.720000,-2.017772,-2.148895,-1.834397,-2.072981,3.542732E+9
29.725000,-1.895193,-2.005941,-1.887963,-2.067395,3.542732E+9
29.730000,-1.948760,-1.928056,-1.934300,-2.160068,3.542732E+9
29.735000,-1.829139,-1.881062,-1.901108,-2.091056,3.542732E+9
29.740000,-1.836040,-1.815008,-1.891907,-2.113403,3.542732E+9
29.745000,-1.707217,-1.746324,-1.806792,-2.050306,3.542732E+9
29.750000,-1.672383,-1.683556,-1.810735,-1.937915,3.542732E+9
29.755000,-1.554405,-1.573137,-1.717405,-1.809092,3.542732E+9
29.760000,-1.511683,-1.385489,-1.658580,-1.767685,3.542732E+9
29.765000,-1.365114,-1.383518,-1.605671,-1.644449,3.542732E+9
29.770000,-1.320421,-1.303332,-1.644120,-1.597126,3.542732E+9
29.775000,-1.295116,-1.284600,-1.559663,-1.602056,3.542732E+9
29.780000,-1.351312,-1.315820,-1.655951,-1.591868,3.542732E+9
29.785000,-1.364786,-1.336852,-1.637219,-1.603370,3.542732E+9
29.790000,-1.481120,-1.414737,-1.687171,-1.698673,3.542732E+9
29.795000,-1.423610,-1.408822,-1.654965,-1.752239,3.542732E+9
29.800000,-1.518584,-1.403893,-1.694729,-1.801862,3.542732E+9
29.805000,-1.467975,-1.421639,-1.723320,-1.829796,3.542732E+9
29.810000,-1.524171,-1.408822,-1.776558,-1.908010,3.542732E+9
29.815000,-1.495251,-1.423610,-1.778201,-1.914911,3.542732E+9
29.820000,-1.525157,-1.434455,-1.854114,-2.214621,3.542732E+9
29.825000,-1.468633,-1.402578,-1.802520,-1.936272,3.542732E+9
29.830000,-1.504124,-1.420324,-1.798905,-1.908010,3.542732E+9
29.835000,-1.428540,-1.362814,-1.738766,-1.841955,3.542732E+9
29.840000,-1.381546,-1.319106,-1.724306,-1.756512,3.542732E+9
29.845000,-1.371030,-1.324036,-1.624403,-1.691114,3.542732E+9
29.850000,-1.419995,-1.407179,-1.616844,-1.656280,3.542732E+9
29.855000,-1.369715,-1.351969,-1.572808,-1.611915,3.542732E+9
29.860000,-1.468304,-1.345397,-1.566564,-1.622102,3.542732E+9
29.865000,-1.417366,-1.369387,-1.597455,-1.649050,3.542732E+9
29.870000,-1.480463,-1.396006,-1.669425,-1.696372,3.542732E+9
29.875000,-1.463703,-1.381874,-1.718391,-1.684542,3.542732E+9
29.880000,-1.552762,-1.392062,-1.817637,-1.759798,3.542732E+9
29.885000,-1.632947,-1.439713,-1.874489,-1.862659,3.542732E+9
29.890000,-1.940215,-1.594826,-2.065423,-1.964534,3.542732E+9
29.895000,-2.422643,-1.802191,-2.308937,-2.112417,3.542732E+9
29.900000,-3.089761,-2.296778,-2.764089,-2.357246,3.542732E+9
29.905000,-2.932019,-2.598131,-3.007603,-2.810754,3.542732E+9
29.910000,-3.049339,-2.537663,-3.161073,-3.206096,3.542732E+9
29.915000,-3.064785,-2.368090,-3.167317,-3.436137,3.542732E+9
29.920000,-2.912958,-2.248798,-3.121638,-3.437122,3.542732E+9
29.925000,-2.835730,-2.339500,-2.909343,-3.255719,3.542732E+9
29.930000,-2.851176,-2.333256,-2.709208,-3.017462,3.542732E+9
29.935000,-2.728268,-2.209034,-2.532405,-2.570855,3.542732E+9
29.940000,-2.696391,-2.145608,-2.474238,-2.289877,3.542732E+9
29.945000,-2.576770,-2.100586,-2.334242,-2.085798,3.542732E+9
29.950000,-2.687847,-2.182744,-2.321754,-2.074953,3.542732E+9
29.955000,-2.668786,-2.190959,-2.297107,-1.927727,3.542732E+9
29.960000,-2.702307,-2.149223,-2.312223,-1.924770,3.542732E+9
29.965000,-2.635595,-2.126548,-2.320111,-2.021058,3.542732E+9
29.970000,-2.742071,-2.114389,-2.514331,-2.253727,3.542732E+9
29.975000,-2.733855,-2.165655,-2.431516,-2.544564,3.542732E+9
29.980000,-2.878452,-2.294149,-2.649726,-2.763432,3.542732E+9
29.985000,-2.865635,-2.342129,-2.703950,-2.824557,3.542732E+9
29.990000,-3.003331,-2.118332,-2.736155,-2.788736,3.542732E+9
29.995000,-2.922160,-2.417056,-2.661885,-2.626722,3.542732E+9
30.000000,-2.885025,-2.403582,-2.474238,-2.450576,3.542732E+9
30.005000,-2.783478,-2.309594,-2.293492,-2.268516,3.542732E+9
30.010000,-2.716438,-2.255699,-2.167298,-2.087770,3.542732E+9
30.015000,-2.477524,-2.138050,-2.073310,-1.944816,3.542732E+9
30.020000,-2.495927,-2.090727,-2.021387,-1.917540,3.542732E+9
30.025000,-2.315510,-2.034860,-1.965520,-1.873175,3.542732E+9
30.030000,-2.317482,-2.001669,-1.909981,-1.894207,3.542732E+9
30.035000,-2.208705,-1.984252,-1.895193,-1.869889,3.542732E+9
30.040000,-2.188330,-1.944159,-1.949088,-1.856415,3.542732E+9
30.045000,-2.096314,-1.852143,-1.874489,-1.861673,3.542732E+9
30.050000,-2.061151,-1.800219,-1.903080,-2.004627,3.542732E+9
30.055000,-1.900780,-1.742052,-1.872846,-1.931342,3.542732E+9
30.060000,-1.863645,-1.687171,-1.910639,-1.955332,3.542732E+9
30.065000,-1.794961,-1.619473,-1.914254,-1.940872,3.542732E+9
30.070000,-1.768671,-1.608628,-1.971764,-1.948102,3.542732E+9
30.075000,-1.629989,-1.540274,-1.780830,-1.915897,3.542732E+9
30.080000,-1.640506,-1.505768,-1.766370,-1.848199,3.542732E+9
30.085000,-1.456473,-1.409808,-1.684542,-1.809421,3.542732E+9
30.090000,-1.474219,-1.390090,-1.669096,-1.740080,3.542732E+9
30.095000,-1.355913,-1.314177,-1.611258,-1.675012,3.542732E+9
30.100000,-1.422953,-1.319106,-1.591211,-1.830453,3.542732E+9
30.105000,-1.365443,-1.337181,-1.588253,-1.595155,3.542732E+9
30.110000,-1.464360,-1.365772,-1.664495,-1.598441,3.542732E+9
30.115000,-1.413752,-1.372673,-1.647407,-1.608957,3.542732E+9
30.120000,-1.431497,-1.364457,-1.698016,-1.864959,3.542732E+9
30.125000,-1.419010,-1.370044,-1.676655,-1.781816,3.542732E+9
30.130000,-1.440042,-1.400935,-1.742381,-1.889278,3.542732E+9
30.135000,-1.433798,-1.386147,-1.765713,-1.899794,3.542732E+9
30.140000,-1.499524,-1.415395,-1.885006,-1.954018,3.542732E+9
30.145000,-1.449901,-1.412766,-1.795290,-1.990824,3.542732E+9
30.150000,-1.524499,-1.480135,-1.825524,-1.940872,3.542732E+9
30.155000,-1.454830,-1.381874,-1.760455,-1.889606,3.542732E+9
30.160000,-1.475534,-1.422624,-1.730221,-1.792661,3.542732E+9
30.165000,-1.406522,-1.365114,-1.677641,-1.691443,3.542732E+9
30.170000,-1.449572,-1.338824,-1.650364,-1.688485,3.542732E+9
30.175000,-1.349997,-1.331266,-1.585296,-1.599756,3.542732E+9
30.180000,-1.372673,-1.343096,-1.637876,-1.568864,3.542732E+9
30.185000,-1.383518,-1.345397,-1.633604,-1.628346,3.542732E+9
30.190000,-1.403235,-1.519899,-1.651679,-1.727264,3.542732E+9
30.195000,-1.389433,-1.371687,-1.645106,-1.752897,3.542732E+9
30.200000,-1.452201,-1.440042,-1.787074,-1.810735,3.542732E+9
30.205000,-1.440042,-1.479477,-1.744352,-1.909981,3.542732E+9
30.210000,-1.600741,-1.761441,-1.793647,-2.071667,3.542732E+9
30.215000,-1.740737,-2.112088,-1.808435,-2.337199,3.542732E+9
30.220000,-2.230723,-2.808782,-1.944159,-2.671415,3.542732E+9
30.225000,-2.592216,-2.928075,-2.335556,-2.997744,3.542732E+9
30.230000,-2.755873,-2.911315,-2.791694,-3.397030,3.542732E+9
30.235000,-2.507101,-2.880095,-2.897512,-3.641530,3.542732E+9
30.240000,-2.239596,-2.717752,-2.795966,-3.807160,3.542732E+9
30.245000,-2.260957,-2.566254,-2.660242,-3.759180,3.542732E+9
30.250000,-2.348701,-2.542593,-2.576113,-3.463741,3.542732E+9
30.255000,-2.205419,-2.478181,-2.337528,-2.890940,3.542732E+9
30.260000,-2.225137,-2.634938,-2.354945,-2.647754,3.542732E+9
30.265000,-2.077911,-2.504472,-2.022044,-2.436117,3.542732E+9
30.270000,-2.135421,-2.539635,-1.958290,-2.266215,3.542732E+9
30.275000,-2.108802,-2.596488,-1.886977,-2.230723,3.542732E+9
30.280000,-2.131477,-2.701978,-1.889278,-2.267530,3.542732E+9
30.285000,-2.093685,-2.618835,-1.858387,-2.328326,3.542732E+9
30.290000,-2.109131,-2.595831,-1.875475,-2.552123,3.542732E+9
30.295000,-2.168941,-2.640853,-2.035846,-2.721367,3.542732E+9
30.300000,-2.473580,-2.796623,-2.291520,-3.189993,3.542732E+9
30.305000,-2.468651,-2.892912,-2.526161,-3.118352,3.542732E+9
30.310000,-2.628365,-2.935305,-2.639210,-3.249475,3.542732E+9
30.315000,-2.490012,-2.890283,-2.583343,-3.104220,3.542732E+9
30.320000,-2.445976,-2.884039,-2.346072,-2.982956,3.542732E+9
30.325000,-2.408183,-2.874837,-2.107159,-2.698034,3.542732E+9
30.330000,-2.399310,-2.810754,-1.925756,-2.444661,3.542732E+9
30.335000,-2.250113,-2.659913,-1.783788,-2.201804,3.542732E+9
30.340000,-2.156453,-2.554095,-1.732522,-2.178471,3.542732E+9
30.345000,-1.998054,-2.417713,-1.747967,-1.952703,3.542732E+9
30.350000,-2.003969,-2.340157,-1.794633,-1.995425,3.542732E+9
30.355000,-1.980308,-2.296449,-1.765056,-1.948102,3.542732E+9
30.360000,-1.951060,-2.236639,-1.799233,-1.922798,3.542732E+9
30.365000,-1.881719,-2.117346,-1.772286,-1.946459,3.542732E+9
30.370000,-1.926084,-2.026316,-1.821251,-1.953689,3.542732E+9
30.375000,-1.772614,-1.900122,-1.847542,-1.995096,3.542732E+9
30.380000,-1.734165,-1.876790,-1.851814,-2.039133,3.542732E+9
30.385000,-1.679941,-1.759141,-1.836040,-2.107816,3.542732E+9
30.390000,-1.562949,-1.647078,-1.847870,-2.073967,3.542732E+9
30.395000,-1.601399,-1.625060,-1.822566,-2.019086,3.542732E+9
30.400000,-1.621445,-1.606985,-1.751911,-1.923127,3.542732E+9
30.405000,-1.487693,-1.495909,-1.688814,-1.787403,3.542732E+9
30.410000,-1.447272,-1.400278,-1.671068,-1.702945,3.542732E+9
30.415000,-1.349012,-1.321407,-1.593840,-1.621116,3.542732E+9
30.420000,-1.295774,-1.290187,-1.596141,-1.619802,3.542732E+9
30.425000,-1.311548,-1.294459,-1.589568,-1.566235,3.542732E+9
30.430000,-1.400935,-1.332252,-1.661209,-1.605999,3.542732E+9
30.435000,-1.369715,-1.363471,-1.640177,-1.652993,3.542732E+9
30.440000,-1.459102,-1.385818,-1.690457,-1.716747,3.542732E+9
30.445000,-1.459102,-1.401921,-1.687499,-1.784116,3.542732E+9
30.450000,-1.483749,-1.425254,-1.701959,-1.872846,3.542732E+9
30.455000,-1.469947,-1.410137,-1.748953,-1.912610,3.542732E+9
30.460000,-1.553747,-1.420653,-1.804491,-1.983594,3.542732E+9
30.465000,-1.480463,-1.409808,-1.796933,-1.928056,3.542732E+9
30.470000,-1.526471,-1.404879,-1.699987,-1.953360,3.542732E+9
30.475000,-1.468961,-1.414737,-1.766699,-1.884020,3.542732E+9
30.480000,-1.429854,-1.378917,-1.742052,-1.867917,3.542732E+9
30.485000,-1.404221,-1.308919,-1.692100,-1.730878,3.542732E+9
30.490000,-1.399292,-1.361500,-1.894207,-1.732850,3.542732E+9
30.495000,-1.355913,-1.324364,-1.603042,-1.657923,3.542732E+9
30.500000,-1.399292,-1.339153,-1.599098,-1.653979,3.542732E+9
30.505000,-1.376616,-1.337181,-1.583653,-1.668768,3.542732E+9
30.510000,-1.431826,-1.390747,-1.618816,-1.656608,3.542732E+9
30.515000,-1.453516,-1.381546,-1.655294,-1.673040,3.542732E+9
30.520000,-1.563935,-1.416381,-1.725292,-1.762427,3.542732E+9
30.525000,-1.555719,-1.465346,-1.781159,-1.798905,3.542732E+9
30.530000,-1.750596,-1.536659,-1.926084,-1.877776,3.542732E+9
30.535000,-2.033546,-1.750268,-2.071996,-2.031903,3.542732E+9
30.540000,-2.613905,-2.168613,-2.320768,-2.335885,3.542732E+9
30.545000,-2.830143,-2.575784,-2.624093,-2.620806,3.542732E+9
30.550000,-2.779863,-2.563954,-2.941549,-2.989529,3.542732E+9
30.555000,-2.728926,-2.344429,-2.979341,-3.245531,3.542732E+9
30.560000,-2.694748,-2.199832,-2.923803,-3.323088,3.542732E+9
30.565000,-2.495599,-2.178471,-2.788079,-3.257691,3.542732E+9
30.570000,-2.645782,-2.371377,-2.592216,-3.006289,3.542732E+9
30.575000,-2.617849,-2.265229,-2.419685,-2.670758,3.542732E+9
30.580000,-2.645782,-2.219221,-2.369734,-2.373020,3.542732E+9
30.585000,-2.517288,-2.191288,-2.300064,-2.098943,3.542732E+9
30.590000,-2.542921,-2.196217,-2.246169,-2.086455,3.542732E+9
30.595000,-2.597474,-2.315838,-2.234667,-2.044062,3.542732E+9
30.600000,-2.630337,-2.265887,-2.260629,-2.089413,3.542732E+9
30.605000,-2.581042,-2.238939,-2.263258,-2.147252,3.542732E+9
30.610000,-2.659585,-2.242225,-2.340486,-2.418371,3.542732E+9
30.615000,-2.735498,-2.338842,-2.419357,-2.550151,3.542732E+9
30.620000,-2.825214,-2.453534,-2.534048,-2.788079,3.542732E+9
30.625000,-2.953708,-2.522218,-2.652683,-2.910658,3.542732E+9
30.630000,-3.035208,-2.594516,-2.780520,-2.925446,3.542732E+9
30.635000,-3.004317,-2.637238,-2.671415,-2.792022,3.542732E+9
30.640000,-3.009575,-2.636252,-2.548508,-2.571512,3.542732E+9
30.645000,-2.910658,-2.545550,-2.352645,-2.370062,3.542732E+9
30.650000,-2.862678,-2.520246,-2.176171,-2.210677,3.542732E+9
30.655000,-2.673387,-2.389451,-2.062465,-2.154153,3.542732E+9
30.660000,-2.559024,-2.354945,-1.989838,-1.961905,3.542732E+9
30.665000,-2.466351,-2.269830,-1.990495,-1.959604,3.542732E+9
30.670000,-2.513016,-2.200161,-1.967163,-2.016457,3.542732E+9
30.675000,-2.370391,-2.193260,-2.035518,-1.970449,3.542732E+9
30.680000,-2.347715,-2.131149,-1.950731,-1.965191,3.542732E+9
30.685000,-2.309266,-2.071667,-1.915897,-1.964205,3.542732E+9
30.690000,-2.216921,-1.999368,-1.909653,-2.016786,3.542732E+9
30.695000,-2.047677,-1.928385,-1.901766,-1.927399,3.542732E+9
30.700000,-1.968806,-1.777872,-1.917868,-2.007913,3.542732E+9
30.705000,-1.900780,-1.740080,-1.882048,-1.932657,3.542732E+9
30.710000,-1.797919,-1.725620,-1.829796,-1.978336,3.542732E+9
30.715000,-1.731207,-1.610929,-1.800219,-1.914582,3.542732E+9
30.720000,-1.667124,-1.568207,-1.825852,-1.810735,3.542732E+9
30.725000,-1.591868,-1.485064,-1.728249,-1.782473,3.542732E+9
30.730000,-1.509711,-1.472247,-1.671725,-1.765056,3.542732E+9
30.735000,-1.399949,-1.341125,-1.618816,-1.760784,3.542732E+9
30.740000,-1.504124,-1.308262,-1.601070,-1.663510,3.542732E+9
30.745000,-1.372344,-1.317792,-1.664167,-1.644449,3.542732E+9
30.750000,-1.444971,-1.354598,-1.637876,-1.659895,3.542732E+9
30.755000,-1.468961,-1.400278,-1.656937,-1.631304,3.542732E+9
30.760000,-1.476848,-1.392719,-1.699330,-1.702945,3.542732E+9
30.765000,-1.466989,-1.419667,-1.705574,-1.735479,3.542732E+9
30.770000,-1.477177,-1.431826,-1.702288,-1.843598,3.542732E+9
30.775000,-1.501495,-1.402907,-1.742709,-1.885663,3.542732E+9
30.780000,-1.486050,-1.415066,-1.805477,-1.904723,3.542732E+9
30.785000,-1.462717,-1.428540,-1.796604,-1.940544,3.542732E+9
30.790000,-1.520227,-1.405864,-1.799891,-1.939887,3.542732E+9
30.795000,-1.460417,-1.396663,-1.805806,-2.035518,3.542732E+9
30.800000,-1.435441,-1.396991,-1.727921,-1.898479,3.542732E+9
30.805000,-1.417366,-1.373987,-1.684542,-1.784445,3.542732E+9
30.810000,-1.440042,-1.352955,-1.633276,-1.739751,3.542732E+9
30.815000,-1.421967,-1.358542,-1.643463,-1.603042,3.542732E+9
30.820000,-1.397649,-1.354598,-1.608628,-1.594497,3.542732E+9
30.825000,-1.386804,-1.363143,-1.572479,-1.587268,3.542732E+9
30.830000,-1.393705,-1.373987,-1.588253,-1.665153,3.542732E+9
30.835000,-1.442999,-1.369058,-1.663838,-1.689143,3.542732E+9
30.840000,-1.440699,-1.400935,-1.750925,-1.740737,3.542732E+9
30.845000,-1.447272,-1.407836,-1.740409,-1.851485,3.542732E+9
30.850000,-1.507411,-1.493280,-1.771628,-1.983923,3.542732E+9
30.855000,-1.567550,-1.588253,-1.835383,-2.175514,3.542732E+9
30.860000,-1.868245,-1.875147,-1.903080,-2.278703,3.542732E+9
30.865000,-2.100586,-2.447290,-2.119975,-2.577099,3.542732E+9
30.870000,-2.681603,-2.867936,-2.298092,-2.976055,3.542732E+9
30.875000,-2.901456,-2.873194,-2.801881,-3.187692,3.542732E+9
30.880000,-2.675359,-2.790379,-3.047039,-3.437451,3.542732E+9
30.885000,-2.463064,-2.664186,-2.927418,-3.653361,3.542732E+9
30.890000,-2.334899,-2.555081,-2.766061,-3.839037,3.542732E+9
30.895000,-2.421000,-2.421000,-2.636252,-3.434822,3.542732E+9
30.900000,-2.342786,-2.417713,-2.587615,-2.969482,3.542732E+9
30.905000,-2.338842,-2.455834,-2.381564,-2.684561,3.542732E+9
30.910000,-2.248141,-2.403911,-2.237625,-2.462736,3.542732E+9
30.915000,-2.121290,-2.342129,-2.085141,-2.338185,3.542732E+9
30.920000,-2.213963,-2.491984,-1.964862,-2.238282,3.542732E+9
30.925000,-2.166969,-2.473580,-1.987866,-2.340486,3.542732E+9
30.930000,-2.247812,-2.475881,-1.990824,-2.313538,3.542732E+9
30.935000,-2.152838,-2.408840,-2.001012,-2.398653,3.542732E+9
30.940000,-2.308937,-2.399639,-2.068052,-2.617192,3.542732E+9
30.945000,-2.358232,-2.558695,-2.304994,-2.805496,3.542732E+9
30.950000,-2.590244,-2.719067,-2.535363,-3.021077,3.542732E+9
30.955000,-2.657284,-2.765403,-2.702964,-3.002017,3.542732E+9
30.960000,-2.617520,-2.723996,-2.682260,-3.052954,3.542732E+9
30.965000,-2.574141,-2.798595,-2.500199,-2.929718,3.542732E+9
30.970000,-2.494613,-2.707893,-2.259971,-2.911644,3.542732E+9
30.975000,-2.482453,-2.686532,-2.056221,-2.470294,3.542732E+9
30.980000,-2.413441,-2.642825,-1.935614,-2.328326,3.542732E+9
30.985000,-2.392738,-2.483111,-1.878433,-2.088098,3.542732E+9
30.990000,-2.183729,-2.382550,-2.122604,-2.048334,3.542732E+9
30.995000,-2.094671,-2.252413,-1.875804,-1.967820,3.542732E+9
31.000000,-2.078568,-2.242554,-1.894864,-1.903409,3.542732E+9
31.005000,-2.090727,-2.185044,-1.807120,-1.923455,3.542732E+9
31.010000,-2.044391,-2.119975,-1.819280,-1.989510,3.542732E+9
31.015000,-1.980308,-2.061808,-1.827824,-2.024673,3.542732E+9
31.020000,-1.882376,-1.954675,-1.838340,-1.960919,3.542732E+9
31.025000,-1.823552,-1.840312,-1.911953,-2.049649,3.542732E+9
31.030000,-1.875475,-1.777215,-1.881391,-2.155467,3.542732E+9
31.035000,-1.728249,-1.729893,-1.987209,-2.111431,3.542732E+9
31.040000,-1.691772,-1.675997,-1.808435,-2.108473,3.542732E+9
31.045000,-1.635576,-1.624403,-1.841298,-1.917211,3.542732E+9
31.050000,-1.604356,-1.535673,-1.771300,-1.863973,3.542732E+9
31.055000,-1.539616,-1.527129,-1.702616,-1.724963,3.542732E+9
31.060000,-1.390419,-1.384832,-1.607314,-1.721677,3.542732E+9
31.065000,-1.481778,-1.321735,-1.597455,-1.601399,3.542732E+9
31.070000,-1.370372,-1.341782,-1.699987,-1.568536,3.542732E+9
31.075000,-1.401264,-1.345725,-1.628018,-1.531729,3.542732E+9
31.080000,-1.430512,-1.362814,-1.682899,-1.583324,3.542732E+9
31.085000,-1.441685,-1.385489,-1.678626,-1.710503,3.542732E+9
31.090000,-1.451872,-1.417695,-1.681913,-1.761112,3.542732E+9
31.095000,-1.474876,-1.395020,-1.742381,-1.865945,3.542732E+9
31.100000,-1.541588,-1.398635,-1.739751,-1.964862,3.542732E+9
31.105000,-1.486050,-1.416381,-1.812050,-1.911624,3.542732E+9
31.110000,-1.543231,-1.422624,-1.783131,-1.991153,3.542732E+9
31.115000,-1.520227,-1.568536,-1.845899,-1.934629,3.542732E+9
31.120000,-1.499195,-1.423939,-1.798247,-2.013171,3.542732E+9
31.125000,-1.492622,-1.399292,-1.757169,-1.858715,3.542732E+9
31.130000,-1.438727,-1.405864,-1.698673,-1.820923,3.542732E+9
31.135000,-1.434455,-1.355256,-1.689471,-1.715104,3.542732E+9
31.140000,-1.392062,-1.317792,-1.668110,-1.643135,3.542732E+9
31.145000,-1.400935,-1.339153,-1.628018,-1.647735,3.542732E+9
31.150000,-1.379903,-1.368072,-1.565907,-1.655294,3.542732E+9
31.155000,-1.410465,-1.327979,-1.618816,-1.687171,3.542732E+9
31.160000,-1.457459,-1.355256,-1.631304,-1.687499,3.542732E+9
31.165000,-1.473233,-1.395348,-1.739423,-1.698673,3.542732E+9
31.170000,-1.508068,-1.377602,-1.720362,-1.765056,3.542732E+9
31.175000,-1.565249,-1.446286,-1.762756,-1.782145,3.542732E+9
31.180000,-1.593512,-1.467647,-1.842284,-1.984909,3.542732E+9
31.185000,-1.846556,-1.625717,-1.964534,-1.956647,3.542732E+9
31.190000,-2.191617,-1.906695,-2.205090,-2.137064,3.542732E+9
31.195000,-2.798595,-2.301379,-2.423300,-2.359546,3.542732E+9
31.200000,-2.942206,-2.710851,-2.813383,-2.725968,3.542732E+9
31.205000,-2.904742,-2.732540,-3.082860,-3.232386,3.542732E+9
31.210000,-2.973755,-2.595831,-3.153515,-3.568903,3.542732E+9
31.215000,-2.823899,-2.494941,-3.135112,-3.772982,3.542732E+9
31.220000,-2.917888,-2.497242,-3.003988,-3.572518,3.542732E+9
31.225000,-2.757845,-2.558038,-2.845589,-3.349378,3.542732E+9
31.230000,-2.719067,-2.385836,-2.556724,-2.998402,3.542732E+9
31.235000,-2.658270,-2.336871,-2.482782,-2.497899,3.542732E+9
31.240000,-2.565925,-2.269502,-2.337199,-2.264244,3.542732E+9
31.245000,-2.610619,-2.384522,-2.193588,-2.091385,3.542732E+9
31.250000,-2.644796,-2.377292,-2.194574,-2.096971,3.542732E+9
31.255000,-2.538978,-2.262929,-2.214949,-1.892893,3.542732E+9
31.260000,-2.537992,-2.197203,-2.208048,-1.974721,3.542732E+9
31.265000,-2.594516,-2.188330,-2.230066,-2.257342,3.542732E+9
31.270000,-2.575456,-2.249455,-2.411141,-2.507429,3.542732E+9
31.275000,-2.649397,-2.312881,-2.460435,-2.809768,3.542732E+9
31.280000,-2.787750,-2.411470,-2.693434,-2.916902,3.542732E+9
31.285000,-2.848875,-2.492641,-2.870236,-3.005303,3.542732E+9
31.290000,-2.890283,-2.644796,-2.709865,-2.861692,3.542732E+9
31.295000,-2.862020,-2.534048,-2.556395,-2.663857,3.542732E+9
31.300000,-2.761788,-2.511701,-2.326683,-2.375649,3.542732E+9
31.305000,-2.631980,-2.404240,-2.151524,-2.288234,3.542732E+9
31.310000,-2.560339,-2.306637,-2.012514,-2.087112,3.542732E+9
31.315000,-2.358560,-2.213963,-1.985237,-1.964205,3.542732E+9
31.320000,-2.423957,-2.176500,-1.969135,-1.934629,3.542732E+9
31.325000,-2.269830,-2.098943,-2.069695,-1.916883,3.542732E+9
31.330000,-2.287905,-2.114717,-1.917868,-1.980637,3.542732E+9
31.335000,-2.171899,-2.068709,-1.971435,-1.921812,3.542732E+9
31.340000,-2.173871,-1.977679,-1.879090,-1.953032,3.542732E+9
31.345000,-2.076596,-1.936600,-1.889278,-1.972750,3.542732E+9
31.350000,-1.994110,-1.852800,-1.920169,-2.043733,3.542732E+9
31.355000,-1.982608,-1.804491,-1.922469,-1.971435,3.542732E+9
31.360000,-1.901437,-1.633604,-1.893221,-2.062465,3.542732E+9
31.365000,-1.974393,-1.720691,-1.871532,-1.980308,3.542732E+9
31.370000,-1.778858,-1.671397,-1.885006,-1.958947,3.542732E+9
31.375000,-1.749282,-1.590883,-1.813036,-1.901766,3.542732E+9
31.380000,-1.659895,-1.520227,-1.801534,-1.768671,3.542732E+9
31.385000,-1.519899,-1.421967,-1.734165,-1.768342,3.542732E+9
31.390000,-1.435770,-1.409151,-1.589239,-1.735479,3.542732E+9
31.395000,-1.368072,-1.304647,-1.607643,-1.756840,3.542732E+9
31.400000,-1.410465,-1.327979,-1.615530,-1.632290,3.542732E+9
31.405000,-1.426239,-1.358870,-1.670739,-1.635576,3.542732E+9
31.410000,-1.503139,-1.382860,-1.663510,-1.674683,3.542732E+9
31.415000,-1.560320,-1.408165,-1.741395,-1.669425,3.542732E+9
31.420000,-1.483092,-1.397320,-1.743695,-1.762427,3.542732E+9
31.425000,-1.487364,-1.461731,-1.714776,-1.767685,3.542732E+9
31.430000,-1.494594,-1.384832,-1.734165,-1.926413,3.542732E+9
31.435000,-1.509054,-1.371358,-1.744352,-1.871860,3.542732E+9
31.440000,-1.466661,-1.436098,-1.983594,-1.939887,3.542732E+9
31.445000,-1.549475,-1.396663,-1.801205,-1.967491,3.542732E+9
31.450000,-1.513326,-1.404221,-1.838669,-1.936272,3.542732E+9
31.455000,-1.459760,-1.383518,-1.804820,-1.904395,3.542732E+9
31.460000,-1.454830,-1.411780,-1.729235,-1.818951,3.542732E+9
31.465000,-1.436427,-1.403564,-1.703931,-1.764399,3.542732E+9
31.470000,-1.477506,-1.358213,-1.629003,-1.710175,3.542732E+9
31.475000,-1.419995,-1.352955,-1.671397,-1.612243,3.542732E+9
31.480000,-1.388118,-1.347040,-1.570179,-1.627032,3.542732E+9
31.485000,-1.421639,-1.383189,-1.593840,-1.591211,3.542732E+9
31.490000,-1.415395,-1.365114,-1.622431,-1.780830,3.542732E+9
31.495000,-1.473891,-1.402249,-1.699659,-1.685199,3.542732E+9
31.500000,-1.419667,-1.400606,-1.820923,-1.783788,3.542732E+9
31.505000,-1.505110,-1.445957,-1.759141,-1.935286,3.542732E+9
31.510000,-1.521870,-1.556048,-1.803506,-2.012842,3.542732E+9
31.515000,-1.631961,-1.823223,-1.837683,-2.192274,3.542732E+9
31.520000,-1.954018,-2.450905,-1.890592,-2.485411,3.542732E+9
31.525000,-2.484097,-2.982956,-2.117346,-2.882067,3.542732E+9
31.530000,-2.793666,-2.897512,-2.560667,-3.219898,3.542732E+9
31.535000,-2.673387,-2.926103,-2.908686,-3.432850,3.542732E+9
31.540000,-2.438417,-2.747329,-2.836387,-3.674722,3.542732E+9
31.545000,-2.304665,-2.582357,-2.752915,-3.783827,3.542732E+9
31.550000,-2.402925,-2.539635,-2.654655,-3.653032,3.542732E+9
31.555000,-2.303679,-2.527804,-2.485740,-3.050654,3.542732E+9
31.560000,-2.306637,-2.573812,-2.294806,-2.765732,3.542732E+9
31.565000,-2.299736,-2.528133,-2.139693,-2.545879,3.542732E+9
31.570000,-2.155467,-2.447947,-2.041762,-2.361189,3.542732E+9
31.575000,-2.215278,-2.534706,-1.903409,-2.270159,3.542732E+9
31.580000,-2.179786,-2.578085,-1.934629,-2.201804,3.542732E+9
31.585000,-2.208377,-2.570855,-1.940215,-2.307951,3.542732E+9
31.590000,-2.200818,-2.632637,-1.892564,-2.416728,3.542732E+9
31.595000,-2.193588,-2.521232,-1.980965,-2.745357,3.542732E+9
31.600000,-2.365790,-2.740428,-2.151852,-2.824557,3.542732E+9
31.605000,-2.544564,-2.879109,-2.443675,-3.090747,3.542732E+9
31.610000,-2.703292,-2.897184,-2.618506,-3.088118,3.542732E+9
31.615000,-2.628036,-2.870236,-2.802867,-3.099291,3.542732E+9
31.620000,-2.605361,-2.876480,-2.487383,-3.019434,3.542732E+9
31.625000,-2.484097,-2.852162,-2.284619,-2.769018,3.542732E+9
31.630000,-2.501514,-2.789065,-1.996411,-2.535691,3.542732E+9
31.635000,-2.444332,-2.719395,-1.892235,-2.302365,3.542732E+9
31.640000,-2.265887,-2.602075,-1.834068,-2.125891,3.542732E+9
31.645000,-2.190631,-2.569540,-1.780173,-2.056879,3.542732E+9
31.650000,-2.102558,-2.386494,-1.825195,-2.076925,3.542732E+9
31.655000,-2.088098,-2.369734,-1.795618,-1.953360,3.542732E+9
31.660000,-2.071010,-2.278703,-1.838669,-1.963877,3.542732E+9
31.665000,-2.102558,-2.192274,-1.814679,-1.948760,3.542732E+9
31.670000,-1.984909,-2.108802,-1.813036,-1.927070,3.542732E+9
31.675000,-1.911296,-1.976036,-1.799562,-1.978336,3.542732E+9
31.680000,-1.832425,-1.914582,-1.890592,-1.979322,3.542732E+9
31.685000,-1.768342,-1.795290,-1.902752,-2.042090,3.542732E+9
31.690000,-1.751253,-1.768999,-1.860687,-2.113731,3.542732E+9
31.695000,-1.675669,-1.703931,-1.822237,-2.184715,3.542732E+9
31.700000,-1.699001,-1.664824,-1.787074,-2.011528,3.542732E+9
31.705000,-1.595155,-1.559006,-1.839655,-1.822237,3.542732E+9
31.710000,-1.578066,-1.472576,-1.699330,-1.764727,3.542732E+9
31.715000,-1.440370,-1.401264,-1.663510,-1.646092,3.542732E+9
31.720000,-1.371030,-1.303004,-1.588911,-1.756183,3.542732E+9
31.725000,-1.358870,-1.329294,-1.592197,-1.560320,3.542732E+9
31.730000,-1.392719,-1.346711,-1.618487,-1.583981,3.542732E+9
31.735000,-1.487364,-1.357885,-1.650036,-1.652665,3.542732E+9
31.740000,-1.443985,-1.392391,-1.716419,-1.662524,3.542732E+9
31.745000,-1.455159,-1.392719,-1.682241,-1.792661,3.542732E+9
31.750000,-1.496895,-1.439385,-1.710832,-1.825524,3.542732E+9
31.755000,-1.485064,-1.400606,-1.751582,-2.026645,3.542732E+9
31.760000,-1.491637,-1.415066,-1.759141,-1.917540,3.542732E+9
31.765000,-1.509054,-1.420981,-1.798247,-1.962891,3.542732E+9
31.770000,-1.529758,-1.426897,-1.812379,-1.987866,3.542732E+9
31.775000,-1.524828,-1.432812,-1.839983,-1.900122,3.542732E+9
31.780000,-1.499524,-1.404221,-1.793647,-1.854114,3.542732E+9
31.785000,-1.479149,-1.423282,-1.732522,-1.813364,3.542732E+9
31.790000,-1.414737,-1.422953,-1.663510,-1.747639,3.542732E+9
31.795000,-1.477834,-1.335209,-1.626703,-1.704917,3.542732E+9
31.800000,-1.386804,-1.328965,-1.662852,-1.601070,3.542732E+9
31.805000,-1.365772,-1.323050,-1.581681,-1.666139,3.542732E+9
31.810000,-1.417366,-1.382203,-1.607971,-1.656608,3.542732E+9
31.815000,-1.418681,-1.359199,-1.659237,-1.839326,3.542732E+9
31.820000,-1.495580,-1.422296,-1.735808,-1.751911,3.542732E+9
31.825000,-1.610929,-1.449243,-2.006270,-1.817637,3.542732E+9
31.830000,-1.805477,-1.515626,-1.982608,-1.894864,3.542732E+9
31.835000,-2.175514,-1.713461,-2.146266,-1.991481,3.542732E+9
31.840000,-2.781178,-2.087441,-2.400953,-2.214949,3.542732E+9
31.845000,-2.987886,-2.549494,-2.736484,-2.526161,3.542732E+9
31.850000,-2.910000,-2.517288,-2.997416,-2.989200,3.542732E+9
31.855000,-3.037180,-2.307623,-3.105864,-3.272150,3.542732E+9
31.860000,-2.831458,-2.140350,-3.152529,-3.342477,3.542732E+9
31.865000,-2.756202,-2.124576,-2.993472,-3.292525,3.542732E+9
31.870000,-2.798266,-2.413441,-2.743057,-3.047039,3.542732E+9
31.875000,-2.828172,-2.265229,-2.596488,-2.907371,3.542732E+9
31.880000,-2.826857,-2.223822,-2.504800,-2.350344,3.542732E+9
31.885000,-2.699020,-2.165326,-2.396681,-2.154481,3.542732E+9
31.890000,-2.818970,-2.140350,-2.291520,-2.043733,3.542732E+9
31.895000,-2.771976,-2.264572,-2.498556,-1.973735,3.542732E+9
31.900000,-2.770661,-2.161054,-2.271473,-1.966177,3.542732E+9
31.905000,-2.778877,-2.143308,-2.345744,-2.023687,3.542732E+9
31.910000,-2.799581,-2.187344,-2.415084,-2.179129,3.542732E+9
31.915000,-2.867936,-2.292834,-2.497570,-2.406211,3.542732E+9
31.920000,-2.973097,-2.306637,-2.636252,-2.792351,3.542732E+9
31.925000,-3.058541,-2.430530,-2.732540,-2.861035,3.542732E+9
31.930000,-3.126567,-2.471937,-2.782164,-2.968496,3.542732E+9
31.935000,-3.156144,-2.483111,-2.726954,-2.815026,3.542732E+9
31.940000,-3.056569,-2.487054,-2.702307,-2.533062,3.542732E+9
31.945000,-3.016148,-2.399968,-2.386822,-2.365790,3.542732E+9
31.950000,-2.909672,-2.351659,-2.222836,-2.184715,3.542732E+9
31.955000,-2.729254,-2.284290,-2.172556,-2.000026,3.542732E+9
31.960000,-2.609304,-2.235981,-2.048991,-1.861016,3.542732E+9
31.965000,-2.523204,-2.100915,-2.045377,-1.844584,3.542732E+9
31.970000,-2.447619,-2.078239,-1.995425,-1.839655,3.542732E+9
31.975000,-2.340157,-1.958618,-1.935286,-1.897165,3.542732E+9
31.980000,-2.236639,-1.958290,-1.929042,-1.847213,3.542732E+9
31.985000,-2.207391,-1.939887,-1.908667,-1.902094,3.542732E+9
31.990000,-2.149223,-1.845241,-1.902752,-1.938243,3.542732E+9
31.995000,-2.123262,-1.738766,-1.949088,-1.933971,3.542732E+9
32.000000,-1.921483,-1.698673,-1.888292,-1.943502,3.542732E+9
32.005000,-1.867588,-1.881719,-1.932985,-1.945473,3.542732E+9
32.010000,-1.854114,-1.635247,-1.912282,-2.108802,3.542732E+9
32.015000,-1.764727,-1.619802,-1.824866,-1.895850,3.542732E+9
32.020000,-1.661538,-1.558020,-1.785760,-1.828481,3.542732E+9
32.025000,-1.619473,-1.459760,-1.692758,-1.810735,3.542732E+9
32.030000,-1.449901,-1.382860,-1.677641,-1.722663,3.542732E+9
32.035000,-1.394691,-1.308262,-1.606328,-1.649050,3.542732E+9
32.040000,-1.369715,-1.303989,-1.596469,-1.605671,3.542732E+9
32.045000,-1.361171,-1.317135,-1.610929,-1.790032,3.542732E+9
32.050000,-1.424596,-1.354598,-1.658580,-1.637548,3.542732E+9
32.055000,-1.451215,-1.381217,-1.702616,-1.699330,3.542732E+9
32.060000,-1.516612,-1.401264,-1.717733,-1.740409,3.542732E+9
32.065000,-1.639848,-1.423610,-1.754868,-1.759469,3.542732E+9
32.070000,-1.524499,-1.404550,-1.739094,-1.825852,3.542732E+9
32.075000,-1.492622,-1.468633,-1.738108,-1.865945,3.542732E+9
32.080000,-1.509383,-1.429854,-1.778530,-1.935943,3.542732E+9
32.085000,-1.395677,-1.369387,-1.802848,-1.915239,3.542732E+9
32.090000,-1.516284,-1.420324,-1.859701,-1.933314,3.542732E+9
32.095000,-1.494266,-1.399620,-1.775901,-1.934629,3.542732E+9
32.100000,-1.486379,-1.384504,-1.773272,-1.828153,3.542732E+9
32.105000,-1.427883,-1.367743,-1.760784,-1.796276,3.542732E+9
32.110000,-1.419338,-1.365443,-1.669096,-1.705903,3.542732E+9
32.115000,-1.388447,-1.356241,-1.614544,-1.693743,3.542732E+9
32.120000,-1.406522,-1.350983,-1.593512,-1.647078,3.542732E+9
32.125000,-1.252395,-1.306947,-1.621445,-1.595155,3.542732E+9
32.130000,-1.437741,-1.364129,-1.611258,-1.631304,3.542732E+9
32.135000,-1.445300,-1.433141,-1.656608,-1.679284,3.542732E+9
32.140000,-1.468961,-1.415723,-1.709846,-1.781816,3.542732E+9
32.145000,-1.535673,-1.440699,-1.736137,-1.767356,3.542732E+9
32.150000,-1.514312,-1.549475,-1.829139,-1.989181,3.542732E+9
32.155000,-1.588253,-1.732193,-1.805149,-2.169270,3.542732E+9
32.160000,-1.771628,-2.257671,-1.878104,-2.450248,3.542732E+9
32.165000,-2.303022,-2.873194,-2.017443,-3.122624,3.542732E+9
32.170000,-2.737470,-2.946478,-2.525175,-3.203467,3.542732E+9
32.175000,-2.728268,-2.959952,-2.938591,-3.567917,3.542732E+9
32.180000,-2.562968,-2.885353,-2.976055,-3.789742,3.542732E+9
32.185000,-2.238611,-2.703950,-2.840988,-3.959644,3.542732E+9
32.190000,-2.375649,-2.578413,-2.744371,-3.752279,3.542732E+9
32.195000,-2.294478,-2.561325,-2.519260,-3.227785,3.542732E+9
32.200000,-2.275417,-2.458464,-2.363161,-2.805496,3.542732E+9
32.205000,-2.219550,-2.561653,-2.149552,-2.460107,3.542732E+9
32.210000,-2.055564,-2.403582,-1.978993,-2.320111,3.542732E+9
32.215000,-2.165983,-2.437431,-1.829139,-2.262929,3.542732E+9
32.220000,-2.014814,-2.478510,-1.848856,-2.150867,3.542732E+9
32.225000,-2.074953,-2.479167,-1.864302,-2.265887,3.542732E+9
32.230000,-2.097957,-2.464707,-1.873832,-2.324054,3.542732E+9
32.235000,-2.057207,-2.416070,-1.922798,-2.530433,3.542732E+9
32.240000,-2.228752,-2.588929,-2.092371,-2.763103,3.542732E+9
32.245000,-2.366776,-2.722682,-2.335228,-3.139055,3.542732E+9
32.250000,-2.517945,-2.835401,-2.573484,-3.071358,3.542732E+9
32.255000,-2.560996,-2.876152,-2.642825,-3.165017,3.542732E+9
32.260000,-2.582357,-2.847889,-2.566583,-3.048353,3.542732E+9
32.265000,-2.464050,-2.816012,-2.672401,-2.891926,3.542732E+9
32.270000,-2.437431,-2.779206,-2.091713,-2.630994,3.542732E+9
32.275000,-2.405226,-2.734841,-1.934629,-2.397338,3.542732E+9
32.280000,-2.253070,-2.618177,-1.893879,-2.216592,3.542732E+9
32.285000,-2.182086,-2.598131,-1.813364,-2.116032,3.542732E+9
32.290000,-2.078239,-2.393066,-1.867260,-2.123919,3.542732E+9
32.295000,-2.047348,-2.405883,-1.846556,-2.018429,3.542732E+9
32.300000,-2.050306,-2.253727,-1.839655,-2.013828,3.542732E+9
32.305000,-2.082183,-2.251427,-1.789374,-1.825195,3.542732E+9
32.310000,-2.007256,-2.181429,-1.750596,-1.952703,3.542732E+9
32.315000,-1.997068,-2.062137,-1.799562,-2.005612,3.542732E+9
32.320000,-1.887963,-1.990495,-1.874818,-1.957304,3.542732E+9
32.325000,-1.815665,-1.880405,-1.909653,-2.039133,3.542732E+9
32.330000,-1.810407,-1.856086,-1.875804,-2.105844,3.542732E+9
32.335000,-1.720034,-1.772943,-1.850499,-2.300064,3.542732E+9
32.340000,-1.651022,-1.701959,-1.842612,-2.009227,3.542732E+9
32.345000,-1.647735,-1.635247,-1.785431,-1.967820,3.542732E+9
32.350000,-1.568207,-1.552762,-1.733179,-1.844256,3.542732E+9
32.355000,-1.332580,-1.412108,-1.699330,-1.740409,3.542732E+9
32.360000,-1.423939,-1.330608,-1.658580,-1.650364,3.542732E+9
32.365000,-1.369715,-1.341453,-1.601070,-1.590225,3.542732E+9
32.370000,-1.380231,-1.343425,-1.621116,-1.594497,3.542732E+9
32.375000,-1.405207,-1.365443,-1.592854,-1.579709,3.542732E+9
32.380000,-1.454830,-1.405207,-1.662524,-1.620788,3.542732E+9
32.385000,-1.495251,-1.395348,-1.625717,-1.676655,3.542732E+9
32.390000,-1.494594,-1.398306,-1.693743,-1.716747,3.542732E+9
32.395000,-1.454501,-1.381546,-1.716747,-1.818294,3.542732E+9
32.400000,-1.468633,-1.400606,-1.736137,-1.898479,3.542732E+9
32.405000,-1.495909,-1.566893,-1.816322,-2.043733,3.542732E+9
32.410000,-1.526471,-1.430840,-1.849842,-2.020729,3.542732E+9
32.415000,-1.488350,-1.418024,-1.896179,-2.011199,3.542732E+9
32.420000,-1.523185,-1.412108,-1.819937,-1.964862,3.542732E+9
32.425000,-1.484735,-1.439056,-1.751911,-1.906695,3.542732E+9
32.430000,-1.450887,-1.373002,-1.718062,-1.780501,3.542732E+9
32.435000,-1.460745,-1.358870,-1.640177,-1.664824,3.542732E+9
32.440000,-1.394362,-1.372344,-1.567221,-1.608300,3.542732E+9
32.445000,-1.405207,-1.327322,-1.525485,-1.602385,3.542732E+9
32.450000,-1.395677,-1.330280,-1.558020,-1.582338,3.542732E+9
32.455000,-1.392719,-1.332909,-1.610929,-1.611258,3.542732E+9
32.460000,-1.474548,-1.385161,-1.686185,-1.666796,3.542732E+9
32.465000,-1.517270,-1.433469,-1.746981,-1.784774,3.542732E+9
32.470000,-1.635247,-1.486050,-1.832096,-1.871532,3.542732E+9
32.475000,-1.870874,-1.693086,-2.013171,-1.988195,3.542732E+9
32.480000,-2.384851,-2.003969,-2.209034,-2.183072,3.542732E+9
32.485000,-2.804510,-2.513345,-2.468322,-2.488697,3.542732E+9
32.490000,-2.840002,-2.645125,-2.771976,-2.866293,3.542732E+9
32.495000,-2.914601,-2.494941,-2.921174,-3.211025,3.542732E+9
32.500000,-2.734841,-2.324054,-2.973097,-3.360223,3.542732E+9
32.505000,-2.517945,-2.147580,-2.840660,-3.367453,3.542732E+9
32.510000,-2.534706,-2.265229,-2.649397,-3.176190,3.542732E+9
32.515000,-2.525175,-2.257671,-2.488369,-2.834744,3.542732E+9
32.520000,-2.491326,-2.178800,-2.352316,-2.377949,3.542732E+9
32.525000,-2.457149,-1.978336,-2.211006,-2.153824,3.542732E+9
32.530000,-2.434802,-2.097629,-2.181429,-1.983266,3.542732E+9
32.535000,-2.459778,-2.215278,-2.314195,-1.925098,3.542732E+9
32.540000,-2.512359,-2.215278,-2.135421,-1.937915,3.542732E+9
32.545000,-2.551466,-2.155467,-2.169270,-1.989181,3.542732E+9
32.550000,-2.560010,-2.193260,-2.216921,-2.133449,3.542732E+9
32.555000,-2.632308,-2.315181,-2.292834,-2.359217,3.542732E+9
32.560000,-2.729254,-2.353631,-2.465036,-2.630665,3.542732E+9
32.565000,-2.898170,-2.481468,-2.594845,-2.841317,3.542732E+9
32.570000,-2.942863,-2.550480,-2.721038,-2.962252,3.542732E+9
32.575000,-3.099291,-2.590244,-2.729254,-2.982628,3.542732E+9
32.580000,-2.978355,-2.618506,-2.653341,-2.750615,3.542732E+9
32.585000,-2.964553,-2.556724,-2.468980,-2.588601,3.542732E+9
32.590000,-2.833101,-2.501185,-2.249127,-2.347387,3.542732E+9
32.595000,-2.726954,-2.428558,-2.133121,-2.178143,3.542732E+9
32.600000,-2.591558,-2.364804,-2.004298,-1.996411,3.542732E+9
32.605000,-2.555409,-2.319453,-1.944816,-2.053921,3.542732E+9
32.610000,-2.448276,-2.280675,-1.931671,-1.895850,3.542732E+9
32.615000,-2.390766,-2.222179,-1.926741,-1.887963,3.542732E+9
32.620000,-2.385508,-2.183729,-1.947116,-1.867917,3.542732E+9
32.625000,-2.314524,-2.134435,-1.933971,-1.899794,3.542732E+9
32.630000,-2.236310,-2.043076,-1.888292,-1.955004,3.542732E+9
32.635000,-2.157768,-1.957304,-1.918197,-2.014157,3.542732E+9
32.640000,-2.037818,-1.874489,-1.960590,-2.008241,3.542732E+9
32.645000,-2.002326,-1.838997,-1.951389,-2.051949,3.542732E+9
32.650000,-1.952703,-1.755854,-1.950731,-2.091713,3.542732E+9
32.655000,-1.958947,-1.728907,-1.860030,-2.248798,3.542732E+9
32.660000,-1.784445,-1.657923,-1.806792,-1.919183,3.542732E+9
32.665000,-1.706231,-1.578723,-1.739751,-1.843927,3.542732E+9
32.670000,-1.584639,-1.479477,-1.682899,-1.716419,3.542732E+9
32.675000,-1.457131,-1.387461,-1.650364,-1.664495,3.542732E+9
32.680000,-1.403564,-1.324036,-1.578066,-1.602056,3.542732E+9
32.685000,-1.345397,-1.351641,-1.595155,-1.586610,3.542732E+9
32.690000,-1.379903,-1.316477,-1.604356,-1.548161,3.542732E+9
32.695000,-1.429526,-1.354598,-1.709189,-1.608957,3.542732E+9
32.700000,-1.408822,-1.391733,-1.663838,-1.687499,3.542732E+9
32.705000,-1.472905,-1.415066,-1.672054,-1.728578,3.542732E+9
32.710000,-1.464032,-1.410465,-1.722334,-1.823223,3.542732E+9
32.715000,-1.462717,-1.416381,-1.728249,-1.881391,3.542732E+9
32.720000,-1.479477,-1.402907,-1.765713,-1.947445,3.542732E+9
32.725000,-1.521870,-1.414080,-1.791346,-1.987866,3.542732E+9
32.730000,-1.494266,-1.426568,-1.800548,-1.977679,3.542732E+9
32.735000,-1.511683,-1.414737,-1.839983,-1.942844,3.542732E+9
32.740000,-1.473891,-1.408165,-1.794961,-1.876461,3.542732E+9
32.745000,-1.430512,-1.406193,-1.715433,-1.852800,3.542732E+9
32.750000,-1.376616,-1.353284,-1.654308,-1.729235,3.542732E+9
32.755000,-1.372016,-1.344411,-1.670082,-1.656608,3.542732E+9
32.760000,-1.340796,-1.319106,-1.588253,-1.587268,3.542732E+9
32.765000,-1.390419,-1.372016,-1.558677,-1.583653,3.542732E+9
32.770000,-1.365443,-1.354927,-1.584310,-1.621116,3.542732E+9
32.775000,-1.535344,-1.385489,-1.624403,-1.658580,3.542732E+9
32.780000,-1.463046,-1.413752,-1.690457,-1.723649,3.542732E+9
32.785000,-1.517598,-1.467318,-1.734493,-1.857401,3.542732E+9
32.790000,-1.536330,-1.577080,-1.784116,-1.970778,3.542732E+9
32.795000,-1.710175,-1.816322,-1.892564,-2.363490,3.542732E+9
32.800000,-2.084812,-2.375978,-2.014485,-2.515974,3.542732E+9
32.805000,-2.601089,-2.724325,-2.352645,-2.929718,3.542732E+9
32.810000,-2.735169,-2.704278,-2.782821,-3.179805,3.542732E+9
32.815000,-2.609962,-2.725311,-3.046053,-3.483459,3.542732E+9
32.820000,-2.358889,-2.486068,-2.908686,-3.648760,3.542732E+9
32.825000,-2.281004,-2.449919,-2.794651,-3.649417,3.542732E+9
32.830000,-2.375978,-2.444661,-2.591887,-3.307971,3.542732E+9
32.835000,-2.486726,-2.488040,-2.404897,-2.939577,3.542732E+9
32.840000,-2.308280,-2.513345,-2.226780,-2.585314,3.542732E+9
32.845000,-2.207719,-2.408183,-2.095328,-2.447290,3.542732E+9
32.850000,-2.097957,-2.356588,-1.979651,-2.271473,3.542732E+9
32.855000,-2.153824,-2.421986,-1.949745,-2.260300,3.542732E+9
32.860000,-2.109788,-2.443347,-1.936272,-2.305980,3.542732E+9
32.865000,-2.189316,-2.473580,-1.991481,-2.469308,3.542732E+9
32.870000,-2.110445,-2.406211,-2.041433,-2.485411,3.542732E+9
32.875000,-2.204433,-2.466351,-2.137064,-2.764746,3.542732E+9
32.880000,-2.314524,-2.595831,-2.306637,-2.907700,3.542732E+9
32.885000,-2.474238,-2.714466,-2.539964,-3.059855,3.542732E+9
32.890000,-2.536677,-2.761788,-2.566254,-3.080559,3.542732E+9
32.895000,-2.564282,-2.746672,-2.538649,-2.991501,3.542732E+9
32.900000,-2.460107,-2.743385,-2.393395,-2.788407,3.542732E+9
32.905000,-2.455177,-2.905400,-2.152510,-2.610948,3.542732E+9
32.910000,-2.400625,-2.668458,-1.979322,-2.408183,3.542732E+9
32.915000,-2.363490,-2.642496,-1.882376,-2.253727,3.542732E+9
32.920000,-2.206076,-2.491326,-1.881062,-2.118989,3.542732E+9
32.925000,-2.214949,-2.392080,-1.883034,-2.143637,3.542732E+9
32.930000,-2.063780,-2.328326,-1.887963,-2.056879,3.542732E+9
32.935000,-2.116689,-2.283633,-1.872846,-2.120633,3.542732E+9
32.940000,-2.025987,-2.238611,-1.856415,-2.059179,3.542732E+9
32.945000,-2.075610,-2.170913,-1.862001,-2.043076,3.542732E+9
32.950000,-1.965520,-2.090070,-1.832425,-2.020401,3.542732E+9
32.955000,-1.911624,-1.986223,-1.870217,-2.130492,3.542732E+9
32.960000,-1.834397,-1.913268,-1.871860,-2.006598,3.542732E+9
32.965000,-1.816322,-1.885334,-1.881062,-2.075939,3.542732E+9
32.970000,-1.760126,-1.790032,-1.845570,-2.045048,3.542732E+9
32.975000,-1.687499,-1.726606,-1.874818,-1.954346,3.542732E+9
32.980000,-1.624074,-1.635905,-1.774258,-1.874161,3.542732E+9
32.985000,-1.615530,-1.768671,-1.742381,-1.814022,3.542732E+9
32.990000,-1.437084,-1.461731,-1.662195,-1.743038,3.542732E+9
32.995000,-1.431497,-1.380889,-1.631961,-1.687171,3.542732E+9
33.000000,-1.324364,-1.291173,-1.608957,-1.647407,3.542732E+9
33.005000,-1.390090,-1.315820,-1.612901,-1.666796,3.542732E+9
33.010000,-1.379245,-1.341782,-1.615201,-1.638205,3.542732E+9
33.015000,-1.450558,-1.384504,-1.538959,-1.646749,3.542732E+9
33.020000,-1.436427,-1.399949,-1.657923,-1.673040,3.542732E+9
33.025000,-1.469947,-1.398306,-1.705903,-1.821251,3.542732E+9
33.030000,-1.447929,-1.397320,-1.674354,-1.792003,3.542732E+9
33.035000,-1.473891,-1.408493,-1.763413,-1.827495,3.542732E+9
33.040000,-1.470276,-1.392391,-1.753225,-1.877118,3.542732E+9
33.045000,-1.539945,-1.396006,-1.838669,-1.920169,3.542732E+9
33.050000,-1.481778,-1.409151,-1.812050,-1.964862,3.542732E+9
33.055000,-1.513983,-1.423282,-1.806792,-1.963877,3.542732E+9
33.060000,-1.444971,-1.386475,-1.764727,-1.926413,3.542732E+9
33.065000,-1.504782,-1.379903,-1.724635,-1.869889,3.542732E+9
33.070000,-1.420981,-1.346711,-1.668439,-1.723649,3.542732E+9
33.075000,-1.431497,-1.347040,-1.608628,-1.663181,3.542732E+9
33.080000,-1.364457,-1.336524,-1.561635,-1.609943,3.542732E+9
33.085000,-1.415723,-1.338167,-1.581681,-1.663838,3.542732E+9
33.090000,-1.401921,-1.353941,-1.593840,-1.597455,3.542732E+9
33.095000,-1.421967,-1.382532,-1.559991,-1.651022,3.542732E+9
33.100000,-1.437084,-1.378917,-1.682570,-1.711161,3.542732E+9
33.105000,-1.508397,-1.384832,-1.756512,-1.771300,3.542732E+9
33.110000,-1.500181,-1.403564,-1.777215,-1.844584,3.542732E+9
33.115000,-1.631304,-1.466004,-1.858058,-1.921483,3.542732E+9
33.120000,-1.847870,-1.638862,-1.995096,-2.021387,3.542732E+9
33.125000,-2.393395,-1.949745,-2.194903,-2.198189,3.542732E+9
33.130000,-2.851504,-2.400296,-2.532734,-2.400296,3.542732E+9
33.135000,-2.907371,-2.702635,-3.054926,-2.837373,3.542732E+9
33.140000,-2.947464,-2.641510,-3.067414,-3.232386,3.542732E+9
33.145000,-2.990843,-2.542264,-3.114737,-3.627071,3.542732E+9
33.150000,-2.763103,-2.421328,-3.031265,-3.636929,3.542732E+9
33.155000,-2.780849,-2.518603,-3.250461,-3.507449,3.542732E+9
33.160000,-2.680617,-2.413441,-2.701321,-3.182106,3.542732E+9
33.165000,-2.680288,-2.294806,-2.562639,-2.826528,3.542732E+9
33.170000,-2.582357,-2.258000,-2.390437,-2.443018,3.542732E+9
33.175000,-2.552780,-2.248469,-2.274102,-2.209691,3.542732E+9
33.180000,-2.560667,-2.261615,-2.222508,-2.053592,3.542732E+9
33.185000,-2.592873,-2.287248,-2.226780,-1.922798,3.542732E+9
33.190000,-2.491655,-2.159411,-2.199832,-1.878762,3.542732E+9
33.195000,-2.643482,-2.151852,-2.166641,-2.047020,3.542732E+9
33.200000,-2.498228,-2.155796,-2.187673,-2.196875,3.542732E+9
33.205000,-2.626065,-2.202461,-2.289219,-2.496585,3.542732E+9
33.210000,-2.641839,-2.278046,-2.464707,-2.707893,3.542732E+9
33.215000,-2.826528,-2.363161,-2.669115,-2.887982,3.542732E+9
33.220000,-2.798595,-2.434802,-2.677002,-2.879438,3.542732E+9
33.225000,-2.821599,-2.469637,-2.658270,-3.268864,3.542732E+9
33.230000,-2.779206,-2.430859,-2.510716,-2.577099,3.542732E+9
33.235000,-2.732869,-2.395367,-2.329641,-2.455506,3.542732E+9
33.240000,-2.606018,-2.325697,-2.118332,-2.208377,3.542732E+9
33.245000,-2.516631,-2.264901,-2.032560,-2.079883,3.542732E+9
33.250000,-2.314853,-2.184058,-1.971106,-1.951060,3.542732E+9
33.255000,-2.588272,-2.101901,-1.991481,-1.883034,3.542732E+9
33.260000,-2.266544,-2.118004,-1.881719,-1.871532,3.542732E+9
33.265000,-2.242883,-2.095328,-1.863973,-1.862330,3.542732E+9
33.270000,-2.156453,-1.999368,-1.832096,-1.860030,3.542732E+9
33.275000,-2.221850,-1.986881,-1.874489,-1.870217,3.542732E+9
33.280000,-2.018758,-1.864631,-1.900780,-1.892235,3.542732E+9
33.285000,-2.001012,-1.767685,-1.914582,-1.973735,3.542732E+9
33.290000,-1.903080,-1.762098,-1.913596,-2.031245,3.542732E+9
33.295000,-1.921812,-1.709846,-1.913596,-2.095657,3.542732E+9
33.300000,-1.789374,-1.667124,-1.886977,-2.016786,3.542732E+9
33.305000,-1.762427,-1.638205,-1.851814,-1.982280,3.542732E+9
33.310000,-1.655622,-1.573137,-1.748296,-1.889935,3.542732E+9
33.315000,-1.578395,-1.492294,-1.704917,-1.979979,3.542732E+9
33.320000,-1.441685,-1.400935,-1.632618,-1.731864,3.542732E+9
33.325000,-1.384832,-1.353612,-1.642806,-1.642477,3.542732E+9
33.330000,-1.346383,-1.291502,-1.607971,-1.594497,3.542732E+9
33.335000,-1.388447,-1.319106,-1.657266,-1.589897,3.542732E+9
33.340000,-1.362157,-1.358870,-1.608300,-1.582995,3.542732E+9
33.345000,-1.452201,-1.432812,-1.668768,-1.591211,3.542732E+9
33.350000,-1.409808,-1.359199,-1.674683,-1.686514,3.542732E+9
33.355000,-1.675669,-1.379245,-1.667124,-1.769985,3.542732E+9
33.360000,-1.433798,-1.372344,-1.679941,-1.850828,3.542732E+9
33.365000,-1.495251,-1.399292,-1.720034,-1.942187,3.542732E+9
33.370000,-1.470604,-1.410794,-1.769985,-1.927727,3.542732E+9
33.375000,-1.539288,-1.421967,-1.864631,-1.964534,3.542732E+9
33.380000,-1.505439,-1.421310,-1.811721,-1.956318,3.542732E+9
33.385000,-1.490322,-1.438070,-1.777215,-1.954018,3.542732E+9
33.390000,-1.448586,-1.381546,-1.736137,-1.848199,3.542732E+9
33.395000,-1.449572,-1.387790,-1.776887,-1.743038,3.542732E+9
33.400000,-1.390747,-1.330280,-1.656937,-1.677641,3.542732E+9
33.405000,-1.406850,-1.399620,-1.605342,-1.639520,3.542732E+9
33.410000,-1.332580,-1.327979,-1.577737,-1.650693,3.542732E+9
33.415000,-1.430512,-1.316477,-1.601070,-1.624731,3.542732E+9
33.420000,-1.391076,-1.340139,-1.604028,-1.629661,3.542732E+9
33.425000,-1.454501,-1.376945,-1.658909,-1.731207,3.542732E+9
33.430000,-1.409479,-1.400278,-1.657594,-1.766042,3.542732E+9
33.435000,-1.481449,-1.433141,-1.768342,-1.802848,3.542732E+9
33.440000,-1.502153,-1.540931,-1.770643,-1.925756,3.542732E+9
33.445000,-1.648393,-1.847542,-1.807120,-2.141994,3.542732E+9
33.450000,-1.915239,-2.335228,-1.872846,-2.432830,3.542732E+9
33.455000,-2.303022,-2.819627,-2.165655,-2.810426,3.542732E+9
33.460000,-2.737470,-2.855777,-2.620806,-3.152200,3.542732E+9
33.465000,-2.723010,-3.018777,-2.975069,-3.524209,3.542732E+9
33.470000,-2.488697,-2.799909,-2.960938,-3.808146,3.542732E+9
33.475000,-2.425601,-2.602732,-2.844932,-3.960959,3.542732E+9
33.480000,-2.409498,-2.593859,-2.709208,-3.652704,3.542732E+9
33.485000,-2.400296,-2.540292,-2.543579,-3.215955,3.542732E+9
33.490000,-2.318796,-2.564939,-2.357246,-2.749301,3.542732E+9
33.495000,-2.312881,-2.557710,-2.259314,-2.473580,3.542732E+9
33.500000,-2.153824,-2.466679,-1.997397,-2.308937,3.542732E+9
33.505000,-2.204104,-2.579399,-1.915239,-2.300393,3.542732E+9
33.510000,-2.126877,-2.542593,-1.909324,-2.184715,3.542732E+9
33.515000,-2.170584,-2.570526,-1.900780,-2.354945,3.542732E+9
33.520000,-2.076596,-2.488040,-1.891907,-2.386165,3.542732E+9
33.525000,-2.100258,-2.451891,-2.005612,-2.554423,3.542732E+9
33.530000,-2.198846,-2.552452,-2.144623,-2.810426,3.542732E+9
33.535000,-2.484754,-2.726625,-2.428558,-3.050982,3.542732E+9
33.540000,-2.488369,-2.803853,-2.564611,-3.076616,3.542732E+9
33.545000,-2.558367,-3.068071,-2.598131,-3.075630,3.542732E+9
33.550000,-2.494941,-2.793008,-2.475881,-2.978027,3.542732E+9
33.555000,-2.514331,-2.831787,-2.287905,-2.779863,3.542732E+9
33.560000,-2.363818,-2.703950,-2.034203,-2.482782,3.542732E+9
33.565000,-2.378607,-2.609962,-1.862987,-2.086784,3.542732E+9
33.570000,-2.195231,-2.520246,-1.766042,-2.101901,3.542732E+9
33.575000,-2.169598,-2.407197,-1.783131,-2.076925,3.542732E+9
33.580000,-1.957304,-2.265229,-1.807778,-1.936929,3.542732E+9
33.585000,-2.041433,-2.223165,-1.836040,-1.928385,3.542732E+9
33.590000,-1.936929,-2.163354,-1.797590,-1.982608,3.542732E+9
33.595000,-1.971435,-2.112417,-1.803506,-2.004298,3.542732E+9
33.600000,-1.857729,-2.011199,-1.778858,-1.949088,3.542732E+9
33.605000,-1.811064,-2.086455,-1.828481,-2.019743,3.542732E+9
33.610000,-1.759798,-1.815665,-1.842612,-1.980965,3.542732E+9
33.615000,-1.741723,-1.784774,-1.682899,-1.990824,3.542732E+9
33.620000,-1.675012,-1.704588,-1.818622,-2.039133,3.542732E+9
33.625000,-1.708203,-1.674354,-1.840969,-1.999697,3.542732E+9
33.630000,-1.580366,-1.624074,-1.779516,-1.933643,3.542732E+9
33.635000,-1.600084,-1.594169,-1.756183,-1.823881,3.542732E+9
33.640000,-1.459760,-1.439713,-1.678298,-1.760784,3.542732E+9
33.645000,-1.659566,-1.392391,-1.631961,-1.712804,3.542732E+9
33.650000,-1.319435,-1.288215,-1.600413,-1.645764,3.542732E+9
33.655000,-1.393377,-1.275399,-1.639520,-1.653979,3.542732E+9
33.660000,-1.337838,-1.321407,-1.615858,-1.615201,3.542732E+9
33.665000,-1.402249,-1.354270,-1.667124,-1.664824,3.542732E+9
33.670000,-1.404879,-1.365772,-1.643792,-1.695058,3.542732E+9
33.675000,-1.465346,-1.586939,-1.713133,-1.770314,3.542732E+9
33.680000,-1.454830,-1.388776,-1.679284,-1.770314,3.542732E+9
33.685000,-1.501167,-1.429197,-1.762427,-1.810407,3.542732E+9
33.690000,-1.466661,-1.415723,-1.727921,-1.854443,3.542732E+9
33.695000,-1.550133,-1.342110,-1.784774,-1.890921,3.542732E+9
33.700000,-1.482435,-1.410794,-1.804820,-1.929370,3.542732E+9
33.705000,-1.500181,-1.434455,-1.792661,-1.922469,3.542732E+9
33.710000,-1.467318,-1.396334,-1.762756,-1.911296,3.542732E+9
33.715000,-1.530415,-1.377931,-1.755197,-1.893550,3.542732E+9
33.720000,-1.390419,-1.360842,-1.677312,-1.752897,3.542732E+9
33.725000,-1.435770,-1.340467,-1.695715,-1.687828,3.542732E+9
33.730000,-1.357556,-1.316806,-1.583653,-1.644778,3.542732E+9
33.735000,-1.389104,-1.526143,-1.599098,-1.672054,3.542732E+9
33.740000,-1.383846,-1.346054,-1.570179,-1.610600,3.542732E+9
33.745000,-1.438727,-1.386475,-1.697687,-1.613887,3.542732E+9
33.750000,-1.455159,-1.407179,-1.684542,-1.678955,3.542732E+9
33.755000,-1.564264,-1.450229,-1.752239,-1.757497,3.542732E+9
33.760000,-1.597455,-1.475534,-1.820923,-1.847213,3.542732E+9
33.765000,-1.865288,-1.589897,-1.957304,-1.954675,3.542732E+9
33.770000,-2.275417,-1.924770,-2.147909,-2.143965,3.542732E+9
33.775000,-2.823899,-2.427572,-2.478510,-2.492312,3.542732E+9
33.780000,-2.819299,-2.663857,-2.784464,-2.835401,3.542732E+9
33.785000,-2.911315,-2.584986,-3.030607,-3.201495,3.542732E+9
33.790000,-2.821928,-2.447619,-3.003660,-3.459469,3.542732E+9
33.795000,-2.693434,-2.412127,-2.961924,-3.549514,3.542732E+9
33.800000,-2.671744,-2.414427,-2.769676,-3.290882,3.542732E+9
33.805000,-2.690805,-2.420671,-2.633294,-2.971125,3.542732E+9
33.810000,-2.626722,-2.308609,-2.422972,-2.597802,3.542732E+9
33.815000,-2.654327,-2.282975,-2.368090,-2.236967,3.542732E+9
33.820000,-2.453863,-2.159082,-2.236310,-2.091713,3.542732E+9
33.825000,-2.613577,-2.313538,-2.218236,-2.011528,3.542732E+9
33.830000,-2.528790,-2.292506,-2.207719,-1.984909,3.542732E+9
33.835000,-2.559024,-2.192274,-2.185701,-2.018758,3.542732E+9
33.840000,-2.528790,-2.207719,-2.196217,-2.109459,3.542732E+9
33.845000,-2.690476,-2.229738,-2.240582,-2.360532,3.542732E+9
33.850000,-2.626722,-2.297435,-2.315838,-2.564611,3.542732E+9
33.855000,-2.835730,-2.413441,-2.514002,-2.777563,3.542732E+9
33.860000,-2.854791,-2.482782,-2.647425,-2.796952,3.542732E+9
33.865000,-2.915587,-2.534377,-2.697377,-2.811740,3.542732E+9
33.870000,-2.892583,-2.566254,-2.607990,-2.702307,3.542732E+9
33.875000,-2.872865,-2.510058,-2.488040,-2.636581,3.542732E+9
33.880000,-2.732212,-2.422643,-2.239268,-2.346072,3.542732E+9
33.885000,-2.667472,-2.413770,-2.099600,-2.195231,3.542732E+9
33.890000,-2.449262,-2.285933,-1.994439,-2.024016,3.542732E+9
33.895000,-2.437431,-2.193917,-1.982280,-1.949088,3.542732E+9
33.900000,-2.290534,-2.134435,-1.914254,-1.902752,3.542732E+9
33.905000,-2.236639,-2.085141,-1.893879,-1.837354,3.542732E+9
33.910000,-2.143637,-2.011199,-1.868245,-1.844913,3.542732E+9
33.915000,-2.211006,-2.022701,-1.862659,-1.849842,3.542732E+9
33.920000,-2.059508,-1.921812,-1.819937,-1.845899,3.542732E+9
33.925000,-1.985237,-1.847213,-1.832754,-1.859701,3.542732E+9
33.930000,-1.880733,-1.747310,-1.859372,-1.912939,3.542732E+9
33.935000,-1.907681,-1.678626,-1.894536,-1.993125,3.542732E+9
33.940000,-1.776887,-1.625389,-1.872189,-1.960262,3.542732E+9
33.945000,-1.737451,-1.622760,-1.860358,-1.984580,3.542732E+9
33.950000,-1.655951,-1.570508,-1.767685,-1.961576,3.542732E+9
33.955000,-1.631304,-1.514641,-1.775901,-1.952375,3.542732E+9
33.960000,-1.488679,-1.437413,-1.703931,-1.794304,3.542732E+9
33.965000,-1.416052,-1.378260,-1.673040,-1.720034,3.542732E+9
33.970000,-1.347697,-1.299060,-1.606657,-1.696372,3.542732E+9
33.975000,-1.407836,-1.314177,-1.652665,-1.649378,3.542732E+9
33.980000,-1.366100,-1.339810,-1.604356,-1.582667,3.542732E+9
33.985000,-1.435770,-1.395020,-1.643463,-1.567221,3.542732E+9
33.990000,-1.425911,-1.372016,-1.643135,-1.619145,3.542732E+9
33.995000,-1.495251,-1.380889,-1.654637,-1.964534,3.542732E+9
34.000000,-1.436427,-1.381217,-1.668110,-1.758155,3.542732E+9
34.005000,-1.472905,-1.393705,-1.728249,-1.836368,3.542732E+9
34.010000,-1.442342,-1.391733,-1.748953,-1.912939,3.542732E+9
34.015000,-1.521870,-1.415723,-1.838997,-2.033875,3.542732E+9
34.020000,-1.465346,-1.408822,-1.819280,-1.979322,3.542732E+9
34.025000,-1.484407,-1.436756,-1.808764,-1.994768,3.542732E+9
34.030000,-1.461403,-1.394691,-1.772286,-1.919840,3.542732E+9
34.035000,-1.488679,-1.400606,-1.765713,-1.814679,3.542732E+9
34.040000,-1.401592,-1.363143,-1.675012,-1.726278,3.542732E+9
34.045000,-1.413094,-1.382203,-1.624074,-1.649707,3.542732E+9
34.050000,-1.361500,-1.346711,-1.596141,-1.597784,3.542732E+9
34.055000,-1.449572,-1.356241,-1.601399,-1.636233,3.542732E+9
34.060000,-1.384175,-1.357885,-1.582667,-1.635247,3.542732E+9
34.065000,-1.437084,-1.419995,-1.612901,-1.725620,3.542732E+9
34.070000,-1.416709,-1.479477,-1.674026,-1.806792,3.542732E+9
34.075000,-1.540274,-1.633933,-1.765713,-2.065423,3.542732E+9
34.080000,-1.669425,-2.038804,-1.817308,-2.288891,3.542732E+9
34.085000,-2.214949,-2.728597,-1.756183,-2.683246,3.542732E+9
34.090000,-2.566911,-2.742399,-2.367433,-3.048353,3.542732E+9
34.095000,-2.598131,-2.755545,-2.823571,-3.352665,3.542732E+9
34.100000,-2.424615,-2.716109,-2.874180,-3.571861,3.542732E+9
34.105000,-2.109788,-2.536677,-2.744042,-3.708571,3.542732E+9
34.110000,-2.141665,-2.390766,-2.555738,-3.573504,3.542732E+9
34.115000,-2.276732,-2.389123,-2.360861,-3.259005,3.542732E+9
34.120000,-2.083826,-2.408840,-2.163354,-2.736484,3.542732E+9
34.125000,-2.157768,-2.492312,-2.018758,-2.454849,3.542732E+9
34.130000,-1.932657,-2.358560,-1.885991,-2.263915,3.542732E+9
34.135000,-2.011856,-2.384851,-1.851814,-2.182086,3.542732E+9
34.140000,-1.956647,-2.471609,-1.800548,-2.190959,3.542732E+9
34.145000,-2.014485,-2.356588,-1.821580,-2.354288,3.542732E+9
34.150000,-2.009227,-2.507429,-1.826838,-2.419028,3.542732E+9
34.155000,-2.100586,-2.524189,-1.948431,-2.656956,3.542732E+9
34.160000,-2.170584,-2.649726,-2.104858,-2.842631,3.542732E+9
34.165000,-2.428887,-2.805168,-2.370719,-3.000045,3.542732E+9
34.170000,-2.467665,-2.887654,-2.533391,-3.137412,3.542732E+9
34.175000,-2.568554,-2.923146,-2.560339,-3.162059,3.542732E+9
34.180000,-2.497899,-2.917888,-2.458135,-3.068400,3.542732E+9
34.185000,-2.478510,-3.004317,-2.270488,-2.893898,3.542732E+9
34.190000,-2.395038,-2.880095,-2.063451,-2.659585,3.542732E+9
34.195000,-2.418042,-2.861035,-1.888949,-2.462736,3.542732E+9
34.200000,-2.244526,-2.715780,-1.830782,-2.279689,3.542732E+9
34.205000,-2.234996,-2.630994,-1.794304,-2.213306,3.542732E+9
34.210000,-2.052935,-2.506115,-1.778858,-2.090070,3.542732E+9
34.215000,-2.106502,-2.412127,-1.815336,-2.089741,3.542732E+9
34.220000,-2.032889,-2.394709,-1.810735,-2.023030,3.542732E+9
34.225000,-2.073310,-2.321096,-1.816322,-2.018758,3.542732E+9
34.230000,-1.980637,-2.268516,-1.762756,-2.035846,3.542732E+9
34.235000,-1.977350,-2.256685,-1.821251,-2.099929,3.542732E+9
34.240000,-1.838669,-2.026316,-1.871532,-2.016129,3.542732E+9
34.245000,-1.844913,-1.973407,-1.917211,-2.031903,3.542732E+9
34.250000,-1.755526,-1.882705,-1.847870,-2.119975,3.542732E+9
34.255000,-1.753554,-1.833739,-1.862330,-2.084812,3.542732E+9
34.260000,-1.636233,-1.717733,-1.798905,-2.011199,3.542732E+9
34.265000,-1.628018,-1.711161,-1.762427,-1.897165,3.542732E+9
34.270000,-1.493280,-1.537316,-1.692429,-1.795618,3.542732E+9
34.275000,-1.535016,-1.424925,-1.638534,-1.751582,3.542732E+9
34.280000,-1.346054,-1.321078,-1.588911,-1.665153,3.542732E+9
34.285000,-1.371030,-1.308919,-1.609943,-1.600413,3.542732E+9
34.290000,-1.368401,-1.316477,-1.597126,-1.599427,3.542732E+9
34.295000,-1.426239,-1.356899,-1.633604,-1.806792,3.542732E+9
34.300000,-1.407179,-1.389104,-1.607643,-1.661866,3.542732E+9
34.305000,-1.443657,-1.406522,-1.658909,-1.712804,3.542732E+9
34.310000,-1.419995,-1.390747,-1.675997,-1.739751,3.542732E+9
34.315000,-1.649707,-1.404879,-1.766699,-1.835711,3.542732E+9
34.320000,-1.464032,-1.404221,-1.729235,-1.916883,3.542732E+9
34.325000,-1.510697,-1.480792,-1.795290,-1.942516,3.542732E+9
34.330000,-1.474876,-1.412766,-1.817965,-1.959276,3.542732E+9
34.335000,-1.632290,-1.424596,-1.856086,-1.886320,3.542732E+9
34.340000,-1.479149,-1.413423,-1.789046,-1.937258,3.542732E+9
34.345000,-1.478820,-1.389104,-1.759469,-1.850171,3.542732E+9
34.350000,-1.432155,-1.354598,-1.689800,-1.771628,3.542732E+9
34.355000,-1.409479,-1.348683,-1.675669,-1.820923,3.542732E+9
34.360000,-1.362157,-1.316149,-1.571822,-1.616516,3.542732E+9
34.365000,-1.378260,-1.332252,-1.562620,-1.607971,3.542732E+9
34.370000,-1.348026,-1.330937,-1.542574,-1.603042,3.542732E+9
34.375000,-1.429854,-1.355913,-1.654965,-1.617173,3.542732E+9
34.380000,-1.432812,-1.368401,-1.676983,-1.661209,3.542732E+9
34.385000,-1.497552,-1.427554,-1.726935,-1.740409,3.542732E+9
34.390000,-1.537973,-1.429526,-1.777544,-1.826838,3.542732E+9
34.395000,-1.794633,-1.516284,-1.922798,-1.966177,3.542732E+9
34.400000,-1.998054,-1.674354,-2.098943,-2.042748,3.542732E+9
34.405000,-2.605032,-2.033546,-2.585643,-2.253070,3.542732E+9
34.410000,-2.863664,-2.455506,-2.702964,-2.595831,3.542732E+9
34.415000,-2.827186,-2.610290,-3.006617,-3.096662,3.542732E+9
34.420000,-2.830472,-2.380250,-3.072672,-3.293840,3.542732E+9
34.425000,-2.756530,-2.217578,-2.982299,-3.391114,3.542732E+9
34.430000,-2.589915,-2.176171,-2.864321,-3.368767,3.542732E+9
34.435000,-2.640524,-2.292506,-2.679631,-3.130839,3.542732E+9
34.440000,-2.543579,-2.243869,-2.450576,-2.738127,3.542732E+9
34.445000,-2.617192,-2.198518,-2.385508,-2.330627,3.542732E+9
34.450000,-2.458792,-2.107487,-2.272459,-2.095657,3.542732E+9
34.455000,-2.778549,-2.114389,-2.200161,-2.036175,3.542732E+9
34.460000,-2.520246,-2.202790,-2.183072,-1.954346,3.542732E+9
34.465000,-2.603389,-2.175514,-2.205090,-1.965191,3.542732E+9
34.470000,-2.519260,-2.116689,-2.228423,-2.027302,3.542732E+9
34.475000,-2.597145,-2.138379,-2.324711,-2.270488,3.542732E+9
34.480000,-2.574798,-2.169598,-2.351988,-2.484425,3.542732E+9
34.485000,-2.715780,-2.276403,-2.505129,-2.588601,3.542732E+9
34.490000,-2.793008,-2.376963,-2.616863,-2.891269,3.542732E+9
34.495000,-2.936291,-2.492641,-2.731226,-2.980984,3.542732E+9
34.500000,-2.884039,-2.487054,-2.685875,-2.811412,3.542732E+9
34.505000,-2.863335,-2.489026,-2.668458,-2.645454,3.542732E+9
34.510000,-2.808454,-2.445318,-2.360861,-2.421657,3.542732E+9
34.515000,-2.789393,-2.382550,-2.212977,-2.240582,3.542732E+9
34.520000,-2.592873,-2.292506,-2.069366,-2.080869,3.542732E+9
34.525000,-2.553437,-2.535363,-2.051292,-1.929370,3.542732E+9
34.530000,-2.408512,-2.184387,-1.975379,-1.917540,3.542732E+9
34.535000,-2.423629,-2.158754,-1.937258,-1.966834,3.542732E+9
34.540000,-2.295792,-2.153824,-1.949088,-1.935943,3.542732E+9
34.545000,-2.351988,-2.079225,-1.939229,-1.743038,3.542732E+9
34.550000,-2.223822,-2.013828,-1.924441,-1.979979,3.542732E+9
34.555000,-2.243211,-1.982608,-1.930028,-2.043733,3.542732E+9
34.560000,-2.047677,-1.884020,-1.915568,-2.002326,3.542732E+9
34.565000,-2.053592,-1.814350,-1.992139,-1.989838,3.542732E+9
34.570000,-1.935614,-1.768014,-1.933314,-1.992139,3.542732E+9
34.575000,-1.934629,-1.738437,-1.903737,-2.080211,3.542732E+9
34.580000,-1.797919,-1.679612,-1.811393,-1.955989,3.542732E+9
34.585000,-1.741395,-1.660223,-1.779844,-1.870546,3.542732E+9
34.590000,-1.617830,-1.533044,-1.726606,-1.787074,3.542732E+9
34.595000,-1.601070,-1.467318,-1.716419,-1.737122,3.542732E+9
34.600000,-1.414409,-1.371030,-1.621445,-1.685856,3.542732E+9
34.605000,-1.379574,-1.375631,-1.602713,-1.636233,3.542732E+9
34.610000,-1.362157,-1.301689,-1.605342,-1.641163,3.542732E+9
34.615000,-1.646421,-1.365114,-1.633276,-1.646749,3.542732E+9
34.620000,-1.400606,-1.361171,-1.649050,-1.640506,3.542732E+9
34.625000,-1.485064,-1.385489,-1.686185,-1.686514,3.542732E+9
34.630000,-1.420653,-1.397977,-1.663510,-1.735479,3.542732E+9
34.635000,-1.489008,-1.386804,-1.733179,-1.791018,3.542732E+9
34.640000,-1.459760,-1.378260,-1.718062,-1.828153,3.542732E+9
34.645000,-1.472576,-1.447272,-1.768671,-1.914254,3.542732E+9
34.650000,-1.478820,-1.419995,-1.788060,-1.943830,3.542732E+9
34.655000,-1.531072,-1.437741,-1.888292,-1.966177,3.542732E+9
34.660000,-1.454830,-1.398963,-1.790032,-1.930685,3.542732E+9
34.665000,-1.511026,-1.459431,-1.768671,-1.861344,3.542732E+9
34.670000,-1.410465,-1.363800,-1.709846,-1.812379,3.542732E+9
34.675000,-1.480792,-1.349997,-1.649378,-1.736794,3.542732E+9
34.680000,-1.372673,-1.326665,-1.615530,-1.644778,3.542732E+9
34.685000,-1.408165,-1.325022,-1.605014,-1.631304,3.542732E+9
34.690000,-1.367415,-1.339481,-1.577737,-1.603699,3.542732E+9
34.695000,-1.426897,-1.354927,-1.626046,-1.788389,3.542732E+9
34.700000,-1.414080,-1.360842,-1.626374,-1.682899,3.542732E+9
34.705000,-1.443328,-1.437741,-1.698344,-1.727921,3.542732E+9
34.710000,-1.445629,-1.407836,-1.720691,-1.786745,3.542732E+9
34.715000,-1.539616,-1.468633,-1.769328,-1.894864,3.542732E+9
34.720000,-1.510368,-1.603699,-1.784116,-2.042090,3.542732E+9
34.725000,-1.663510,-1.914254,-1.838012,-2.276403,3.542732E+9
34.730000,-1.970120,-2.459121,-1.934957,-2.609962,3.542732E+9
34.735000,-2.559681,-2.768361,-2.291848,-3.078587,3.542732E+9
34.740000,-2.773291,-2.878123,-2.765403,-3.279380,3.542732E+9
34.745000,-2.742728,-2.980656,-3.077273,-3.625099,3.542732E+9
34.750000,-2.456492,-2.733526,-2.924460,-3.828192,3.542732E+9
34.755000,-2.402268,-2.644796,-2.853476,-3.974433,3.542732E+9
34.760000,-2.371377,-2.506443,-2.682260,-3.474258,3.542732E+9
34.765000,-2.249127,-2.415084,-2.507101,-3.042767,3.542732E+9
34.770000,-2.255042,-2.467337,-2.296121,-2.650054,3.542732E+9
34.775000,-2.340157,-2.385179,-2.111102,-2.428230,3.542732E+9
34.780000,-2.016129,-2.339828,-1.907352,-2.270488,3.542732E+9
34.785000,-2.060822,-2.643482,-1.835711,-2.163026,3.542732E+9
34.790000,-1.963548,-2.357574,-1.839983,-2.157768,3.542732E+9
34.795000,-2.080211,-2.468980,-1.860687,-2.204104,3.542732E+9
34.800000,-1.947445,-2.337857,-1.868903,-2.289548,3.542732E+9
34.805000,-2.217907,-2.349359,-1.937586,-2.579728,3.542732E+9
34.810000,-2.194574,-2.524189,-2.123919,-2.799581,3.542732E+9
34.815000,-2.476538,-2.683575,-2.413441,-3.066428,3.542732E+9
34.820000,-2.462407,-2.751272,-2.621792,-3.063799,3.542732E+9
34.825000,-2.578085,-2.748643,-2.706907,-3.094362,3.542732E+9
34.830000,-2.468322,-2.763760,-2.502171,-3.029950,3.542732E+9
34.835000,-2.454520,-2.735169,-2.249127,-2.871551,3.542732E+9
34.840000,-2.390766,-2.726296,-2.029274,-2.587943,3.542732E+9
34.845000,-2.321425,-2.620149,-1.923127,-2.413770,3.542732E+9
34.850000,-2.190959,-2.505458,-1.820923,-2.159740,3.542732E+9
34.855000,-2.112746,-2.455177,-1.816979,-2.110117,3.542732E+9
34.860000,-2.000026,-2.323397,-1.807449,-1.992796,3.542732E+9
34.865000,-2.055893,-2.300064,-1.869231,-1.951060,3.542732E+9
34.870000,-1.983594,-2.226780,-1.804163,-1.966506,3.542732E+9
34.875000,-2.090399,-2.206405,-1.851485,-1.956975,3.542732E+9
34.880000,-1.920826,-2.084812,-1.814679,-1.970120,3.542732E+9
34.885000,-1.929699,-2.066080,-1.838340,-2.012514,3.542732E+9
34.890000,-1.816979,-1.945802,-1.863645,-2.066409,3.542732E+9
34.895000,-2.070024,-1.896508,-1.880076,-2.096971,3.542732E+9
34.900000,-1.781159,-1.807449,-1.882705,-2.111431,3.542732E+9
34.905000,-1.773929,-1.759141,-1.850499,-2.125562,3.542732E+9
34.910000,-1.639191,-1.693743,-1.770643,-2.003969,3.542732E+9
34.915000,-1.629989,-1.594169,-1.812707,-1.904066,3.542732E+9
34.920000,-1.463703,-1.468304,-1.678626,-1.754868,3.542732E+9
34.925000,-1.408493,-1.399292,-1.677641,-1.717733,3.542732E+9
34.930000,-1.355256,-1.313191,-1.597455,-1.623745,3.542732E+9
34.935000,-1.349340,-1.340139,-1.413094,-1.593183,3.542732E+9
34.940000,-1.326008,-1.304318,-1.583324,-1.552433,3.542732E+9
34.945000,-1.436427,-1.361828,-1.679941,-1.554733,3.542732E+9
34.950000,-1.404221,-1.366758,-1.629332,-1.652993,3.542732E+9
34.955000,-1.523514,-1.419338,-1.644449,-1.733508,3.542732E+9
34.960000,-1.442671,-1.386475,-1.661209,-1.795947,3.542732E+9
34.965000,-1.519899,-1.394362,-1.729564,-1.950074,3.542732E+9
34.970000,-1.460745,-1.402249,-1.767356,-1.911296,3.542732E+9
34.975000,-1.549147,-1.401921,-1.802191,-2.011528,3.542732E+9
34.980000,-1.483092,-1.429197,-1.813693,-2.003312,3.542732E+9
34.985000,-1.507082,-1.413752,-1.823881,-2.030917,3.542732E+9
34.990000,-1.487364,-1.406522,-1.776558,-1.897822,3.542732E+9
34.995000,-1.504124,-1.433141,-1.741723,-1.831110,3.542732E+9
35.000000,-1.406850,-1.359856,-1.660881,-1.729564,3.542732E+9
35.005000,-1.437413,-1.344739,-1.669425,-1.652993,3.542732E+9
35.010000,-1.351312,-1.316149,-1.578723,-1.629661,3.542732E+9
35.015000,-1.424596,-1.375302,-1.583653,-1.620459,3.542732E+9
35.020000,-1.394691,-1.342110,-1.582995,-1.639520,3.542732E+9
35.025000,-1.454501,-1.354270,-1.625389,-1.699659,3.542732E+9
35.030000,-1.439056,-1.377274,-1.653651,-1.706231,3.542732E+9
35.035000,-1.526471,-1.408165,-1.956318,-1.791675,3.542732E+9
35.040000,-1.607314,-1.483092,-1.829467,-1.833739,3.542732E+9
35.045000,-1.909653,-1.660552,-2.010542,-2.000354,3.542732E+9
35.050000,-2.469308,-2.109131,-2.229080,-2.207719,3.542732E+9
35.055000,-2.723010,-2.507758,-2.600431,-2.576113,3.542732E+9
35.060000,-2.766389,-2.542264,-2.803196,-2.941549,3.542732E+9
35.065000,-2.861035,-2.496913,-2.969811,-3.271164,3.542732E+9
35.070000,-2.590573,-2.255042,-2.885682,-3.429564,3.542732E+9
35.075000,-2.546208,-2.251756,-2.795637,-3.372054,3.542732E+9
35.080000,-2.527476,-2.286262,-2.607661,-3.068728,3.542732E+9
35.085000,-2.623435,-2.243869,-2.436445,-2.763103,3.542732E+9
35.090000,-2.546865,-2.247155,-2.302365,-2.365461,3.542732E+9
35.095000,-2.481796,-2.169270,-2.234010,-2.147909,3.542732E+9
35.100000,-2.473252,-2.167627,-2.172885,-1.989510,3.542732E+9
35.105000,-2.581042,-2.279689,-2.216592,-1.877118,3.542732E+9
35.110000,-2.501514,-2.220536,-2.159740,-1.951389,3.542732E+9
35.115000,-2.622450,-2.290205,-2.152838,-2.113403,3.542732E+9
35.120000,-2.564611,-2.254056,-2.173871,-2.246498,3.542732E+9
35.125000,-2.690476,-2.289877,-2.386494,-2.428887,3.542732E+9
35.130000,-2.740756,-2.387480,-2.473252,-2.673716,3.542732E+9
35.135000,-2.965539,-2.501843,-2.676016,-2.844603,3.542732E+9
35.140000,-2.935305,-2.542593,-2.695077,-2.925446,3.542732E+9
35.145000,-2.960281,-2.614234,-2.688504,-2.818641,3.542732E+9
35.150000,-2.915258,-2.565597,-2.588272,-2.609304,3.542732E+9
35.155000,-2.887325,-2.530105,-2.376306,-2.449919,3.542732E+9
35.160000,-2.783478,-2.465036,-2.185373,-2.233024,3.542732E+9
35.165000,-2.735827,-2.392080,-2.064108,-2.099272,3.542732E+9
35.170000,-2.519589,-2.311895,-1.950403,-1.954346,3.542732E+9
35.175000,-2.535691,-2.230723,-1.909653,-1.928056,3.542732E+9
35.180000,-2.353631,-2.194246,-1.917540,-1.869231,3.542732E+9
35.185000,-2.351988,-2.138707,-1.932985,-1.875147,3.542732E+9
35.190000,-2.275088,-2.087770,-1.871203,-1.908010,3.542732E+9
35.195000,-2.238939,-2.211334,-1.881062,-1.985566,3.542732E+9
35.200000,-2.100258,-1.943502,-1.906038,-1.930028,3.542732E+9
35.205000,-2.068052,-1.858387,-1.965191,-1.922469,3.542732E+9
35.210000,-1.931671,-1.786417,-1.899137,-1.999040,3.542732E+9
35.215000,-1.933643,-1.743366,-1.914582,-2.022373,3.542732E+9
35.220000,-1.819608,-1.678626,-1.867260,-1.992467,3.542732E+9
35.225000,-1.775572,-1.671068,-1.826510,-1.903409,3.542732E+9
35.230000,-1.658580,-1.573137,-1.764070,-1.870217,3.542732E+9
35.235000,-1.637548,-1.495909,-1.696701,-2.038475,3.542732E+9
35.240000,-1.470604,-1.432812,-1.638205,-1.724963,3.542732E+9
35.245000,-1.424596,-1.326993,-1.637219,-1.655951,3.542732E+9
35.250000,-1.349669,-1.291173,-1.597126,-1.621445,3.542732E+9
35.255000,-1.368401,-1.325679,-1.644120,-1.528772,3.542732E+9
35.260000,-1.366429,-1.329294,-1.605671,-1.609943,3.542732E+9
35.265000,-1.414080,-1.372344,-1.659237,-1.656608,3.542732E+9
35.270000,-1.390747,-1.378588,-1.658251,-1.701631,3.542732E+9
35.275000,-1.641163,-1.397320,-1.755197,-1.758812,3.542732E+9
35.280000,-1.430840,-1.388776,-1.704917,-1.836697,3.542732E+9
35.285000,-1.481120,-1.441685,-1.742709,-1.883034,3.542732E+9
35.290000,-1.452201,-1.390090,-1.768671,-1.915568,3.542732E+9
35.295000,-1.607314,-1.432483,-1.826181,-2.257014,3.542732E+9
35.300000,-1.475862,-1.413752,-1.806135,-1.944487,3.542732E+9
35.305000,-1.523842,-1.401921,-1.785760,-1.925427,3.542732E+9
35.310000,-1.446943,-1.393048,-1.733836,-1.869231,3.542732E+9
35.315000,-1.436756,-1.372016,-1.722006,-1.911296,3.542732E+9
35.320000,-1.383846,-1.333237,-1.648393,-1.686842,3.542732E+9
35.325000,-1.378588,-1.344411,-1.484078,-1.652336,3.542732E+9
35.330000,-1.341453,-1.334552,-1.554733,-1.608628,3.542732E+9
35.335000,-1.413423,-1.341125,-1.601727,-1.607643,3.542732E+9
35.340000,-1.377602,-1.359528,-1.613887,-1.642149,3.542732E+9
35.345000,-1.443985,-1.418681,-1.651022,-1.676655,3.542732E+9
35.350000,-1.461403,-1.424925,-1.709518,-1.754211,3.542732E+9
35.355000,-1.542245,-1.497223,-1.742709,-1.940215,3.542732E+9
35.360000,-1.538302,-1.651022,-1.780173,-2.030917,3.542732E+9
35.365000,-1.685856,-1.989510,-1.918197,-2.320111,3.542732E+9
35.370000,-2.220536,-2.693762,-2.007584,-2.747986,3.542732E+9
35.375000,-2.706250,-2.803524,-2.468980,-3.242902,3.542732E+9
35.380000,-2.783807,-2.979998,-2.921502,-3.459798,3.542732E+9
35.385000,-2.652026,-2.910658,-3.151215,-3.683924,3.542732E+9
35.390000,-2.256028,-2.606018,-2.923803,-3.900491,3.542732E+9
35.395000,-2.332927,-2.514659,-2.714137,-3.783827,3.542732E+9
35.400000,-2.226123,-2.438089,-2.510716,-3.296140,3.542732E+9
35.405000,-2.208048,-2.481468,-2.324711,-2.831787,3.542732E+9
35.410000,-2.220865,-2.568554,-2.125233,-2.484425,3.542732E+9
35.415000,-2.133778,-2.438417,-1.935614,-2.451891,3.542732E+9
35.420000,-2.022044,-2.478510,-1.836368,-2.239596,3.542732E+9
35.425000,-2.083498,-2.503486,-1.862987,-2.257671,3.542732E+9
35.430000,-2.061808,-2.547851,-1.888949,-2.310252,3.542732E+9
35.435000,-2.184387,-2.569212,-1.941858,-2.467008,3.542732E+9
35.440000,-2.072324,-2.482453,-1.967491,-2.571183,3.542732E+9
35.445000,-2.196546,-2.537335,-2.148237,-2.942206,3.542732E+9
35.450000,-2.300721,-2.704936,-2.351330,-3.044739,3.542732E+9
35.455000,-2.502828,-2.874180,-2.571512,-3.227457,3.542732E+9
35.460000,-2.482125,-2.835730,-2.631323,-3.133469,3.542732E+9
35.465000,-2.556395,-2.869250,-2.713809,-3.049339,3.542732E+9
35.470000,-2.445976,-2.853147,-2.305980,-2.903428,3.542732E+9
35.475000,-2.484425,-2.845589,-2.085469,-2.684232,3.542732E+9
35.480000,-2.323068,-2.741413,-1.903737,-2.361518,3.542732E+9
35.485000,-2.285605,-2.875494,-1.808435,-2.155796,3.542732E+9
35.490000,-2.123262,-2.482782,-1.760455,-2.091385,3.542732E+9
35.495000,-2.049649,-2.436117,-1.759469,-2.056879,3.542732E+9
35.500000,-1.967491,-2.295463,-1.796933,-1.973407,3.542732E+9
35.505000,-2.238939,-2.263258,-1.856086,-2.184715,3.542732E+9
35.510000,-1.925756,-2.171242,-1.811064,-2.005941,3.542732E+9
35.515000,-2.010870,-2.147909,-1.786745,-2.052606,3.542732E+9
35.520000,-1.852143,-2.016786,-1.769985,-1.972421,3.542732E+9
35.525000,-1.826510,-1.897165,-1.852800,-1.985895,3.542732E+9
35.530000,-1.716747,-1.814679,-1.848199,-1.990167,3.542732E+9
35.535000,-1.741066,-1.763084,-1.892235,-2.150209,3.542732E+9
35.540000,-1.668110,-1.681256,-1.815665,-2.048006,3.542732E+9
35.545000,-1.619802,-1.675340,-1.798247,-2.004955,3.542732E+9
35.550000,-1.538631,-1.570508,-1.742709,-1.886977,3.542732E+9
35.555000,-1.721020,-1.483092,-1.778858,-1.819937,3.542732E+9
35.560000,-1.399292,-1.392391,-1.652665,-1.727264,3.542732E+9
35.565000,-1.361171,-1.358213,-1.620459,-1.655294,3.542732E+9
35.570000,-1.289858,-1.269812,-1.584310,-1.641491,3.542732E+9
35.575000,-1.373002,-1.244508,-1.595812,-1.604028,3.542732E+9
35.580000,-1.343096,-1.340139,-1.607971,-1.587596,3.542732E+9
35.585000,-1.442999,-1.373330,-1.659566,-1.648393,3.542732E+9
35.590000,-1.421310,-1.390419,-1.630975,-1.681256,3.542732E+9
35.595000,-1.492294,-1.401921,-1.721020,-1.741066,3.542732E+9
35.600000,-1.478491,-1.410137,-1.698673,-1.805477,3.542732E+9
35.605000,-1.495251,-1.481449,-1.773272,-1.888292,3.542732E+9
35.610000,-1.477506,-1.396663,-1.778530,-1.946788,3.542732E+9
35.615000,-1.529429,-1.418681,-1.862330,-2.011528,3.542732E+9
35.620000,-1.468961,-1.409151,-1.817308,-2.000354,3.542732E+9
35.625000,-1.522199,-1.448258,-1.821251,-1.928385,3.542732E+9
35.630000,-1.462389,-1.387133,-1.759798,-1.884348,3.542732E+9
35.635000,-1.313191,-1.329951,-1.692100,-1.801862,3.542732E+9
35.640000,-1.378260,-1.329294,-1.625717,-1.674354,3.542732E+9
35.645000,-1.419667,-1.315491,-1.597126,-1.610600,3.542732E+9
35.650000,-1.349669,-1.332909,-1.554733,-1.568536,3.542732E+9
35.655000,-1.408165,-1.341782,-1.575108,-1.780830,3.542732E+9
35.660000,-1.406850,-1.370372,-1.586282,-1.612901,3.542732E+9
35.665000,-1.435441,-1.407508,-1.649707,-1.662524,3.542732E+9
35.670000,-1.441356,-1.378917,-1.690457,-1.730221,3.542732E+9
35.675000,-1.566893,-1.418024,-1.803177,-1.809092,3.542732E+9
35.680000,-1.525485,-1.416381,-1.804491,-1.890592,3.542732E+9
35.685000,-1.710175,-1.514641,-1.899794,-1.959276,3.542732E+9
35.690000,-1.937915,-1.646092,-2.065752,-2.067066,3.542732E+9
35.695000,-2.630994,-2.040776,-2.343115,-2.261615,3.542732E+9
35.700000,-2.876809,-2.521232,-2.630008,-2.502828,3.542732E+9
35.705000,-2.951736,-2.703621,-3.106521,-2.961924,3.542732E+9
35.710000,-2.988214,-2.561653,-3.011876,-3.246189,3.542732E+9
35.715000,-2.818970,-2.308280,-3.036851,-3.474258,3.542732E+9
35.720000,-2.600103,-2.193260,-2.918873,-3.332290,3.542732E+9
35.725000,-2.643153,-2.276732,-2.655970,-3.139384,3.542732E+9
35.730000,-2.560010,-2.263258,-2.507758,-2.811412,3.542732E+9
35.735000,-2.710522,-2.241897,-2.428887,-2.466351,3.542732E+9
35.740000,-2.576770,-2.208048,-2.318467,-2.234010,3.542732E+9
35.745000,-2.625079,-2.252084,-2.282975,-2.084812,3.542732E+9
35.750000,-2.609304,-2.322740,-2.283304,-2.044719,3.542732E+9
35.755000,-2.681603,-2.275417,-2.271802,-2.029602,3.542732E+9
35.760000,-2.645782,-2.232038,-2.232038,-2.072653,3.542732E+9
35.765000,-2.737470,-2.222836,-2.274431,-2.241897,3.542732E+9
35.770000,-2.646111,-2.236967,-2.329969,-2.426258,3.542732E+9
35.775000,-2.798595,-2.336213,-2.456492,-2.686861,3.542732E+9
35.780000,-2.868922,-2.428887,-2.632966,-2.834744,3.542732E+9
35.785000,-3.018777,-2.518274,-2.815026,-2.885353,3.542732E+9
35.790000,-2.958309,-2.557381,-2.735169,-2.808125,3.542732E+9
35.795000,-2.991501,-2.463722,-2.616863,-2.756530,3.542732E+9
35.800000,-2.862349,-2.503486,-2.403254,-2.456492,3.542732E+9
35.805000,-2.797609,-2.431845,-2.204433,-2.229738,3.542732E+9
35.810000,-2.599446,-2.300064,-2.033217,-2.040447,3.542732E+9
35.815000,-2.565925,-2.215278,-1.998711,-1.921483,3.542732E+9
35.820000,-2.391423,-2.190631,-1.926413,-1.872189,3.542732E+9
35.825000,-2.376963,-2.098943,-1.929042,-1.821580,3.542732E+9
35.830000,-2.274431,-2.083169,-1.927399,-1.856086,3.542732E+9
35.835000,-2.293492,-2.080211,-1.933314,-1.859044,3.542732E+9
35.840000,-2.200818,-1.999697,-1.926741,-1.881062,3.542732E+9
35.845000,-2.225465,-1.930685,-1.907352,-1.919840,3.542732E+9
35.850000,-1.995754,-1.844256,-1.869889,-1.974393,3.542732E+9
35.855000,-1.967163,-1.735808,-1.922798,-2.017772,3.542732E+9
35.860000,-1.840312,-1.691114,-1.906366,-1.982937,3.542732E+9
35.865000,-1.820923,-1.645764,-1.953032,-1.976364,3.542732E+9
35.870000,-1.678298,-1.586610,-1.798905,-1.973407,3.542732E+9
35.875000,-1.685856,-1.754211,-1.780830,-1.974721,3.542732E+9
35.880000,-1.546189,-1.499852,-1.724306,-1.778858,3.542732E+9
35.885000,-1.524171,-1.418681,-1.766370,-1.681584,3.542732E+9
35.890000,-1.394034,-1.345725,-1.613558,-1.663838,3.542732E+9
35.895000,-1.388447,-1.166623,-1.602056,-1.635576,3.542732E+9
35.900000,-1.338824,-1.291173,-1.579709,-1.589897,3.542732E+9
35.905000,-1.421639,-1.350655,-1.632290,-1.582338,3.542732E+9
35.910000,-1.381546,-1.373002,-1.648721,-1.634919,3.542732E+9
35.915000,-1.498866,-1.373987,-1.675669,-1.737122,3.542732E+9
35.920000,-1.434784,-1.391076,-1.681913,-1.781816,3.542732E+9
35.925000,-1.452530,-1.397320,-1.762098,-1.839326,3.542732E+9
35.930000,-1.444971,-1.394362,-1.744681,-1.873832,3.542732E+9
35.935000,-1.484078,-1.310233,-1.769328,-1.993782,3.542732E+9
35.940000,-1.431497,-1.397649,-1.771628,-1.935943,3.542732E+9
35.945000,-1.494266,-1.418352,-1.892564,-1.907024,3.542732E+9
35.950000,-1.445300,-1.405536,-1.784116,-1.889606,3.542732E+9
35.955000,-1.486707,-1.464360,-1.747639,-1.814679,3.542732E+9
35.960000,-1.425911,-1.362485,-1.696701,-1.760455,3.542732E+9
35.965000,-1.237606,-1.355584,-1.671725,-1.710503,3.542732E+9
35.970000,-1.363800,-1.348026,-1.622431,-1.649707,3.542732E+9
35.975000,-1.422953,-1.327322,-1.637548,-1.636891,3.542732E+9
35.980000,-1.373330,-1.345068,-1.584310,-1.648721,3.542732E+9
35.985000,-1.383846,-1.348026,-1.629661,-1.876133,3.542732E+9
35.990000,-1.405207,-1.357227,-1.640834,-1.691114,3.542732E+9
35.995000,-1.443985,-1.422953,-1.704260,-1.774915,3.542732E+9
36.000000,-1.420653,-1.417695,-1.717733,-1.787731,3.542732E+9
36.005000,-1.501495,-1.452858,-1.791346,-1.856086,3.542732E+9
36.010000,-1.516941,-1.581352,-1.778858,-2.019086,3.542732E+9
36.015000,-1.650364,-1.945473,-1.821251,-2.243211,3.542732E+9
36.020000,-2.007584,-2.572827,-1.922798,-2.598131,3.542732E+9
36.025000,-2.609304,-2.866621,-2.298092,-3.067743,3.542732E+9
36.030000,-2.812726,-2.917559,-2.759159,-3.324731,3.542732E+9
36.035000,-2.666486,-2.952722,-3.182763,-3.644817,3.542732E+9
36.040000,-2.283633,-2.702307,-2.893240,-3.840680,3.542732E+9
36.045000,-2.205090,-2.463393,-2.734512,-3.987578,3.542732E+9
36.050000,-2.175514,-2.357574,-2.504800,-3.429564,3.542732E+9
36.055000,-2.130163,-2.354945,-2.319125,-2.962252,3.542732E+9
36.060000,-2.160397,-2.449919,-2.162697,-2.507101,3.542732E+9
36.065000,-2.126548,-2.372034,-2.051292,-2.247484,3.542732E+9
36.070000,-1.972750,-2.327012,-1.843927,-2.125891,3.542732E+9
36.075000,-2.005612,-2.507758,-1.781816,-2.091385,3.542732E+9
36.080000,-1.960919,-2.469637,-1.834068,-2.098943,3.542732E+9
36.085000,-2.112088,-2.534048,-1.848856,-2.223494,3.542732E+9
36.090000,-2.005612,-2.450576,-1.869231,-2.437760,3.542732E+9
36.095000,-2.195889,-2.463064,-1.991810,-2.793008,3.542732E+9
36.100000,-2.202790,-2.600431,-2.212649,-2.984928,3.542732E+9
36.105000,-2.493627,-2.756202,-2.508744,-3.230414,3.542732E+9
36.110000,-2.495927,-2.839016,-2.662871,-3.232715,3.542732E+9
36.115000,-2.579399,-2.858077,-2.687847,-3.178491,3.542732E+9
36.120000,-2.486397,-2.853147,-2.478181,-2.982299,3.542732E+9
36.125000,-2.476210,-2.844274,-2.221850,-2.859391,3.542732E+9
36.130000,-2.380250,-2.791694,-1.939558,-2.465365,3.542732E+9
36.135000,-2.285933,-2.710522,-1.797919,-2.316167,3.542732E+9
36.140000,-2.173213,-2.572498,-1.730878,-2.075282,3.542732E+9
36.145000,-2.151852,-2.487383,-1.800548,-2.008899,3.542732E+9
36.150000,-2.006927,-2.404568,-1.770971,-2.000026,3.542732E+9
36.155000,-2.120304,-2.389451,-1.836368,-1.985566,3.542732E+9
36.160000,-2.036504,-2.308609,-1.838997,-2.023358,3.542732E+9
36.165000,-2.097957,-2.365133,-1.844256,-2.072981,3.542732E+9
36.170000,-1.959276,-2.204762,-1.836697,-2.090399,3.542732E+9
36.175000,-2.093028,-2.106173,-1.862001,-1.995425,3.542732E+9
36.180000,-1.899465,-2.004955,-1.903080,-2.113731,3.542732E+9
36.185000,-1.913596,-1.967163,-1.937586,-2.121290,3.542732E+9
36.190000,-1.797262,-1.870546,-1.892564,-2.101901,3.542732E+9
36.195000,-1.751911,-1.788717,-1.857072,-2.099272,3.542732E+9
36.200000,-1.652008,-1.714776,-1.768342,-1.987866,3.542732E+9
36.205000,-1.599756,-1.552762,-1.801534,-1.918854,3.542732E+9
36.210000,-1.517270,-1.536987,-1.663510,-1.747639,3.542732E+9
36.215000,-1.437413,-1.452530,-1.727264,-1.650364,3.542732E+9
36.220000,-1.333237,-1.327979,-1.563935,-1.601727,3.542732E+9
36.225000,-1.352627,-1.483421,-1.611915,-1.545860,3.542732E+9
36.230000,-1.297088,-1.303332,-1.585624,-1.555391,3.542732E+9
36.235000,-1.430512,-1.377274,-1.619145,-1.594826,3.542732E+9
36.240000,-1.409151,-1.373987,-1.643463,-1.657266,3.542732E+9
36.245000,-1.500510,-1.405536,-1.689143,-1.772943,3.542732E+9
36.250000,-1.478163,-1.401592,-1.692100,-1.802848,3.542732E+9
36.255000,-1.496895,-1.417695,-1.807449,-1.906695,3.542732E+9
36.260000,-1.469618,-1.421639,-1.773600,-1.931342,3.542732E+9
36.265000,-1.529758,-1.379903,-1.839326,-2.037818,3.542732E+9
36.270000,-1.492294,-1.439056,-1.810078,-2.016786,3.542732E+9
36.275000,-1.504124,-1.439713,-1.894207,-1.970778,3.542732E+9
36.280000,-1.447929,-1.390747,-1.771628,-1.888949,3.542732E+9
36.285000,-1.482764,-1.463374,-1.748624,-1.800548,3.542732E+9
36.290000,-1.384175,-1.335866,-1.658251,-1.720362,3.542732E+9
36.295000,-1.617501,-1.373002,-1.624074,-1.657923,3.542732E+9
36.300000,-1.369387,-1.322064,-1.582995,-1.592526,3.542732E+9
36.305000,-1.399620,-1.337510,-1.573794,-1.582338,3.542732E+9
36.310000,-1.389104,-1.343096,-1.561306,-1.598112,3.542732E+9
36.315000,-1.430183,-1.360185,-1.641820,-1.934957,3.542732E+9
36.320000,-1.427883,-1.379574,-1.652008,-1.695387,3.542732E+9
36.325000,-1.480135,-1.399620,-1.747639,-1.785431,3.542732E+9
36.330000,-1.507739,-1.412108,-1.803506,-1.869560,3.542732E+9
36.335000,-1.673368,-1.473562,-1.919183,-1.915239,3.542732E+9
36.340000,-1.859701,-1.604356,-2.016129,-2.046691,3.542732E+9
36.345000,-2.434145,-1.918854,-2.290205,-2.196875,3.542732E+9
36.350000,-2.809768,-2.386494,-2.618177,-2.410484,3.542732E+9
36.355000,-2.957980,-2.697048,-2.919202,-2.907371,3.542732E+9
36.360000,-2.936619,-2.530433,-3.024035,-3.241916,3.542732E+9
36.365000,-2.915258,-2.370391,-3.141027,-3.442381,3.542732E+9
36.370000,-2.575784,-2.143637,-2.972769,-3.406560,3.542732E+9
36.375000,-2.552452,-2.200161,-2.798924,-3.358251,3.542732E+9
36.380000,-2.523204,-2.178800,-2.545879,-2.897841,3.542732E+9
36.385000,-2.559353,-2.145280,-2.437760,-2.488040,3.542732E+9
36.390000,-2.488040,-2.118004,-2.292177,-2.192274,3.542732E+9
36.395000,-2.540949,-2.093028,-2.286590,-2.014157,3.542732E+9
36.400000,-2.492312,-2.165655,-2.227109,-1.929042,3.542732E+9
36.405000,-2.570198,-2.168284,-2.238282,-1.880076,3.542732E+9
36.410000,-2.493298,-2.095985,-2.202790,-1.934957,3.542732E+9
36.415000,-2.541278,-2.114717,-2.201147,-2.106173,3.542732E+9
36.420000,-2.571841,-2.147909,-2.304336,-2.356260,3.542732E+9
36.425000,-2.776905,-2.232367,-2.469637,-2.664186,3.542732E+9
36.430000,-2.792351,-2.337857,-2.629022,-2.841974,3.542732E+9
36.435000,-2.968825,-2.464379,-2.765403,-3.055583,3.542732E+9
36.440000,-2.964553,-2.560339,-2.800238,-2.950422,3.542732E+9
36.445000,-3.013519,-2.542593,-2.790051,-2.791365,3.542732E+9
36.450000,-2.914273,-2.479167,-2.531748,-2.560996,3.542732E+9
36.455000,-2.860706,-2.445976,-2.283961,-2.433159,3.542732E+9
36.460000,-2.648083,-2.338842,-2.090070,-2.133121,3.542732E+9
36.465000,-2.522218,-2.281990,-2.016129,-2.000683,3.542732E+9
36.470000,-2.449591,-2.198846,-1.968149,-1.870546,3.542732E+9
36.475000,-2.408840,-2.168613,-2.014485,-1.850828,3.542732E+9
36.480000,-2.331613,-2.123919,-1.946459,-1.869889,3.542732E+9
36.485000,-2.390109,-2.109131,-1.992796,-1.861016,3.542732E+9
36.490000,-2.248141,-2.047677,-1.944159,-1.912282,3.542732E+9
36.495000,-2.307623,-2.022701,-1.935614,-1.960262,3.542732E+9
36.500000,-2.105844,-1.908995,-1.934300,-2.009885,3.542732E+9
36.505000,-2.153167,-1.810735,-1.939887,-2.041104,3.542732E+9
36.510000,-1.933971,-1.770314,-1.929699,-2.047348,3.542732E+9
36.515000,-1.947116,-1.739423,-1.952703,-2.090727,3.542732E+9
36.520000,-1.789374,-1.657266,-1.876790,-1.985566,3.542732E+9
36.525000,-1.768014,-1.621116,-1.855758,-1.931671,3.542732E+9
36.530000,-1.640834,-1.575437,-1.728578,-1.845570,3.542732E+9
36.535000,-1.537973,-1.494923,-1.702288,-1.784116,3.542732E+9
36.540000,-1.427554,-1.368401,-1.618816,-1.622760,3.542732E+9
36.545000,-1.397649,-1.340467,-1.734165,-1.575766,3.542732E+9
36.550000,-1.310891,-1.302346,-1.549804,-1.559991,3.542732E+9
36.555000,-1.391405,-1.320092,-1.618816,-1.555719,3.542732E+9
36.560000,-1.368729,-1.346711,-1.630647,-1.605014,3.542732E+9
36.565000,-1.460745,-1.405864,-1.701959,-1.666796,3.542732E+9
36.570000,-1.441028,-1.387461,-1.714447,-1.764070,3.542732E+9
36.575000,-1.552104,-1.404221,-1.730221,-1.901766,3.542732E+9
36.580000,-1.435112,-1.395020,-1.733179,-1.911953,3.542732E+9
36.585000,-1.500838,-1.390419,-1.696701,-1.941858,3.542732E+9
36.590000,-1.464360,-1.417038,-1.795618,-1.967491,3.542732E+9
36.595000,-1.482106,-1.414409,-1.804491,-2.003641,3.542732E+9
36.600000,-1.458445,-1.405864,-1.768999,-1.910310,3.542732E+9
36.605000,-1.462060,-1.422296,-1.901437,-1.836368,3.542732E+9
36.610000,-1.430183,-1.371030,-1.728907,-1.753883,3.542732E+9
36.615000,-1.485064,-1.374645,-1.720034,-1.700316,3.542732E+9
36.620000,-1.386147,-1.356899,-1.626703,-1.680598,3.542732E+9
36.625000,-1.395348,-1.369387,-1.609943,-1.622760,3.542732E+9
36.630000,-1.357556,-1.323050,-1.587925,-1.604685,3.542732E+9
36.635000,-1.434784,-1.355256,-1.607314,-1.697358,3.542732E+9
36.640000,-1.363800,-1.350983,-1.614872,-1.688485,3.542732E+9
36.645000,-1.439056,-1.366100,-1.699659,-1.740409,3.542732E+9
36.650000,-1.415723,-1.388118,-1.704588,-1.785760,3.542732E+9
36.655000,-1.473233,-1.497552,-1.770971,-1.876790,3.542732E+9
36.660000,-1.481778,-1.499852,-1.781816,-1.932985,3.542732E+9
36.665000,-1.619145,-1.698344,-1.867588,-2.068052,3.542732E+9
36.670000,-1.761441,-2.070681,-1.858387,-2.354288,3.542732E+9
36.675000,-2.306965,-2.747329,-2.032889,-2.667800,3.542732E+9
36.680000,-2.612591,-2.739770,-2.471280,-3.020420,3.542732E+9
36.685000,-2.839345,-2.899484,-2.893569,-3.395386,3.542732E+9
36.690000,-2.650383,-2.846246,-2.982299,-3.682938,3.542732E+9
36.695000,-2.430859,-2.668458,-2.922488,-3.933682,3.542732E+9
36.700000,-2.446961,-2.578413,-2.839345,-3.722045,3.542732E+9
36.705000,-2.428230,-2.469637,-2.743057,-3.293511,3.542732E+9
36.710000,-2.323068,-2.448605,-2.474566,-2.900142,3.542732E+9
36.715000,-2.368419,-2.659585,-2.303022,-2.668786,3.542732E+9
36.720000,-2.162369,-2.406540,-2.087770,-2.361189,3.542732E+9
36.725000,-2.215606,-2.480482,-2.017443,-2.255699,3.542732E+9
36.730000,-2.100258,-2.465693,-1.907352,-2.202133,3.542732E+9
36.735000,-2.204104,-2.479824,-1.957961,-2.170256,3.542732E+9
36.740000,-2.108145,-2.456492,-1.937915,-2.280346,3.542732E+9
36.745000,-2.176171,-2.515974,-1.992467,-2.426915,3.542732E+9
36.750000,-2.162040,-2.448933,-2.103873,-2.658927,3.542732E+9
36.755000,-2.361189,-2.643153,-2.298421,-2.930047,3.542732E+9
36.760000,-2.488697,-2.736813,-2.520903,-3.045067,3.542732E+9
36.765000,-2.670429,-2.756530,-2.640524,-3.091075,3.542732E+9
36.770000,-2.489355,-2.723010,-2.553437,-3.013190,3.542732E+9
36.775000,-2.526818,-2.706250,-2.400953,-2.873851,3.542732E+9
36.780000,-2.393395,-2.670758,-2.143308,-2.583343,3.542732E+9
36.785000,-2.408840,-2.623107,-1.835383,-2.415084,3.542732E+9
36.790000,-2.243540,-2.488697,-1.851485,-2.178800,3.542732E+9
36.795000,-2.198189,-2.407855,-1.854443,-2.046034,3.542732E+9
36.800000,-2.028288,-2.259314,-1.842941,-1.987209,3.542732E+9
36.805000,-2.037489,-2.244526,-1.854114,-2.058850,3.542732E+9
36.810000,-1.954346,-2.185701,-1.817637,-1.959276,3.542732E+9
36.815000,-1.954018,-2.122276,-1.792003,-1.974393,3.542732E+9
36.820000,-1.903409,-2.045705,-1.784445,-1.944816,3.542732E+9
36.825000,-1.708532,-1.918854,-1.872189,-1.915568,3.542732E+9
36.830000,-1.760455,-1.834725,-1.826510,-1.963219,3.542732E+9
36.835000,-1.788717,-1.956975,-1.859044,-1.998383,3.542732E+9
36.840000,-1.666796,-1.723649,-1.856415,-2.031574,3.542732E+9
36.845000,-1.720362,-1.691443,-1.877776,-2.033217,3.542732E+9
36.850000,-1.621116,-1.613229,-1.816322,-1.975379,3.542732E+9
36.855000,-1.640506,-1.592526,-1.767685,-1.933314,3.542732E+9
36.860000,-1.484407,-1.491637,-1.713790,-1.811721,3.542732E+9
36.865000,-1.484078,-1.401921,-1.672383,-1.730878,3.542732E+9
36.870000,-1.346383,-1.320421,-1.600413,-1.642477,3.542732E+9
36.875000,-1.359199,-1.310562,-1.614215,-1.773929,3.542732E+9
36.880000,-1.321078,-1.309576,-1.599756,-1.611586,3.542732E+9
36.885000,-1.351969,-1.342439,-1.648064,-1.614215,3.542732E+9
36.890000,-1.390090,-1.339481,-1.644778,-1.636562,3.542732E+9
36.895000,-1.541917,-1.396334,-1.721677,-1.691772,3.542732E+9
36.900000,-1.421967,-1.397320,-1.660552,-1.755526,3.542732E+9
36.905000,-1.506425,-1.430512,-1.710503,-1.812707,3.542732E+9
36.910000,-1.458445,-1.404221,-1.721020,-1.853786,3.542732E+9
36.915000,-1.593840,-1.431826,-1.783788,-1.711161,3.542732E+9
36.920000,-1.490979,-1.403235,-1.790032,-1.931342,3.542732E+9
36.925000,-1.542574,-1.404550,-1.808764,-2.002326,3.542732E+9
36.930000,-1.466332,-1.405536,-1.765056,-1.946131,3.542732E+9
36.935000,-1.495251,-1.413094,-1.799891,-2.011528,3.542732E+9
36.940000,-1.429526,-1.367415,-1.730878,-1.781487,3.542732E+9
36.945000,-1.420653,-1.373002,-1.677969,-1.699987,3.542732E+9
36.950000,-1.384504,-1.325350,-1.593512,-1.663510,3.542732E+9
36.955000,-1.387461,-1.338167,-1.594497,-1.607971,3.542732E+9
36.960000,-1.367415,-1.333566,-1.566564,-1.594497,3.542732E+9
36.965000,-1.444314,-1.370372,-1.615530,-1.629332,3.542732E+9
36.970000,-1.412766,-1.375631,-1.646092,-1.663510,3.542732E+9
36.975000,-1.510697,-1.404879,-1.692429,-1.748953,3.542732E+9
36.980000,-1.508397,-1.398635,-1.740409,-1.785760,3.542732E+9
36.985000,-1.589897,-1.457788,-1.856743,-1.883362,3.542732E+9
36.990000,-1.703274,-1.571165,-1.883362,-1.951717,3.542732E+9
36.995000,-2.067723,-1.868245,-2.053592,-2.170256,3.542732E+9
37.000000,-2.619821,-2.352974,-2.272131,-2.350344,3.542732E+9
37.005000,-2.791694,-2.690476,-2.678317,-2.663528,3.542732E+9
37.010000,-2.764418,-2.662871,-2.820942,-3.028636,3.542732E+9
37.015000,-2.781178,-2.690805,-2.920188,-3.319473,3.542732E+9
37.020000,-2.593202,-2.371048,-2.845589,-3.474586,3.542732E+9
37.025000,-2.593202,-2.425601,-2.770661,-3.387828,3.542732E+9
37.030000,-2.575784,-2.459778,-2.581042,-3.122952,3.542732E+9
37.035000,-2.673716,-2.396681,-2.429873,-2.819627,3.542732E+9
37.040000,-2.547851,-2.348373,-2.304665,-2.424615,3.542732E+9
37.045000,-2.503814,-2.277389,-2.277389,-2.246169,3.542732E+9
37.050000,-2.502500,-2.342786,-2.198518,-2.105844,3.542732E+9
37.055000,-2.600431,-2.426258,-2.212320,-2.090727,3.542732E+9
37.060000,-2.535363,-2.324054,-2.161711,-2.011528,3.542732E+9
37.065000,-2.567240,-2.322082,-2.181100,-2.136078,3.542732E+9
37.070000,-2.496585,-2.283633,-2.166312,-2.274102,3.542732E+9
37.075000,-2.610290,-2.374992,-2.321096,-2.536020,3.542732E+9
37.080000,-2.684889,-2.460435,-2.450248,-2.717423,3.542732E+9
37.085000,-2.895869,-2.839674,-2.645782,-2.856434,3.542732E+9
37.090000,-2.899813,-2.635266,-2.647097,-2.906057,3.542732E+9
37.095000,-2.948779,-2.721696,-2.618835,-2.815355,3.542732E+9
37.100000,-2.846904,-2.631323,-2.504800,-2.617192,3.542732E+9
37.105000,-2.862349,-2.519260,-2.311895,-2.381236,3.542732E+9
37.110000,-2.693762,-2.500857,-2.102558,-2.272788,3.542732E+9
37.115000,-2.634280,-2.460107,-1.999040,-2.158096,3.542732E+9
37.120000,-2.450576,-2.330955,-1.920169,-2.008899,3.542732E+9
37.125000,-2.447947,-2.248798,-1.926413,-1.940215,3.542732E+9
37.130000,-2.294149,-2.242883,-1.907681,-1.879090,3.542732E+9
37.135000,-2.274431,-2.171570,-1.868574,-2.246498,3.542732E+9
37.140000,-2.206076,-2.107487,-1.846885,-1.888620,3.542732E+9
37.145000,-2.210348,-2.067066,-1.868903,-1.944159,3.542732E+9
37.150000,-2.036175,-1.920826,-1.839655,-1.939558,3.542732E+9
37.155000,-1.969463,-1.869231,-1.950731,-1.928385,3.542732E+9
37.160000,-1.878433,-1.752568,-1.887963,-1.981294,3.542732E+9
37.165000,-1.911296,-1.715433,-1.927399,-2.028288,3.542732E+9
37.170000,-1.768342,-1.683227,-1.845570,-2.014814,3.542732E+9
37.175000,-1.723320,-1.687171,-1.808764,-1.923127,3.542732E+9
37.180000,-1.616844,-1.556705,-1.755854,-1.877118,3.542732E+9
37.185000,-1.593840,-1.489336,-1.691443,-1.879090,3.542732E+9
37.190000,-1.397649,-1.392719,-1.619802,-1.713790,3.542732E+9
37.195000,-1.374973,-1.305961,-1.590883,-1.645435,3.542732E+9
37.200000,-1.326336,-1.316477,-1.589897,-1.588253,3.542732E+9
37.205000,-1.384175,-1.317463,-1.623417,-1.714118,3.542732E+9
37.210000,-1.397320,-1.351969,-1.629661,-1.621116,3.542732E+9
37.215000,-1.426568,-1.411451,-1.693415,-1.678298,3.542732E+9
37.220000,-1.420653,-1.377602,-1.682899,-1.733836,3.542732E+9
37.225000,-1.450558,-1.379903,-1.764399,-1.804163,3.542732E+9
37.230000,-1.435112,-1.389104,-1.705245,-1.880405,3.542732E+9
37.235000,-1.492951,-1.449243,-1.737122,-1.896508,3.542732E+9
37.240000,-1.474876,-1.399949,-1.763084,-1.917211,3.542732E+9
37.245000,-1.539945,-1.415395,-1.824866,-1.934300,3.542732E+9
37.250000,-1.461074,-1.400935,-1.794961,-1.904723,3.542732E+9
37.255000,-1.491965,-1.398306,-1.767685,-1.912939,3.542732E+9
37.260000,-1.424268,-1.392719,-1.709846,-1.833739,3.542732E+9
37.265000,-1.443328,-1.387790,-1.723649,-1.774915,3.542732E+9
37.270000,-1.421639,-1.344739,-1.665481,-1.646092,3.542732E+9
37.275000,-1.393377,-1.366100,-1.787074,-1.643792,3.542732E+9
37.280000,-1.345725,-1.336195,-1.568864,-1.629003,3.542732E+9
37.285000,-1.434455,-1.340139,-1.619145,-1.643792,3.542732E+9
37.290000,-1.397649,-1.353941,-1.629989,-1.688485,3.542732E+9
37.295000,-1.439713,-1.409808,-1.664167,-1.738108,3.542732E+9
37.300000,-1.459431,-1.422953,-1.710175,-1.797919,3.542732E+9
37.305000,-1.518913,-1.450887,-1.752239,-1.918526,3.542732E+9
37.310000,-1.504124,-1.589239,-1.799891,-1.997397,3.542732E+9
37.315000,-1.708860,-1.911953,-1.851485,-2.188330,3.542732E+9
37.320000,-2.226780,-2.556724,-1.995425,-2.518603,3.542732E+9
37.325000,-2.682589,-2.809440,-2.346401,-2.936619,3.542732E+9
37.330000,-2.653341,-2.754230,-2.749629,-3.185392,3.542732E+9
37.335000,-2.562639,-2.777234,-2.996101,-3.422663,3.542732E+9
37.340000,-2.241240,-2.444990,-2.827186,-3.607353,3.542732E+9
37.345000,-2.287576,-2.440718,-2.664186,-3.580405,3.542732E+9
37.350000,-2.353959,-2.474238,-2.487712,-3.334590,3.542732E+9
37.355000,-2.300064,-2.520574,-2.328655,-2.856762,3.542732E+9
37.360000,-2.302365,-2.556395,-2.183729,-2.535034,3.542732E+9
37.365000,-2.199504,-2.405883,-2.042419,-2.424943,3.542732E+9
37.370000,-2.090070,-2.420343,-1.954346,-2.258000,3.542732E+9
37.375000,-2.172227,-2.503486,-1.923784,-2.278046,3.542732E+9
37.380000,-2.155796,-2.554095,-1.933314,-2.279689,3.542732E+9
37.385000,-2.278046,-2.552123,-1.965191,-2.709208,3.542732E+9
37.390000,-2.180443,-2.511701,-2.019743,-2.530433,3.542732E+9
37.395000,-2.301379,-2.576441,-2.172227,-2.810097,3.542732E+9
37.400000,-2.460435,-2.758174,-2.353959,-3.033565,3.542732E+9
37.405000,-2.564939,-2.802867,-2.647097,-3.076616,3.542732E+9
37.410000,-2.579071,-2.828172,-2.575456,-3.099291,3.542732E+9
37.415000,-2.604046,-2.847889,-2.501843,-2.984599,3.542732E+9
37.420000,-2.545550,-2.835401,-2.339828,-2.781178,3.542732E+9
37.425000,-2.548837,-2.899813,-2.139036,-2.576441,3.542732E+9
37.430000,-2.419357,-2.742728,-1.983266,-2.445976,3.542732E+9
37.435000,-2.330298,-2.661228,-1.826510,-2.179786,3.542732E+9
37.440000,-2.224808,-2.534377,-1.798905,-2.162040,3.542732E+9
37.445000,-2.214292,-2.438089,-1.797262,-2.165326,3.542732E+9
37.450000,-2.077254,-2.352316,-1.886320,-1.974721,3.542732E+9
37.455000,-2.121947,-2.292177,-1.869231,-2.002983,3.542732E+9
37.460000,-2.070024,-2.268516,-1.845241,-1.982937,3.542732E+9
37.465000,-2.039461,-2.188002,-1.825852,-2.017114,3.542732E+9
37.470000,-1.919183,-2.090070,-1.805806,-1.988195,3.542732E+9
37.475000,-1.850499,-1.936600,-1.858715,-2.064437,3.542732E+9
37.480000,-1.735479,-1.824209,-1.900451,-1.980308,3.542732E+9
37.485000,-1.738108,-1.795290,-1.977679,-2.044391,3.542732E+9
37.490000,-1.692758,-1.714447,-1.814679,-2.033875,3.542732E+9
37.495000,-1.605671,-1.647078,-1.791018,-1.949745,3.542732E+9
37.500000,-1.592854,-1.588911,-1.770643,-1.850171,3.542732E+9
37.505000,-1.540931,-1.539288,-1.722334,-1.784445,3.542732E+9
37.510000,-1.436427,-1.405536,-1.647735,-1.715433,3.542732E+9
37.515000,-1.409808,-1.332580,-1.608300,-1.725949,3.542732E+9
37.520000,-1.335538,-1.297745,-1.632618,-1.611915,3.542732E+9
37.525000,-1.382860,-1.326665,-1.620459,-1.621774,3.542732E+9
37.530000,-1.434784,-1.360842,-1.635905,-1.631633,3.542732E+9
37.535000,-1.432155,-1.386804,-1.661866,-1.735808,3.542732E+9
37.540000,-1.439056,-1.397977,-1.651022,-1.696701,3.542732E+9
37.545000,-1.501167,-1.404879,-1.575108,-1.715433,3.542732E+9
37.550000,-1.489008,-1.439385,-1.729564,-1.820266,3.542732E+9
37.555000,-1.473233,-1.390090,-1.745995,-1.848856,3.542732E+9
37.560000,-1.479149,-1.403235,-1.772286,-1.919840,3.542732E+9
37.565000,-1.507082,-1.423282,-1.792661,-1.945802,3.542732E+9
37.570000,-1.490322,-1.420653,-1.820266,-1.938572,3.542732E+9
37.575000,-1.537645,-1.410794,-1.801862,-1.962233,3.542732E+9
37.580000,-1.428540,-1.383518,-1.747967,-1.860030,3.542732E+9
37.585000,-1.425582,-1.362157,-1.688485,-1.796933,3.542732E+9
37.590000,-1.405536,-1.354270,-1.648064,-1.687499,3.542732E+9
37.595000,-1.396991,-1.338495,-1.640506,-1.666139,3.542732E+9
37.600000,-1.388447,-1.320421,-1.577737,-1.578066,3.542732E+9
37.605000,-1.404550,-1.334881,-1.598112,-1.618487,3.542732E+9
37.610000,-1.383189,-1.352298,-1.614215,-1.632618,3.542732E+9
37.615000,-1.422624,-1.426239,-1.661209,-1.682570,3.542732E+9
37.620000,-1.496895,-1.384504,-1.734165,-1.784774,3.542732E+9
37.625000,-1.418681,-1.407508,-1.758483,-1.826181,3.542732E+9
37.630000,-1.560977,-1.429526,-1.837683,-1.875147,3.542732E+9
37.635000,-1.786417,-1.518913,-1.933643,-1.972421,3.542732E+9
37.640000,-2.085469,-1.807778,-2.150538,-2.087770,3.542732E+9
37.645000,-2.701321,-2.114060,-2.425272,-2.385836,3.542732E+9
37.650000,-2.918873,-2.561653,-2.806482,-2.619163,3.542732E+9
37.655000,-2.966196,-2.788407,-3.142670,-3.166989,3.542732E+9
37.660000,-3.161731,-2.624093,-3.270178,-3.555101,3.542732E+9
37.665000,-2.981313,-2.526161,-3.298769,-3.729932,3.542732E+9
37.670000,-2.869250,-2.445647,-3.137083,-3.695097,3.542732E+9
37.675000,-2.735827,-2.501514,-2.868593,-3.508106,3.542732E+9
37.680000,-2.628365,-2.297764,-2.646440,-3.185392,3.542732E+9
37.685000,-2.863992,-2.245183,-2.516960,-2.604375,3.542732E+9
37.690000,-2.534048,-2.171570,-2.398982,-2.260957,3.542732E+9
37.695000,-2.598131,-2.181100,-2.214621,-2.123919,3.542732E+9
37.700000,-2.602075,-2.263586,-2.234667,-1.932328,3.542732E+9
37.705000,-2.518603,-2.166641,-2.188659,-1.823552,3.542732E+9
37.710000,-2.532734,-2.096971,-2.189645,-1.809421,3.542732E+9
37.715000,-2.500528,-2.109788,-2.175514,-2.225137,3.542732E+9
37.720000,-2.501514,-2.132792,-2.220865,-2.320111,3.542732E+9
37.725000,-2.558695,-2.171899,-2.368419,-2.714137,3.542732E+9
37.730000,-2.840988,-2.249784,-2.582357,-2.752258,3.542732E+9
37.735000,-2.818641,-2.397338,-3.105206,-2.989200,3.542732E+9
37.740000,-2.865964,-2.448276,-2.778877,-2.938920,3.542732E+9
37.745000,-2.771976,-2.452877,-2.747657,-2.765403,3.542732E+9
37.750000,-2.837373,-2.414427,-2.487383,-2.555081,3.542732E+9
37.755000,-2.764746,-2.390766,-2.297435,-2.290205,3.542732E+9
37.760000,-2.606675,-2.288234,-2.139693,-2.119647,3.542732E+9
37.765000,-2.470294,-2.227437,-2.022701,-1.990167,3.542732E+9
37.770000,-2.332927,-2.122933,-1.972421,-1.963877,3.542732E+9
37.775000,-2.307294,-2.079883,-1.900780,-1.853786,3.542732E+9
37.780000,-2.264901,-2.097300,-1.917868,-1.849842,3.542732E+9
37.785000,-2.280346,-2.007256,-1.897822,-1.899137,3.542732E+9
37.790000,-2.170584,-1.960262,-1.933314,-1.865616,3.542732E+9
37.795000,-2.118989,-1.910310,-1.881719,-1.939558,3.542732E+9
37.800000,-2.014157,-1.819937,-1.941858,-1.937258,3.542732E+9
37.805000,-2.010213,-1.742381,-1.975707,-2.038804,3.542732E+9
37.810000,-1.968806,-1.789046,-1.967163,-2.030260,3.542732E+9
37.815000,-1.879747,-1.727921,-1.950074,-2.148237,3.542732E+9
37.820000,-1.860030,-1.685199,-1.886649,-2.026645,3.542732E+9
37.825000,-1.759141,-1.646749,-1.915897,-1.969792,3.542732E+9
37.830000,-1.686514,-1.555062,-1.786417,-1.857072,3.542732E+9
37.835000,-1.561963,-1.451872,-1.727921,-1.747639,3.542732E+9
37.840000,-1.426568,-1.384175,-1.654308,-1.710832,3.542732E+9
37.845000,-1.384504,-1.353941,-1.576094,-1.655294,3.542732E+9
37.850000,-1.359528,-1.304647,-1.621774,-1.619473,3.542732E+9
37.855000,-1.311219,-1.317792,-1.608300,-1.556376,3.542732E+9
37.860000,-1.409151,-1.362814,-1.699659,-1.568864,3.542732E+9
37.865000,-1.460745,-1.358542,-1.626374,-1.686185,3.542732E+9
37.870000,-1.482435,-1.380560,-1.699987,-1.691772,3.542732E+9
37.875000,-1.455816,-1.382860,-1.729235,-1.785760,3.542732E+9
37.880000,-1.515626,-1.423939,-1.740080,-1.872189,3.542732E+9
37.885000,-1.504453,-1.442342,-1.776558,-1.995425,3.542732E+9
37.890000,-1.581352,-1.439713,-1.816979,-1.959604,3.542732E+9
37.895000,-1.530743,-1.425911,-1.892235,-1.960919,3.542732E+9
37.900000,-1.509054,-1.422624,-1.779187,-1.963219,3.542732E+9
37.905000,-1.495580,-1.461403,-1.774258,-1.871532,3.542732E+9
37.910000,-1.471919,-1.381874,-1.753554,-1.880405,3.542732E+9
37.915000,-1.314506,-1.333566,-1.676655,-1.736794,3.542732E+9
37.920000,-1.389433,-1.341453,-1.712147,-1.634590,3.542732E+9
37.925000,-1.403564,-1.318120,-1.597455,-1.656280,3.542732E+9
37.930000,-1.389433,-1.347368,-1.587925,-1.611258,3.542732E+9
37.935000,-1.382860,-1.341125,-1.593183,-1.586282,3.542732E+9
37.940000,-1.443657,-1.390090,-1.626046,-1.664824,3.542732E+9
37.945000,-1.429197,-1.389762,-1.659895,-1.750268,3.542732E+9
37.950000,-1.471919,-1.388776,-1.711161,-1.781487,3.542732E+9
37.955000,-1.463703,-1.403235,-1.755197,-1.839655,3.542732E+9
37.960000,-1.490322,-1.477177,-1.774258,-1.886320,3.542732E+9
37.965000,-1.557034,-1.661209,-1.764399,-2.032560,3.542732E+9
37.970000,-1.756183,-2.079225,-1.871203,-2.283304,3.542732E+9
37.975000,-2.233681,-2.556395,-1.995754,-2.610948,3.542732E+9
37.980000,-2.602403,-2.787750,-2.401939,-2.884039,3.542732E+9
37.985000,-2.833758,-2.905400,-2.796295,-3.322759,3.542732E+9
37.990000,-2.774276,-2.997744,-3.035537,-3.644159,3.542732E+9
37.995000,-2.436774,-2.690476,-2.964553,-3.985935,3.542732E+9
38.000000,-2.470951,-2.620806,-2.857748,-3.795000,3.542732E+9
38.005000,-2.405554,-2.505458,-2.703292,-3.479516,3.542732E+9
38.010000,-2.301707,-2.390437,-2.470623,-2.955023,3.542732E+9
38.015000,-2.426258,-2.523861,-2.276403,-2.564939,3.542732E+9
38.020000,-2.213306,-2.407855,-2.123919,-2.362504,3.542732E+9
38.025000,-2.208705,-2.542593,-1.924770,-2.208705,3.542732E+9
38.030000,-2.139036,-2.455834,-1.899794,-2.400625,3.542732E+9
38.035000,-2.113731,-2.490012,-1.927070,-2.098943,3.542732E+9
38.040000,-2.167627,-2.457806,-1.924441,-2.241568,3.542732E+9
38.045000,-2.211006,-2.386165,-1.900451,-2.473909,3.542732E+9
38.050000,-2.193917,-2.479167,-2.093685,-2.609962,3.542732E+9
38.055000,-2.375978,-2.622450,-2.293492,-2.887325,3.542732E+9
38.060000,-2.588929,-2.771976,-2.573484,-3.055912,3.542732E+9
38.065000,-2.648740,-2.837373,-2.706907,-3.186049,3.542732E+9
38.070000,-2.659256,-2.986571,-2.692448,-3.122295,3.542732E+9
38.075000,-2.545550,-2.791365,-2.498228,-3.207082,3.542732E+9
38.080000,-2.531419,-2.841974,-2.243211,-2.699678,3.542732E+9
38.085000,-2.517288,-2.800895,-2.035518,-2.534706,3.542732E+9
38.090000,-2.600760,-2.629679,-1.884348,-2.212320,3.542732E+9
38.095000,-2.259314,-2.534706,-2.013171,-2.038147,3.542732E+9
38.100000,-2.212977,-2.437760,-1.827167,-2.001998,3.542732E+9
38.105000,-2.154481,-2.383536,-1.863645,-1.945802,3.542732E+9
38.110000,-2.099272,-2.301707,-1.918197,-1.983923,3.542732E+9
38.115000,-2.117346,-2.612919,-1.867588,-1.967163,3.542732E+9
38.120000,-2.058522,-2.201147,-1.858715,-2.200818,3.542732E+9
38.125000,-2.035846,-2.156453,-1.831110,-2.038475,3.542732E+9
38.130000,-1.928385,-2.026973,-1.884677,-2.108145,3.542732E+9
38.135000,-1.918854,-1.907024,-1.906695,-2.113731,3.542732E+9
38.140000,-1.819608,-1.858058,-2.006598,-2.052278,3.542732E+9
38.145000,-1.831439,-1.812379,-1.871532,-2.119318,3.542732E+9
38.150000,-1.690786,-1.721020,-1.847213,-1.986552,3.542732E+9
38.155000,-1.650693,-1.660223,-1.785102,-1.928385,3.542732E+9
38.160000,-1.573137,-1.592197,-1.745338,-1.789374,3.542732E+9
38.165000,-1.484735,-1.584639,-1.704917,-1.763741,3.542732E+9
38.170000,-1.518913,-1.398635,-1.609943,-1.748953,3.542732E+9
38.175000,-1.363800,-1.335538,-1.676655,-1.629989,3.542732E+9
38.180000,-1.397320,-1.327322,-1.618816,-1.604028,3.542732E+9
38.185000,-1.426897,-1.540602,-1.664495,-1.564921,3.542732E+9
38.190000,-1.422296,-1.376945,-1.689471,-1.637219,3.542732E+9
38.195000,-1.442671,-1.404550,-1.649378,-1.689143,3.542732E+9
38.200000,-1.452858,-1.402249,-1.689800,-1.792332,3.542732E+9
38.205000,-1.526143,-1.390090,-1.700316,-1.834725,3.542732E+9
38.210000,-1.608628,-1.411780,-1.814679,-1.810735,3.542732E+9
38.215000,-1.496237,-1.398963,-1.824866,-1.916554,3.542732E+9
38.220000,-1.507411,-1.460088,-1.814679,-1.949745,3.542732E+9
38.225000,-1.512012,-1.429854,-1.794633,-2.034860,3.542732E+9
38.230000,-1.598112,-1.439056,-1.814022,-1.785760,3.542732E+9
38.235000,-1.490979,-1.425254,-1.843598,-1.871860,3.542732E+9
38.240000,-1.477177,-1.379903,-1.720691,-1.816651,3.542732E+9
38.245000,-1.444643,-1.298403,-1.677969,-1.730878,3.542732E+9
38.250000,-1.412437,-1.354598,-1.652665,-1.814679,3.542732E+9
38.255000,-1.389433,-1.341782,-1.609286,-1.612901,3.542732E+9
38.260000,-1.401921,-1.350983,-1.591211,-1.624403,3.542732E+9
38.265000,-1.420324,-1.361171,-1.594826,-1.682570,3.542732E+9
38.270000,-1.448915,-1.379903,-1.676655,-1.639520,3.542732E+9
38.275000,-1.474876,-1.372344,-1.739751,-1.693743,3.542732E+9
38.280000,-1.528443,-1.437084,-1.766370,-1.745010,3.542732E+9
38.285000,-1.577080,-1.490651,-1.821251,-1.887306,3.542732E+9
38.290000,-1.832425,-1.561635,-1.931342,-1.981951,3.542732E+9
38.295000,-2.063451,-1.761112,-2.180443,-2.076268,3.542732E+9
38.300000,-2.753573,-2.265229,-2.414427,-2.313867,3.542732E+9
38.305000,-2.838688,-2.608319,-2.726625,-2.681603,3.542732E+9
38.310000,-2.849533,-2.508415,-2.935962,-3.105864,3.542732E+9
38.315000,-2.954365,-2.376635,-2.986242,-3.267221,3.542732E+9
38.320000,-2.651040,-2.156453,-3.107835,-3.282009,3.542732E+9
38.325000,-2.684889,-2.243869,-2.794651,-3.186378,3.542732E+9
38.330000,-2.674702,-2.301379,-2.656956,-2.874837,3.542732E+9
38.335000,-2.677331,-2.235981,-2.472266,-2.577099,3.542732E+9
38.340000,-2.696720,-2.282318,-2.375320,-2.293820,3.542732E+9
38.345000,-2.636909,-2.263258,-2.366447,-2.183401,3.542732E+9
38.350000,-2.808454,-2.251756,-2.291520,-2.050306,3.542732E+9
38.355000,-2.755873,-2.333584,-2.371048,-2.065423,3.542732E+9
38.360000,-2.743057,-2.281661,-2.298421,-2.083169,3.542732E+9
38.365000,-2.760474,-2.253070,-2.324711,-2.155467,3.542732E+9
38.370000,-2.775920,-2.272131,-2.389123,-2.348701,3.542732E+9
38.375000,-2.818970,-2.382550,-2.425601,-2.532077,3.542732E+9
38.380000,-2.881410,-2.420671,-2.596488,-2.835730,3.542732E+9
38.385000,-2.987228,-2.500199,-2.689819,-2.828829,3.542732E+9
38.390000,-3.031922,-2.547193,-2.742399,-2.817655,3.542732E+9
38.395000,-3.060184,-2.559681,-2.663200,-2.688504,3.542732E+9
38.400000,-2.959623,-2.531419,-2.571183,-2.469966,3.542732E+9
38.405000,-2.935305,-2.461421,-2.314195,-2.332598,3.542732E+9
38.410000,-2.822914,-2.419028,-2.153167,-2.128520,3.542732E+9
38.415000,-2.636252,-2.298750,-2.083498,-2.000354,3.542732E+9
38.420000,-2.592873,-2.331613,-2.047677,-1.933643,3.542732E+9
38.425000,-2.466679,-2.170256,-1.976364,-1.978008,3.542732E+9
38.430000,-2.391752,-2.141008,-1.940215,-1.925427,3.542732E+9
38.435000,-2.308937,-2.120633,-1.964862,-1.899465,3.542732E+9
38.440000,-2.306637,-2.018429,-1.953689,-1.900122,3.542732E+9
38.445000,-2.133121,-1.929042,-1.957633,-1.894536,3.542732E+9
38.450000,-2.097957,-1.878104,-1.760126,-1.916883,3.542732E+9
38.455000,-1.959933,-1.804163,-1.865945,-1.896508,3.542732E+9
38.460000,-1.902094,-1.678298,-1.919512,-2.440718,3.542732E+9
38.465000,-1.857072,-1.658580,-1.901108,-1.936600,3.542732E+9
38.470000,-1.752568,-1.638862,-1.837354,-1.981294,3.542732E+9
38.475000,-1.732850,-1.577080,-1.780830,-1.935614,3.542732E+9
38.480000,-1.637548,-1.537316,-1.797919,-1.841298,3.542732E+9
38.485000,-1.591540,-1.459102,-1.646421,-1.758812,3.542732E+9
38.490000,-1.482435,-1.481778,-1.676983,-1.675997,3.542732E+9
38.495000,-1.387790,-1.334552,-1.633604,-1.710832,3.542732E+9
38.500000,-1.378260,-1.326665,-1.589239,-1.633604,3.542732E+9
38.505000,-1.419338,-1.352955,-1.731864,-1.587925,3.542732E+9
38.510000,-1.463374,-1.372016,-1.651350,-1.628346,3.542732E+9
38.515000,-1.451544,-1.373659,-1.728907,-1.616844,3.542732E+9
38.520000,-1.452201,-1.383518,-1.726606,-1.765056,3.542732E+9
38.525000,-1.479477,-1.447929,-1.722991,-1.815008,3.542732E+9
38.530000,-1.484735,-1.383846,-1.742381,-1.914582,3.542732E+9
38.535000,-1.551118,-1.419667,-1.787731,-1.937258,3.542732E+9
38.540000,-1.492622,-1.437741,-1.860687,-1.949088,3.542732E+9
38.545000,-1.504124,-1.418681,-1.803834,-1.958618,3.542732E+9
38.550000,-1.511026,-1.455816,-1.797262,-1.904723,3.542732E+9
38.555000,-1.444971,-1.402578,-1.768014,-1.904395,3.542732E+9
38.560000,-1.428540,-1.321078,-1.700645,-1.779187,3.542732E+9
38.565000,-1.407179,-1.356899,-1.735151,-1.709518,3.542732E+9
38.570000,-1.404879,-1.348354,-1.645106,-1.659566,3.542732E+9
38.575000,-1.392719,-1.335209,-1.621774,-1.601070,3.542732E+9
38.580000,-1.392719,-1.340796,-1.651022,-1.425254,3.542732E+9
38.585000,-1.418352,-1.378588,-1.624403,-1.651350,3.542732E+9
38.590000,-1.412108,-1.396991,-1.649707,-1.738766,3.542732E+9
38.595000,-1.471919,-1.409808,-1.691772,-1.806135,3.542732E+9
38.600000,-1.491637,-1.451215,-1.774586,-1.830453,3.542732E+9
38.605000,-1.513326,-1.518913,-1.780830,-1.944487,3.542732E+9
38.610000,-1.586282,-1.722663,-1.804491,-2.103544,3.542732E+9
38.615000,-1.759141,-2.128520,-1.861344,-2.419685,3.542732E+9
38.620000,-2.410155,-2.788079,-2.026973,-2.783478,3.542732E+9
38.625000,-2.723339,-2.846904,-2.526490,-3.064785,3.542732E+9
38.630000,-2.751601,-2.891597,-2.795309,-3.408860,3.542732E+9
38.635000,-2.554423,-2.899484,-2.979998,-3.596179,3.542732E+9
38.640000,-2.229409,-2.558367,-2.844274,-3.979033,3.542732E+9
38.645000,-2.347058,-2.503814,-2.703950,-3.663548,3.542732E+9
38.650000,-2.338514,-2.489026,-2.555409,-3.232057,3.542732E+9
38.655000,-2.365461,-2.497899,-2.348701,-2.795309,3.542732E+9
38.660000,-2.289548,-2.554095,-2.187016,-2.544236,3.542732E+9
38.665000,-2.157768,-2.431516,-2.027959,-2.369405,3.542732E+9
38.670000,-2.158754,-2.641839,-1.931014,-2.234996,3.542732E+9
38.675000,-2.134435,-2.496913,-1.934629,-2.341471,3.542732E+9
38.680000,-2.196546,-2.597145,-1.934629,-2.250113,3.542732E+9
38.685000,-2.181429,-2.551466,-1.940872,-2.385508,3.542732E+9
38.690000,-2.258000,-2.485083,-1.999697,-2.598788,3.542732E+9
38.695000,-2.313538,-2.588272,-2.250113,-2.701978,3.542732E+9
38.700000,-2.487712,-2.695734,-2.431845,-2.978027,3.542732E+9
38.705000,-2.615220,-2.833758,-2.614562,-3.103892,3.542732E+9
38.710000,-2.657284,-2.847561,-2.652683,-3.154829,3.542732E+9
38.715000,-2.619821,-2.898827,-2.555409,-3.048682,3.542732E+9
38.720000,-2.565597,-2.831129,-2.342129,-3.130511,3.542732E+9
38.725000,-2.567240,-2.855119,-2.149881,-2.562968,3.542732E+9
38.730000,-2.417385,-2.745686,-1.938243,-2.377621,3.542732E+9
38.735000,-2.356260,-2.583343,-1.841626,-2.134435,3.542732E+9
38.740000,-2.207391,-2.490341,-1.880076,-2.012514,3.542732E+9
38.745000,-2.052278,-2.308609,-1.828481,-1.967491,3.542732E+9
38.750000,-2.063780,-2.260629,-1.858058,-1.903080,3.542732E+9
38.755000,-2.062465,-2.234010,-1.866931,-1.931014,3.542732E+9
38.760000,-2.004298,-2.282647,-1.815665,-1.954018,3.542732E+9
38.765000,-2.007256,-2.126548,-1.826510,-2.071010,3.542732E+9
38.770000,-1.938243,-2.032889,-1.827824,-1.974393,3.542732E+9
38.775000,-1.839326,-1.874161,-1.868903,-2.028945,3.542732E+9
38.780000,-1.823223,-1.810407,-1.861016,-2.129834,3.542732E+9
38.785000,-1.719048,-1.769985,-1.876790,-2.054578,3.542732E+9
38.790000,-1.704917,-1.653651,-1.852471,-2.026645,3.542732E+9
38.795000,-1.643792,-1.672383,-1.815665,-1.928713,3.542732E+9
38.800000,-1.554405,-1.569193,-1.763413,-1.953032,3.542732E+9
38.805000,-1.520556,-1.497552,-1.717405,-1.739423,3.542732E+9
38.810000,-1.426239,-1.419667,-1.634919,-1.713133,3.542732E+9
38.815000,-1.386147,-1.323379,-1.650036,-1.628675,3.542732E+9
38.820000,-1.362485,-1.299389,-1.661209,-1.579052,3.542732E+9
38.825000,-1.406850,-1.315491,-1.626703,-1.598112,3.542732E+9
38.830000,-1.411451,-1.408165,-1.621774,-1.629661,3.542732E+9
38.835000,-1.469290,-1.390747,-1.670082,-1.684213,3.542732E+9
38.840000,-1.527457,-1.393377,-1.692429,-1.845241,3.542732E+9
38.845000,-1.507411,-1.438727,-1.753554,-1.792989,3.542732E+9
38.850000,-1.470604,-1.416381,-1.715762,-1.862330,3.542732E+9
38.855000,-1.514641,-1.468961,-1.765713,-1.879419,3.542732E+9
38.860000,-1.475862,-1.396006,-1.804820,-2.020072,3.542732E+9
38.865000,-1.497223,-1.428540,-1.811393,-1.919512,3.542732E+9
38.870000,-1.471262,-1.417038,-1.980637,-1.942844,3.542732E+9
38.875000,-1.467975,-1.406522,-1.788060,-1.886649,3.542732E+9
38.880000,-1.478163,-1.381217,-1.757497,-1.822237,3.542732E+9
38.885000,-1.445300,-1.357885,-1.706560,-1.748953,3.542732E+9
38.890000,-1.398635,-1.376288,-1.647407,-1.691114,3.542732E+9
38.895000,-1.401592,-1.345397,-1.624731,-1.641820,3.542732E+9
38.900000,-1.427883,-1.346383,-1.568536,-1.692758,3.542732E+9
38.905000,-1.373659,-1.377602,-1.594497,-1.625389,3.542732E+9
38.910000,-1.397320,-1.356899,-1.645106,-1.654965,3.542732E+9
38.915000,-1.452530,-1.388118,-1.686842,-1.676326,3.542732E+9
38.920000,-1.466004,-1.412108,-1.713461,-1.788717,3.542732E+9
38.925000,-1.606985,-1.431826,-1.801862,-1.864302,3.542732E+9
38.930000,-1.742709,-1.514641,-2.018429,-1.879747,3.542732E+9
38.935000,-2.202790,-1.747310,-2.191288,-2.005941,3.542732E+9
38.940000,-2.761788,-2.310580,-2.488040,-2.310909,3.542732E+9
38.945000,-2.864978,-2.593202,-2.831787,-2.770661,3.542732E+9
38.950000,-2.967839,-2.591230,-3.047696,-3.164360,3.542732E+9
38.955000,-2.988543,-2.473580,-3.147928,-3.438766,3.542732E+9
38.960000,-2.738456,-2.220536,-3.036851,-3.553129,3.542732E+9
38.965000,-2.710194,-2.312881,-2.895212,-3.360552,3.542732E+9
38.970000,-2.662542,-2.334242,-2.703292,-3.079902,3.542732E+9
38.975000,-2.657284,-2.235324,-2.523532,-2.647754,3.542732E+9
38.980000,-2.628694,-2.236639,-2.410484,-2.357903,3.542732E+9
38.985000,-2.629351,-2.145608,-2.345086,-2.082512,3.542732E+9
38.990000,-2.604704,-2.215278,-2.448276,-2.010213,3.542732E+9
38.995000,-2.645454,-2.220536,-2.289877,-1.961905,3.542732E+9
39.000000,-2.652026,-2.175514,-2.304665,-1.934300,3.542732E+9
39.005000,-2.610619,-2.160397,-2.266215,-2.072324,3.542732E+9
39.010000,-2.685875,-2.249784,-2.279361,-2.291520,3.542732E+9
39.015000,-2.702964,-2.268844,-2.414427,-2.592873,3.542732E+9
39.020000,-2.803853,-2.351659,-2.571512,-2.772633,3.542732E+9
39.025000,-2.964553,-2.452548,-2.749958,-2.914601,3.542732E+9
39.030000,-3.142342,-2.525504,-2.774605,-2.932019,3.542732E+9
39.035000,-2.975726,-2.542593,-2.747657,-2.736484,3.542732E+9
39.040000,-2.995115,-2.488369,-2.546536,-2.602075,3.542732E+9
39.045000,-2.846246,-2.437103,-2.348373,-2.350344,3.542732E+9
39.050000,-2.774934,-2.354288,-2.200490,-2.171570,3.542732E+9
39.055000,-2.607333,-2.302365,-2.060165,-1.994439,3.542732E+9
39.060000,-2.536677,-2.244526,-2.023030,-2.294478,3.542732E+9
39.065000,-2.435131,-2.162369,-1.981951,-1.913596,3.542732E+9
39.070000,-2.361189,-2.156453,-1.938243,-1.966506,3.542732E+9
39.075000,-2.317810,-2.124576,-1.995425,-1.888949,3.542732E+9
39.080000,-2.317482,-2.051292,-1.976036,-1.895522,3.542732E+9
39.085000,-2.303350,-2.021387,-1.907352,-1.940872,3.542732E+9
39.090000,-2.204104,-1.971435,-1.926084,-1.919512,3.542732E+9
39.095000,-2.049320,-1.840312,-1.949745,-1.920497,3.542732E+9
39.100000,-1.979651,-1.792003,-1.936272,-1.953032,3.542732E+9
39.105000,-1.897165,-1.738766,-1.926741,-1.984909,3.542732E+9
39.110000,-1.810407,-1.650036,-1.837026,-1.983594,3.542732E+9
39.115000,-1.754868,-1.632947,-1.801862,-1.934629,3.542732E+9
39.120000,-1.709189,-1.574451,-1.774915,-1.907024,3.542732E+9
39.125000,-1.628346,-1.515955,-1.749282,-1.776887,3.542732E+9
39.130000,-1.518584,-1.424596,-1.720362,-1.748953,3.542732E+9
39.135000,-1.427883,-1.357227,-1.622760,-1.685528,3.542732E+9
39.140000,-1.372344,-1.318449,-1.625389,-1.687171,3.542732E+9
39.145000,-1.401921,-1.320421,-1.617501,-1.594169,3.542732E+9
39.150000,-1.405864,-1.362485,-1.735808,-1.572808,3.542732E+9
39.155000,-1.423282,-1.376288,-1.641820,-1.603699,3.542732E+9
39.160000,-1.476848,-1.385818,-1.675669,-1.671068,3.542732E+9
39.165000,-1.433798,-1.398306,-1.712475,-1.699001,3.542732E+9
39.170000,-1.485721,-1.407508,-1.723977,-1.818951,3.542732E+9
39.175000,-1.494923,-1.396663,-1.760455,-1.880076,3.542732E+9
39.180000,-1.513655,-1.421310,-1.774586,-2.006270,3.542732E+9
39.185000,-1.515626,-1.425582,-1.810407,-1.969792,3.542732E+9
39.190000,-1.523514,-1.413752,-1.883034,-1.981951,3.542732E+9
39.195000,-1.474219,-1.417366,-1.807120,-1.932985,3.542732E+9
39.200000,-1.452201,-1.383518,-1.760126,-1.917868,3.542732E+9
39.205000,-1.423282,-1.384175,-1.687828,-1.785431,3.542732E+9
39.210000,-1.407179,-1.354598,-1.691114,-1.659895,3.542732E+9
39.215000,-1.392391,-1.338824,-1.619802,-1.591211,3.542732E+9
39.220000,-1.406850,-1.388118,-1.580366,-1.579381,3.542732E+9
39.225000,-1.367743,-1.348026,-1.576094,-1.589239,3.542732E+9
39.230000,-1.402907,-1.374645,-1.602385,-1.617501,3.542732E+9
39.235000,-1.434784,-1.374645,-1.667124,-1.636562,3.542732E+9
39.240000,-1.474876,-1.396006,-1.720034,-1.767028,3.542732E+9
39.245000,-1.476848,-1.432155,-1.737780,-1.836040,3.542732E+9
39.250000,-1.518256,-1.513983,-1.792661,-2.304994,3.542732E+9
39.255000,-1.595483,-1.701631,-1.824866,-2.117675,3.542732E+9
39.260000,-1.789703,-2.130820,-1.874489,-2.422643,3.542732E+9
39.265000,-2.366119,-2.738127,-2.057536,-2.743385,3.542732E+9
39.270000,-2.706907,-2.840331,-2.516302,-3.081874,3.542732E+9
39.275000,-2.734184,-2.893569,-2.895541,-3.328675,3.542732E+9
39.280000,-2.579728,-2.881410,-2.969154,-3.583691,3.542732E+9
39.285000,-2.263586,-2.583014,-2.834416,-3.763781,3.542732E+9
39.290000,-2.548837,-2.522546,-2.695405,-3.609653,3.542732E+9
39.295000,-2.242225,-2.423629,-2.533062,-3.171261,3.542732E+9
39.300000,-2.290863,-2.422972,-2.327669,-2.851833,3.542732E+9
39.305000,-2.257342,-2.529119,-2.170584,-2.517617,3.542732E+9
39.310000,-2.135421,-2.400296,-2.033875,-2.343443,3.542732E+9
39.315000,-2.123590,-2.489683,-1.889606,-2.225794,3.542732E+9
39.320000,-2.145608,-2.525833,-1.889935,-2.288234,3.542732E+9
39.325000,-2.105187,-2.508744,-1.911624,-2.233681,3.542732E+9
39.330000,-2.098286,-2.538320,-1.903409,-2.375978,3.542732E+9
39.335000,-2.066737,-2.419685,-1.948760,-2.483768,3.542732E+9
39.340000,-2.209363,-2.564939,-2.147252,-2.727940,3.542732E+9
39.345000,-2.370719,-2.722353,-2.348044,-2.964224,3.542732E+9
39.350000,-2.573155,-2.837045,-2.595502,-3.050325,3.542732E+9
39.355000,-2.556395,-2.826857,-2.660242,-3.088446,3.542732E+9
39.360000,-2.606347,-2.897512,-2.545550,-3.089432,3.542732E+9
39.365000,-2.469637,-2.820942,-2.334570,-2.899484,3.542732E+9
39.370000,-2.461750,-2.820285,-2.091056,-2.625407,3.542732E+9
39.375000,-2.402268,-2.745357,-1.925098,-2.354288,3.542732E+9
39.380000,-2.369734,-2.613905,-1.831110,-2.221850,3.542732E+9
39.385000,-2.190302,-2.517288,-1.781487,-2.038147,3.542732E+9
39.390000,-2.125562,-2.362504,-1.783788,-2.001012,3.542732E+9
39.395000,-2.021387,-2.322082,-1.816651,-1.939887,3.542732E+9
39.400000,-2.020072,-2.278046,-1.846227,-1.953032,3.542732E+9
39.405000,-2.009227,-2.204762,-1.823881,-1.974064,3.542732E+9
39.410000,-1.974064,-2.152510,-1.803506,-2.094342,3.542732E+9
39.415000,-1.884348,-2.041433,-1.827167,-1.990495,3.542732E+9
39.420000,-1.851814,-1.971106,-1.876133,-2.041762,3.542732E+9
39.425000,-1.777872,-1.879090,-1.887306,-2.064108,3.542732E+9
39.430000,-1.832096,-1.797590,-1.926413,-2.079883,3.542732E+9
39.435000,-1.699001,-1.742709,-1.841626,-2.104530,3.542732E+9
39.440000,-1.666139,-1.764070,-1.802848,-2.014485,3.542732E+9
39.445000,-1.569850,-1.611586,-1.761770,-1.882705,3.542732E+9
39.450000,-1.528114,-1.521213,-1.718062,-1.771300,3.542732E+9
39.455000,-1.418681,-1.423282,-1.651679,-1.671397,3.542732E+9
39.460000,-1.363800,-1.319106,-1.601399,-1.621116,3.542732E+9
39.465000,-1.313848,-1.284929,-1.559334,-1.576094,3.542732E+9
39.470000,-1.346711,-1.298731,-1.647078,-1.562949,3.542732E+9
39.475000,-1.363800,-1.336195,-1.617830,-1.559663,3.542732E+9
39.480000,-1.428540,-1.387133,-1.668768,-1.684213,3.542732E+9
39.485000,-1.434455,-1.405864,-1.679941,-1.743695,3.542732E+9
39.490000,-1.485393,-1.422953,-1.784445,-1.799891,3.542732E+9
39.495000,-1.478820,-1.417695,-1.746324,-1.850171,3.542732E+9
39.500000,-1.515626,-1.460088,-1.759798,-1.897493,3.542732E+9
39.505000,-1.484407,-1.435112,-1.782802,-1.944159,3.542732E+9
39.510000,-1.523514,-1.439056,-1.811064,-1.948760,3.542732E+9
39.515000,-1.459431,-1.410794,-1.790032,-1.925427,3.542732E+9
39.520000,-1.496237,-1.390747,-1.786417,-1.896836,3.542732E+9
39.525000,-1.467647,-1.383189,-1.741395,-1.814022,3.542732E+9
39.530000,-1.425254,-1.365772,-1.722006,-1.737780,3.542732E+9
39.535000,-1.373987,-1.334552,-1.652993,-1.670411,3.542732E+9
39.540000,-1.405536,-1.357556,-1.617173,-1.664824,3.542732E+9
39.545000,-1.373330,-1.348683,-1.581024,-1.620788,3.542732E+9
39.550000,-1.606985,-1.364786,-1.615201,-1.612243,3.542732E+9
39.555000,-1.420981,-1.361171,-1.618816,-1.668768,3.542732E+9
39.560000,-1.476848,-1.457788,-1.667453,-1.704588,3.542732E+9
39.565000,-1.522199,-1.417366,-1.746324,-1.734165,3.542732E+9
39.570000,-1.725949,-1.476848,-1.870217,-1.842941,3.542732E+9
39.575000,-1.891907,-1.634919,-1.997068,-1.916225,3.542732E+9
39.580000,-2.474566,-2.000354,-2.244526,-2.154810,3.542732E+9
39.585000,-2.757845,-2.427244,-2.546865,-2.469966,3.542732E+9
39.590000,-2.814369,-2.525504,-2.864978,-2.967511,3.542732E+9
39.595000,-2.881738,-2.440389,-2.985914,-3.180463,3.542732E+9
39.600000,-2.730240,-2.252084,-2.992486,-3.396372,3.542732E+9
39.605000,-2.584657,-2.186687,-2.881738,-3.337876,3.542732E+9
39.610000,-2.691462,-2.309594,-2.765403,-3.099620,3.542732E+9
39.615000,-2.634609,-2.265558,-2.514659,-2.762117,3.542732E+9
39.620000,-2.707236,-2.271802,-2.416070,-2.392738,3.542732E+9
39.625000,-2.560996,-2.226451,-2.323397,-2.145937,3.542732E+9
39.630000,-2.614562,-2.131806,-2.243540,-2.315838,3.542732E+9
39.635000,-2.618506,-2.258000,-2.245840,-1.940544,3.542732E+9
39.640000,-2.641510,-2.220207,-2.233024,-1.952703,3.542732E+9
39.645000,-2.623435,-2.186030,-2.210348,-2.025330,3.542732E+9
39.650000,-2.694419,-2.224808,-2.323397,-2.197203,3.542732E+9
39.655000,-2.694091,-2.248141,-2.361189,-2.389780,3.542732E+9
39.660000,-2.817655,-2.325697,-2.531748,-2.694091,3.542732E+9
39.665000,-2.924460,-2.424943,-2.646111,-2.829158,3.542732E+9
39.670000,-3.032579,-2.516960,-2.727940,-2.922817,3.542732E+9
39.675000,-2.979670,-2.549822,-2.696720,-2.799909,3.542732E+9
39.680000,-2.852819,-2.525175,-2.675030,-2.603718,3.542732E+9
39.685000,-2.894883,-2.482453,-2.412455,-2.376963,3.542732E+9
39.690000,-2.872865,-2.399968,-2.218564,-2.190302,3.542732E+9
39.695000,-2.644468,-2.325697,-2.054250,-2.027302,3.542732E+9
39.700000,-2.562968,-2.290205,-1.985895,-1.908667,3.542732E+9
39.705000,-2.424615,-2.166312,-1.951389,-1.858387,3.542732E+9
39.710000,-2.658599,-2.126877,-1.965520,-1.673368,3.542732E+9
39.715000,-2.305651,-2.099600,-1.947774,-1.842284,3.542732E+9
39.720000,-2.313209,-2.047677,-1.922798,-1.920169,3.542732E+9
39.725000,-2.225465,-2.004955,-1.894864,-1.945802,3.542732E+9
39.730000,-2.172885,-1.952046,-1.933643,-1.935614,3.542732E+9
39.735000,-2.000026,-1.805149,-1.902752,-1.922798,3.542732E+9
39.740000,-1.955989,-1.754211,-1.922469,-2.074625,3.542732E+9
39.745000,-1.846556,-1.701631,-1.874161,-1.964862,3.542732E+9
39.750000,-1.807449,-1.648393,-1.868245,-1.980308,3.542732E+9
39.755000,-1.702288,-1.579381,-1.793975,-1.894864,3.542732E+9
39.760000,-1.656608,-1.549147,-1.835711,-1.842612,3.542732E+9
39.765000,-1.549475,-1.486707,-1.707217,-1.788717,3.542732E+9
39.770000,-1.500838,-1.448258,-1.667782,-1.745995,3.542732E+9
39.775000,-1.364129,-1.324036,-1.624074,-1.709518,3.542732E+9
39.780000,-1.161036,-1.297745,-1.611915,-1.652008,3.542732E+9
39.785000,-1.367086,-1.320421,-1.603699,-1.629989,3.542732E+9
39.790000,-1.439713,-1.349669,-1.621774,-1.657923,3.542732E+9
39.795000,-1.435441,-1.367743,-1.640177,-1.649378,3.542732E+9
39.800000,-1.475205,-1.392719,-1.705245,-1.689800,3.542732E+9
39.805000,-1.436427,-1.393377,-1.700645,-1.740737,3.542732E+9
39.810000,-1.484735,-1.403235,-1.714447,-1.843927,3.542732E+9
39.815000,-1.439713,-1.393048,-1.709846,-1.867917,3.542732E+9
39.820000,-1.645106,-1.415723,-1.817965,-1.880405,3.542732E+9
39.825000,-1.462060,-1.403235,-1.805149,-1.882048,3.542732E+9
39.830000,-1.507739,-1.435112,-1.812379,-1.916554,3.542732E+9
39.835000,-1.430183,-1.396991,-1.773600,-1.908995,3.542732E+9
39.840000,-1.534030,-1.384175,-1.748296,-2.180772,3.542732E+9
39.845000,-1.406850,-1.364457,-1.707874,-1.800219,3.542732E+9
39.850000,-1.437741,-1.361828,-1.695058,-1.756183,3.542732E+9
39.855000,-1.400606,-1.346711,-1.639191,-1.660552,3.542732E+9
39.860000,-1.401592,-1.366429,-1.628018,-1.744681,3.542732E+9
39.865000,-1.361828,-1.350655,-1.555062,-1.613887,3.542732E+9
39.870000,-1.399620,-1.368729,-1.434127,-1.601399,3.542732E+9
39.875000,-1.383518,-1.378260,-1.652008,-1.667124,3.542732E+9
39.880000,-1.469947,-1.413094,-1.723649,-1.706889,3.542732E+9
39.885000,-1.438399,-1.442342,-1.719705,-1.851814,3.542732E+9
39.890000,-1.534687,-1.606985,-1.802191,-2.000354,3.542732E+9
39.895000,-1.610600,-1.833082,-1.851157,-2.209363,3.542732E+9
39.900000,-2.025659,-2.462078,-1.929370,-2.675030,3.542732E+9
39.905000,-2.551466,-2.885682,-2.219221,-3.029622,3.542732E+9
39.910000,-2.854462,-2.936619,-2.790379,-3.337548,3.542732E+9
39.915000,-2.656956,-2.930704,-3.039152,-3.570875,3.542732E+9
39.920000,-2.433816,-2.724653,-2.949436,-3.882416,3.542732E+9
39.925000,-2.230395,-2.566254,-2.756859,-3.878473,3.542732E+9
39.930000,-2.315838,-2.489355,-2.645454,-3.484445,3.542732E+9
39.935000,-2.129177,-2.362832,-2.385179,-2.975726,3.542732E+9
39.940000,-2.255699,-2.480482,-2.248469,-2.545550,3.542732E+9
39.945000,-2.050635,-2.393066,-2.060822,-2.344429,3.542732E+9
39.950000,-2.028945,-2.412784,-1.896508,-2.216592,3.542732E+9
39.955000,-2.007584,-2.431516,-1.790360,-2.158096,3.542732E+9
39.960000,-2.214621,-2.536677,-1.820594,-2.011856,3.542732E+9
39.965000,-2.042748,-2.493955,-1.855100,-2.239268,3.542732E+9
39.970000,-2.086784,-2.434474,-1.879419,-2.483768,3.542732E+9
39.975000,-2.104201,-2.469308,-1.999040,-2.635923,3.542732E+9
39.980000,-2.292506,-2.640853,-2.204104,-2.935305,3.542732E+9
39.985000,-2.388137,-2.768361,-2.467994,-3.109479,3.542732E+9
39.990000,-2.520246,-2.821599,-2.687847,-3.181120,3.542732E+9
39.995000,-2.530105,-2.834744,-2.651040,-3.141356,3.542732E+9
40.000000,-2.509730,-2.934976,-2.476867,-3.138069,3.542732E+9
40.005000,-2.395038,-2.843289,-2.233681,-2.790051,3.542732E+9
40.010000,-2.459778,-2.800895,-2.151852,-2.548837,3.542732E+9
40.015000,-2.281661,-2.683903,-1.850171,-2.283633,3.542732E+9
40.020000,-2.241240,-2.583343,-1.793647,-2.119647,3.542732E+9
40.025000,-2.080540,-2.504472,-1.759798,-2.044062,3.542732E+9
40.030000,-2.102558,-2.501185,-1.801534,-2.020729,3.542732E+9
40.035000,-2.000683,-2.344429,-1.831768,-1.983923,3.542732E+9
40.040000,-2.036832,-2.342786,-1.835711,-1.988852,3.542732E+9
40.045000,-1.992467,-2.229409,-1.789046,-2.012514,3.542732E+9
40.050000,-2.048006,-2.147580,-1.810407,-2.091713,3.542732E+9
40.055000,-1.842284,-2.012842,-1.829467,-2.007584,3.542732E+9
40.060000,-1.873175,-1.931999,-1.889935,-2.026316,3.542732E+9
40.065000,-1.751911,-1.861344,-1.881391,-2.047677,3.542732E+9
40.070000,-1.789374,-1.792003,-1.895193,-2.116032,3.542732E+9
40.075000,-1.660223,-1.739423,-1.818951,-2.093356,3.542732E+9
40.080000,-1.643792,-1.670082,-1.814350,-2.023030,3.542732E+9
40.085000,-1.574451,-1.582667,-1.766042,-1.865616,3.542732E+9
40.090000,-1.525485,-1.504453,-1.807778,-1.797919,3.542732E+9
40.095000,-1.378260,-1.396334,-1.602056,-1.695058,3.542732E+9
40.100000,-1.350655,-1.305304,-1.615201,-1.595483,3.542732E+9
40.105000,-1.304318,-1.287887,-1.581024,-1.570508,3.542732E+9
40.110000,-1.406850,-1.346383,-1.603042,-1.534687,3.542732E+9
40.115000,-1.362814,-1.350326,-1.599427,-1.562292,3.542732E+9
40.120000,-1.468304,-1.381874,-1.632290,-1.659237,3.542732E+9
40.125000,-1.404550,-1.385161,-1.668110,-1.703274,3.542732E+9
40.130000,-1.496566,-1.395020,-1.800876,-1.782473,3.542732E+9
40.135000,-1.469947,-1.388447,-1.740080,-1.872846,3.542732E+9
40.140000,-1.463703,-1.417695,-1.762098,-2.014814,3.542732E+9
40.145000,-1.492622,-1.411780,-1.787074,-2.000026,3.542732E+9
40.150000,-1.551447,-1.441685,-1.946788,-2.001998,3.542732E+9
40.155000,-1.490979,-1.428211,-1.817637,-1.983923,3.542732E+9
40.160000,-1.519241,-1.605999,-1.812050,-1.902094,3.542732E+9
40.165000,-1.423939,-1.381546,-1.717405,-1.823223,3.542732E+9
40.170000,-1.433141,-1.372016,-1.665153,-1.707546,3.542732E+9
40.175000,-1.387790,-1.315820,-1.629003,-1.612243,3.542732E+9
40.180000,-1.411122,-1.333566,-1.601727,-1.626703,3.542732E+9
40.185000,-1.332909,-1.329294,-1.536001,-1.571493,3.542732E+9
40.190000,-1.416709,-1.339810,-1.648064,-1.608300,3.542732E+9
40.195000,-1.391733,-1.349997,-1.618159,-1.641491,3.542732E+9
40.200000,-1.443657,-1.439385,-1.688157,-1.713790,3.542732E+9
40.205000,-1.492951,-1.395677,-1.737451,-1.765385,3.542732E+9
40.210000,-1.568864,-1.460745,-1.890264,-1.862001,3.542732E+9
40.215000,-1.738766,-1.561635,-1.949088,-1.959933,3.542732E+9
40.220000,-2.160397,-1.822237,-2.144623,-2.070024,3.542732E+9
40.225000,-2.735169,-2.261286,-2.465036,-2.288234,3.542732E+9
40.230000,-2.906714,-2.607004,-2.789393,-2.486726,3.542732E+9
40.235000,-2.848218,-2.596159,-2.988543,-3.105864,3.542732E+9
40.240000,-2.884696,-2.437103,-3.050325,-3.421348,3.542732E+9
40.245000,-2.639210,-2.200818,-2.992815,-3.452568,3.542732E+9
40.250000,-2.657613,-2.253727,-2.885682,-3.371725,3.542732E+9
40.255000,-2.606347,-2.313867,-2.641510,-3.102577,3.542732E+9
40.260000,-2.619163,-2.290863,-2.508415,-2.733855,3.542732E+9
40.265000,-2.584986,-2.193917,-2.370062,-2.316824,3.542732E+9
40.270000,-2.549822,-2.130820,-2.346730,-2.121619,3.542732E+9
40.275000,-2.547522,-2.180772,-2.225794,-1.989838,3.542732E+9
40.280000,-2.654327,-2.258657,-2.266215,-1.875475,3.542732E+9
40.285000,-2.554423,-2.141665,-2.194574,-1.908338,3.542732E+9
40.290000,-2.621464,-2.154153,-2.197203,-2.019086,3.542732E+9
40.295000,-2.545879,-2.135750,-2.245183,-2.169598,3.542732E+9
40.300000,-2.632966,-2.175842,-2.361847,-2.444004,3.542732E+9
40.305000,-2.751930,-2.309266,-2.541607,-2.707565,3.542732E+9
40.310000,-2.991501,-2.406869,-2.698034,-2.943849,3.542732E+9
40.315000,-2.935305,-2.462407,-2.757845,-2.915916,3.542732E+9
40.320000,-3.023049,-2.522218,-2.630337,-2.813055,3.542732E+9
40.325000,-2.926103,-2.492641,-2.569212,-2.586300,3.542732E+9
40.330000,-2.915258,-2.428230,-2.390109,-2.400296,3.542732E+9
40.335000,-2.712494,-2.352974,-2.138050,-2.142979,3.542732E+9
40.340000,-2.583343,-2.450248,-2.048006,-2.012185,3.542732E+9
40.345000,-2.449591,-2.195560,-1.946459,-1.892235,3.542732E+9
40.350000,-2.408840,-2.151195,-1.924770,-1.882048,3.542732E+9
40.355000,-2.310909,-2.115375,-1.923784,-1.825852,3.542732E+9
40.360000,-2.335228,-2.088098,-1.972421,-1.824209,3.542732E+9
40.365000,-2.225794,-2.032231,-1.929699,-1.881062,3.542732E+9
40.370000,-2.243540,-1.898808,-1.902423,-1.908338,3.542732E+9
40.375000,-2.097300,-1.878762,-1.897165,-1.958290,3.542732E+9
40.380000,-2.038804,-1.857072,-1.923455,-1.997068,3.542732E+9
40.385000,-1.903080,-1.767685,-1.925098,-2.004298,3.542732E+9
40.390000,-1.996739,-1.709189,-1.939558,-2.064766,3.542732E+9
40.395000,-1.827167,-1.674026,-1.874818,-2.007584,3.542732E+9
40.400000,-1.743366,-1.642806,-1.812379,-1.941201,3.542732E+9
40.405000,-1.650364,-1.570836,-1.745338,-1.848528,3.542732E+9
40.410000,-1.614215,-1.491637,-1.756183,-1.872846,3.542732E+9
40.415000,-1.446286,-1.408822,-1.659566,-1.675997,3.542732E+9
40.420000,-1.362485,-1.350655,-1.585624,-1.637876,3.542732E+9
40.425000,-1.311219,-1.290844,-1.564592,-1.601399,3.542732E+9
40.430000,-1.336852,-1.286901,-1.663838,-1.592854,3.542732E+9
40.435000,-1.364457,-1.331266,-1.613887,-1.591868,3.542732E+9
40.440000,-1.446943,-1.436427,-1.680927,-1.660552,3.542732E+9
40.445000,-1.421967,-1.389104,-1.698016,-1.726935,3.542732E+9
40.450000,-1.537316,-1.395677,-1.723649,-1.652993,3.542732E+9
40.455000,-1.440042,-1.420981,-1.720034,-1.860030,3.542732E+9
40.460000,-1.492622,-1.414080,-1.756840,-1.886977,3.542732E+9
40.465000,-1.481120,-1.397649,-1.775901,-1.900451,3.542732E+9
40.470000,-1.485393,-1.416052,-1.813036,-1.985566,3.542732E+9
40.475000,-1.432812,-1.412437,-1.774586,-1.899137,3.542732E+9
40.480000,-1.451215,-1.409151,-1.785760,-1.881719,3.542732E+9
40.485000,-1.406850,-1.375631,-1.727592,-1.813364,3.542732E+9
40.490000,-1.468304,-1.372016,-1.736794,-1.757169,3.542732E+9
40.495000,-1.386804,-1.350983,-1.656280,-1.698673,3.542732E+9
40.500000,-1.408822,-1.393705,-1.629989,-1.655294,3.542732E+9
40.505000,-1.354270,-1.348354,-1.605342,-1.635247,3.542732E+9
40.510000,-1.467647,-1.345397,-1.603370,-1.710175,3.542732E+9
40.515000,-1.365443,-1.368072,-1.613887,-1.666139,3.542732E+9
40.520000,-1.430512,-1.390090,-1.720034,-1.708860,3.542732E+9
40.525000,-1.415066,-1.385818,-1.691114,-1.773929,3.542732E+9
40.530000,-1.485721,-1.437413,-1.774915,-1.864302,3.542732E+9
40.535000,-1.456473,-1.479149,-1.765385,-1.902094,3.542732E+9
40.540000,-1.576423,-1.692758,-1.875475,-2.086127,3.542732E+9
40.545000,-1.728907,-2.082512,-1.857072,-2.396353,3.542732E+9
40.550000,-2.300064,-2.619492,-2.048991,-2.760474,3.542732E+9
40.555000,-2.710194,-2.896198,-2.516960,-3.118352,3.542732E+9
40.560000,-2.883710,-3.001688,-3.000374,-3.509092,3.542732E+9
40.565000,-2.681274,-2.964553,-3.093704,-3.823920,3.542732E+9
40.570000,-2.426258,-2.757188,-2.977698,-4.085181,3.542732E+9
40.575000,-2.425601,-2.591230,-2.828500,-3.885045,3.542732E+9
40.580000,-2.388137,-2.494613,-2.717752,-3.379941,3.542732E+9
40.585000,-2.259314,-2.432830,-2.436774,-2.897184,3.542732E+9
40.590000,-2.317482,-2.540949,-2.268516,-2.732540,3.542732E+9
40.595000,-2.082183,-2.373677,-2.050306,-2.311566,3.542732E+9
40.600000,-2.107816,-2.452877,-1.891578,-2.204762,3.542732E+9
40.605000,-2.028616,-2.453205,-1.832754,-2.126548,3.542732E+9
40.610000,-2.091385,-2.492641,-1.928713,-2.141336,3.542732E+9
40.615000,-2.081854,-2.423957,-1.892564,-2.213306,3.542732E+9
40.620000,-2.081197,-2.371048,-1.927070,-2.420671,3.542732E+9
40.625000,-2.119975,-2.456820,-2.066409,-2.672401,3.542732E+9
40.630000,-2.331941,-2.667472,-2.296778,-2.982299,3.542732E+9
40.635000,-2.475224,-2.744700,-2.544893,-3.130511,3.542732E+9
40.640000,-2.564939,-2.839016,-2.679960,-3.128868,3.542732E+9
40.645000,-2.504472,-2.767704,-2.649397,-3.027650,3.542732E+9
40.650000,-2.551466,-2.731555,-2.421328,-3.009247,3.542732E+9
40.655000,-2.397010,-2.713809,-2.146923,-2.647097,3.542732E+9
40.660000,-2.402268,-2.662871,-1.965191,-2.406211,3.542732E+9
40.665000,-2.198189,-2.509401,-1.810407,-2.186358,3.542732E+9
40.670000,-2.224479,-2.428887,-1.835054,-2.102887,3.542732E+9
40.675000,-2.008241,-2.300721,-1.801205,-1.974064,3.542732E+9
40.680000,-1.993782,-2.252413,-1.835054,-2.146594,3.542732E+9
40.685000,-2.003641,-2.216264,-1.812707,-1.979651,3.542732E+9
40.690000,-2.008241,-2.195231,-1.817637,-2.060493,3.542732E+9
40.695000,-1.947445,-2.107816,-1.789374,-1.979651,3.542732E+9
40.700000,-1.926413,-2.033546,-1.891249,-1.946788,3.542732E+9
40.705000,-1.805477,-1.915897,-1.838012,-1.983923,3.542732E+9
40.710000,-1.863316,-1.851814,-1.894536,-2.037161,3.542732E+9
40.715000,-1.727592,-1.813693,-1.872846,-2.048006,3.542732E+9
40.720000,-1.719705,-1.781487,-1.887635,-2.041104,3.542732E+9
40.725000,-1.628346,-1.663838,-1.816979,-2.030588,3.542732E+9
40.730000,-1.812707,-1.650693,-1.778858,-1.942844,3.542732E+9
40.735000,-1.499524,-1.544874,-1.721677,-1.840969,3.542732E+9
40.740000,-1.494594,-1.435770,-1.678955,-1.732193,3.542732E+9
40.745000,-1.365114,-1.343754,-1.605014,-1.670739,3.542732E+9
40.750000,-1.384832,-1.328308,-1.622431,-1.636891,3.542732E+9
40.755000,-1.330608,-1.311877,-1.564592,-1.586282,3.542732E+9
40.760000,-1.341125,-1.304318,-1.602713,-1.595812,3.542732E+9
40.765000,-1.356570,-1.357227,-1.641163,-1.591540,3.542732E+9
40.770000,-1.448258,-1.379574,-1.746324,-1.660881,3.542732E+9
40.775000,-1.422624,-1.397320,-1.667782,-1.734822,3.542732E+9
40.780000,-1.456802,-1.253709,-1.673040,-1.779187,3.542732E+9
40.785000,-1.442671,-1.385818,-1.727921,-1.850171,3.542732E+9
40.790000,-1.546518,-1.432812,-1.810407,-1.930028,3.542732E+9
40.795000,-1.474548,-1.414080,-1.805806,-1.958947,3.542732E+9
40.800000,-1.545532,-1.425254,-1.830124,-2.047677,3.542732E+9
40.805000,-1.490979,-1.430512,-1.794961,-1.991481,3.542732E+9
40.810000,-1.497552,-1.420324,-1.836040,-1.899465,3.542732E+9
40.815000,-1.452530,-1.373987,-1.729564,-1.792989,3.542732E+9
40.820000,-1.419010,-1.563606,-1.718062,-1.744681,3.542732E+9
40.825000,-1.353941,-1.348026,-1.595812,-1.629989,3.542732E+9
40.830000,-1.391733,-1.325350,-1.661866,-1.581352,3.542732E+9
40.835000,-1.355584,-1.321735,-1.547832,-1.559006,3.542732E+9
40.840000,-1.396991,-1.379574,-1.575437,-1.583324,3.542732E+9
40.845000,-1.391733,-1.345068,-1.621116,-1.645106,3.542732E+9
40.850000,-1.720362,-1.385161,-1.694072,-1.740409,3.542732E+9
40.855000,-1.476848,-1.397977,-1.744681,-1.787074,3.542732E+9
40.860000,-1.614544,-1.460088,-1.835054,-1.867588,3.542732E+9
40.865000,-1.768671,-1.565578,-1.932328,-1.964862,3.542732E+9
40.870000,-2.167298,-1.818294,-2.138379,-2.176500,3.542732E+9
40.875000,-2.717752,-2.312881,-2.377949,-2.306637,3.542732E+9
40.880000,-2.881410,-2.676345,-2.739113,-2.664514,3.542732E+9
40.885000,-2.892912,-2.655641,-2.973097,-3.069714,3.542732E+9
40.890000,-3.125910,-2.565268,-3.082531,-3.399659,3.542732E+9
40.895000,-2.681932,-2.354288,-2.992158,-3.521909,3.542732E+9
40.900000,-2.725968,-2.461750,-2.922160,-3.407546,3.542732E+9
40.905000,-2.693105,-2.419357,-2.706250,-3.160745,3.542732E+9
40.910000,-2.706907,-2.353959,-2.534377,-2.852162,3.542732E+9
40.915000,-2.644468,-2.335556,-2.398324,-2.440060,3.542732E+9
40.920000,-2.627379,-2.245512,-2.310909,-2.212977,3.542732E+9
40.925000,-2.602732,-2.260629,-2.231052,-2.056879,3.542732E+9
40.930000,-2.682917,-2.344101,-2.390109,-2.007584,3.542732E+9
40.935000,-2.558695,-2.232038,-2.207391,-1.917868,3.542732E+9
40.940000,-2.588929,-2.234338,-2.197203,-2.287905,3.542732E+9
40.945000,-2.571512,-2.211663,-2.214621,-2.201147,3.542732E+9
40.950000,-2.651369,-2.275088,-2.335885,-2.500857,3.542732E+9
40.955000,-2.698692,-2.345415,-2.487712,-2.677659,3.542732E+9
40.960000,-2.852819,-2.444332,-2.809440,-2.857420,3.542732E+9
40.965000,-2.887982,-2.516960,-2.687190,-2.888311,3.542732E+9
40.970000,-2.940563,-2.550480,-2.708879,-2.821270,3.542732E+9
40.975000,-2.845589,-2.512359,-2.532077,-2.594845,3.542732E+9
40.980000,-2.799581,-2.715452,-2.357903,-2.354617,3.542732E+9
40.985000,-2.655970,-2.364476,-2.101572,-2.201147,3.542732E+9
40.990000,-2.537992,-2.335556,-1.974721,-2.071338,3.542732E+9
40.995000,-2.365133,-2.218564,-1.949088,-1.900451,3.542732E+9
41.000000,-2.479824,-2.116032,-1.915568,-1.928713,3.542732E+9
41.005000,-2.220207,-2.071996,-1.852800,-1.822566,3.542732E+9
41.010000,-2.238939,-2.064766,-1.845899,-1.850828,3.542732E+9
41.015000,-2.078897,-1.951389,-1.834397,-1.827167,3.542732E+9
41.020000,-2.076268,-1.896836,-1.908995,-1.850171,3.542732E+9
41.025000,-1.936272,-1.813036,-1.824538,-1.871532,3.542732E+9
41.030000,-1.906038,-1.715104,-1.865288,-2.067066,3.542732E+9
41.035000,-1.810078,-1.674683,-1.871532,-1.974064,3.542732E+9
41.040000,-1.779516,-1.665810,-1.908995,-2.018100,3.542732E+9
41.045000,-1.714118,-1.620131,-1.868903,-1.997725,3.542732E+9
41.050000,-1.724963,-1.611915,-1.893879,-1.990495,3.542732E+9
41.055000,-1.589239,-1.543231,-1.732850,-1.876461,3.542732E+9
41.060000,-1.510697,-1.511354,-1.685856,-1.770643,3.542732E+9
41.065000,-1.385818,-1.373987,-1.634590,-1.707546,3.542732E+9
41.070000,-1.368072,-1.314177,-1.617501,-1.634590,3.542732E+9
41.075000,-1.303661,-1.287887,-1.598112,-1.573794,3.542732E+9
41.080000,-1.386804,-1.327651,-1.601070,-1.610272,3.542732E+9
41.085000,-1.362157,-1.337838,-1.628018,-1.596798,3.542732E+9
41.090000,-1.464360,-1.364457,-1.742709,-1.697030,3.542732E+9
41.095000,-1.419667,-1.374316,-1.695058,-1.737122,3.542732E+9
41.100000,-1.433141,-1.390090,-1.715104,-1.850828,3.542732E+9
41.105000,-1.452201,-1.404221,-1.706889,-1.850171,3.542732E+9
41.110000,-1.475862,-1.425582,-1.852800,-1.900780,3.542732E+9
41.115000,-1.438399,-1.413752,-1.770643,-1.904723,3.542732E+9
41.120000,-1.496895,-1.409808,-1.834725,-1.876790,3.542732E+9
41.125000,-1.441685,-1.402578,-1.791675,-1.897165,3.542732E+9
41.130000,-1.456145,-1.410794,-1.764399,-1.890264,3.542732E+9
41.135000,-1.415066,-1.380560,-1.756512,-1.811064,3.542732E+9
41.140000,-1.453516,-1.370372,-1.730221,-1.747639,3.542732E+9
41.145000,-1.356570,-1.338824,-1.654308,-1.682570,3.542732E+9
41.150000,-1.401921,-1.337838,-1.682241,-1.687171,3.542732E+9
41.155000,-1.344411,-1.339481,-1.591868,-1.650693,3.542732E+9
41.160000,-1.383846,-1.418681,-1.626374,-1.679284,3.542732E+9
41.165000,-1.389433,-1.358870,-1.627360,-1.688814,3.542732E+9
41.170000,-1.442014,-1.412108,-1.738437,-1.730878,3.542732E+9
41.175000,-1.432812,-1.439385,-1.689471,-1.786088,3.542732E+9
41.180000,-1.507082,-1.563278,-1.753225,-1.856743,3.542732E+9
41.185000,-1.552433,-1.722991,-1.789374,-2.041433,3.542732E+9
41.190000,-1.666139,-2.224479,-1.862659,-2.341471,3.542732E+9
41.195000,-2.418042,-2.752258,-2.083498,-2.714466,3.542732E+9
41.200000,-2.740756,-2.814369,-2.562639,-3.122624,3.542732E+9
41.205000,-2.619163,-2.853805,-2.883710,-3.406888,3.542732E+9
41.210000,-2.433159,-2.703292,-2.928075,-3.677351,3.542732E+9
41.215000,-2.196217,-2.466022,-2.784793,-3.796644,3.542732E+9
41.220000,-2.315838,-2.521560,-2.666157,-3.607681,3.542732E+9
41.225000,-2.258000,-2.457478,-2.429216,-3.109807,3.542732E+9
41.230000,-2.304994,-2.543907,-2.320768,-2.706907,3.542732E+9
41.235000,-2.192931,-2.516302,-2.115375,-2.400953,3.542732E+9
41.240000,-2.099600,-2.193588,-1.975050,-2.210348,3.542732E+9
41.245000,-2.082183,-2.488369,-1.883034,-2.157439,3.542732E+9
41.250000,-2.128520,-2.605032,-1.884677,-2.189316,3.542732E+9
41.255000,-2.104858,-2.548508,-1.905381,-2.218564,3.542732E+9
41.260000,-2.204104,-2.510387,-1.942187,-2.407526,3.542732E+9
41.265000,-2.154153,-2.513673,-2.033217,-2.611276,3.542732E+9
41.270000,-2.387480,-2.678317,-2.235324,-2.917559,3.542732E+9
41.275000,-2.487383,-2.817655,-2.453534,-3.109150,3.542732E+9
41.280000,-2.604046,-2.927418,-2.658599,-3.196237,3.542732E+9
41.285000,-2.591558,-2.904085,-2.632637,-3.141684,3.542732E+9
41.290000,-2.627379,-2.918873,-2.498556,-3.492661,3.542732E+9
41.295000,-2.532077,-2.909672,-2.257014,-2.779534,3.542732E+9
41.300000,-2.506115,-2.906714,-2.085469,-2.573812,3.542732E+9
41.305000,-2.358560,-2.733855,-1.870546,-2.281332,3.542732E+9
41.310000,-2.305322,-2.647754,-2.143308,-2.167955,3.542732E+9
41.315000,-2.130820,-2.528133,-1.781487,-2.047020,3.542732E+9
41.320000,-2.116689,-2.404568,-1.862001,-1.965191,3.542732E+9
41.325000,-2.046034,-2.376635,-1.850171,-1.975379,3.542732E+9
41.330000,-2.107487,-2.467665,-1.848199,-2.023358,3.542732E+9
41.335000,-2.009885,-2.259971,-1.810407,-2.031245,3.542732E+9
41.340000,-2.040118,-2.234667,-1.819937,-2.008241,3.542732E+9
41.345000,-1.896508,-2.060165,-1.818294,-2.011528,3.542732E+9
41.350000,-1.943830,-1.955004,-1.859372,-2.110445,3.542732E+9
41.355000,-1.774258,-1.885006,-1.862001,-2.020401,3.542732E+9
41.360000,-1.738766,-1.786417,-1.864302,-2.056550,3.542732E+9
41.365000,-1.673368,-1.713790,-1.784445,-2.023030,3.542732E+9
41.370000,-1.617501,-1.649050,-1.784116,-1.985566,3.542732E+9
41.375000,-1.502810,-1.563935,-1.746981,-1.804491,3.542732E+9
41.380000,-1.459431,-1.472576,-1.714447,-1.734493,3.542732E+9
41.385000,-1.369058,-1.361171,-1.608300,-1.694072,3.542732E+9
41.390000,-1.522199,-1.310233,-1.646421,-1.659895,3.542732E+9
41.395000,-1.295445,-1.280328,-1.586282,-1.613887,3.542732E+9
41.400000,-1.369387,-1.386804,-1.615858,-1.589239,3.542732E+9
41.405000,-1.371687,-1.360842,-1.630647,-1.639848,3.542732E+9
41.410000,-1.573137,-1.413752,-1.648064,-1.710503,3.542732E+9
41.415000,-1.459102,-1.406193,-1.669425,-1.741395,3.542732E+9
41.420000,-1.485064,-1.405207,-1.699987,-1.780501,3.542732E+9
41.425000,-1.450558,-1.399292,-1.710175,-1.819937,3.542732E+9
41.430000,-1.496566,-1.409808,-1.777215,-1.766042,3.542732E+9
41.435000,-1.443328,-1.388447,-1.775901,-1.912282,3.542732E+9
41.440000,-1.465675,-1.426897,-1.828153,-1.975707,3.542732E+9
41.445000,-1.454501,-1.404550,-1.800548,-1.950731,3.542732E+9
41.450000,-1.536330,-1.405207,-1.862987,-1.934957,3.542732E+9
41.455000,-1.445957,-1.363143,-1.722334,-1.866274,3.542732E+9
41.460000,-1.432812,-1.405536,-1.690786,-1.794961,3.542732E+9
41.465000,-1.373330,-1.363143,-1.623417,-1.665153,3.542732E+9
41.470000,-1.497223,-1.342110,-1.628018,-1.672711,3.542732E+9
41.475000,-1.387790,-1.362157,-1.558677,-1.569193,3.542732E+9
41.480000,-1.394691,-1.341125,-1.422953,-1.574451,3.542732E+9
41.485000,-1.388776,-1.342439,-1.592197,-1.608628,3.542732E+9
41.490000,-1.421310,-1.363800,-1.685199,-1.715104,3.542732E+9
41.495000,-1.444643,-1.361828,-1.720034,-1.744681,3.542732E+9
41.500000,-1.503467,-1.416709,-1.887635,-1.817637,3.542732E+9
41.505000,-1.555391,-1.440370,-1.834725,-1.922798,3.542732E+9
41.510000,-1.786088,-1.566235,-1.932328,-2.012185,3.542732E+9
41.515000,-2.066080,-1.823223,-2.103215,-2.162697,3.542732E+9
41.520000,-2.702307,-2.233352,-2.366447,-2.339500,3.542732E+9
41.525000,-2.905071,-2.642496,-2.685218,-2.615877,3.542732E+9
41.530000,-2.936291,-2.752587,-2.962252,-3.111122,3.542732E+9
41.535000,-2.869250,-2.543579,-3.042438,-3.360880,3.542732E+9
41.540000,-2.777234,-2.385836,-3.096333,-3.485102,3.542732E+9
41.545000,-2.622121,-2.358560,-2.869579,-3.437780,3.542732E+9
41.550000,-2.608319,-2.317153,-2.753244,-3.338862,3.542732E+9
41.555000,-2.515974,-2.304994,-2.533720,-2.856434,3.542732E+9
41.560000,-2.561982,-2.201804,-2.577756,-2.436117,3.542732E+9
41.565000,-2.418371,-2.141994,-2.286262,-2.233681,3.542732E+9
41.570000,-2.557052,-2.219879,-2.202461,-2.141008,3.542732E+9
41.575000,-2.543579,-2.306308,-2.193588,-2.018100,3.542732E+9
41.580000,-2.518274,-2.265558,-2.207391,-1.950074,3.542732E+9
41.585000,-2.499542,-2.180772,-2.202790,-2.003969,3.542732E+9
41.590000,-2.567568,-2.214621,-2.222179,-2.230066,3.542732E+9
41.595000,-2.558038,-2.255699,-2.284290,-2.471280,3.542732E+9
41.600000,-2.745686,-2.356917,-2.440718,-2.801224,3.542732E+9
41.605000,-2.771647,-2.466679,-2.599117,-2.917559,3.542732E+9
41.610000,-2.957652,-2.544564,-2.724982,-3.018777,3.542732E+9
41.615000,-2.857420,-2.580714,-2.714137,-2.879766,3.542732E+9
41.620000,-2.883381,-2.559353,-2.653341,-2.693762,3.542732E+9
41.625000,-2.748315,-2.499542,-2.384851,-2.519917,3.542732E+9
41.630000,-2.694091,-2.434145,-2.188002,-2.501843,3.542732E+9
41.635000,-2.532077,-2.348701,-2.038147,-2.103873,3.542732E+9
41.640000,-2.467337,-2.306308,-1.965848,-2.030917,3.542732E+9
41.645000,-2.373349,-2.228094,-1.900451,-1.939558,3.542732E+9
41.650000,-2.326355,-2.207391,-2.071338,-1.915239,3.542732E+9
41.655000,-2.229409,-2.113403,-1.899137,-1.863973,3.542732E+9
41.660000,-2.246498,-2.077582,-1.911296,-1.851485,3.542732E+9
41.665000,-2.123590,-2.008570,-1.864302,-1.905052,3.542732E+9
41.670000,-2.090399,-1.968806,-1.847870,-1.944159,3.542732E+9
41.675000,-1.942844,-1.819280,-1.896508,-1.949745,3.542732E+9
41.680000,-1.928056,-1.768014,-1.945802,-1.951060,3.542732E+9
41.685000,-1.822895,-1.684542,-1.926413,-2.019086,3.542732E+9
41.690000,-1.912610,-1.690457,-1.903409,-2.151195,3.542732E+9
41.695000,-1.695715,-1.624403,-1.815665,-2.010870,3.542732E+9
41.700000,-1.675669,-1.575108,-1.785102,-1.929370,3.542732E+9
41.705000,-1.571493,-1.501495,-1.723320,-1.803177,3.542732E+9
41.710000,-1.492294,-1.405864,-1.677969,-1.833739,3.542732E+9
41.715000,-1.369715,-1.333895,-1.570836,-1.674354,3.542732E+9
41.720000,-1.336524,-1.335209,-1.584310,-1.612572,3.542732E+9
41.725000,-1.315491,-1.290844,-1.589568,-1.536987,3.542732E+9
41.730000,-1.479477,-1.310562,-1.695387,-1.556048,3.542732E+9
41.735000,-1.389433,-1.348026,-1.661209,-1.624731,3.542732E+9
41.740000,-1.407508,-1.442342,-1.676655,-1.674354,3.542732E+9
41.745000,-1.424925,-1.354598,-1.685856,-1.763741,3.542732E+9
41.750000,-1.254038,-1.375302,-1.717405,-1.861344,3.542732E+9
41.755000,-1.444314,-1.401592,-1.727592,-1.897493,3.542732E+9
41.760000,-1.540602,-1.407508,-1.789046,-1.962233,3.542732E+9
41.765000,-1.483421,-1.422953,-1.776887,-1.975379,3.542732E+9
41.770000,-1.517270,-1.428868,-1.851485,-2.362175,3.542732E+9
41.775000,-1.479806,-1.416709,-1.779844,-1.900780,3.542732E+9
41.780000,-1.474876,-1.423939,-1.766042,-1.852800,3.542732E+9
41.785000,-1.399949,-1.366429,-1.688157,-1.770314,3.542732E+9
41.790000,-1.558348,-1.366758,-1.710832,-1.687828,3.542732E+9
41.795000,-1.357556,-1.321078,-1.625060,-1.612901,3.542732E+9
41.800000,-1.383846,-1.360514,-1.598770,-1.567878,3.542732E+9
41.805000,-1.361171,-1.316477,-1.563606,-1.620788,3.542732E+9
41.810000,-1.487036,-1.370372,-1.607643,-1.729235,3.542732E+9
41.815000,-1.400935,-1.371358,-1.629003,-1.711161,3.542732E+9
41.820000,-1.509711,-1.390747,-1.711489,-1.764727,3.542732E+9
41.825000,-1.469947,-1.455159,-1.726935,-1.832096,3.542732E+9
41.830000,-1.509711,-1.515626,-1.774258,-2.034860,3.542732E+9
41.835000,-1.587268,-1.673040,-1.783131,-2.045705,3.542732E+9
41.840000,-1.811064,-2.095328,-2.077254,-2.304665,3.542732E+9
41.845000,-2.313538,-2.619492,-2.044391,-2.605689,3.542732E+9
41.850000,-2.659913,-2.693434,-2.464379,-2.914601,3.542732E+9
41.855000,-2.583671,-2.718738,-2.793994,-3.243231,3.542732E+9
41.860000,-2.505129,-2.700663,-2.888639,-3.509421,3.542732E+9
41.865000,-2.203447,-2.409169,-2.770004,-3.632000,3.542732E+9
41.870000,-2.404568,-2.387151,-2.658599,-3.563645,3.542732E+9
41.875000,-2.248798,-2.334899,-2.484425,-3.032251,3.542732E+9
41.880000,-2.219550,-2.333913,-2.280675,-2.671087,3.542732E+9
41.885000,-2.189645,-2.386165,-2.079883,-2.393066,3.542732E+9
41.890000,-2.113074,-2.325040,-1.977022,-2.607990,3.542732E+9
41.895000,-2.107159,-2.378935,-1.865616,-2.114389,3.542732E+9
41.900000,-2.137064,-2.517945,-1.910639,-2.155467,3.542732E+9
41.905000,-2.131149,-2.462736,-1.918526,-2.183729,3.542732E+9
41.910000,-2.155467,-2.469308,-1.992139,-2.342129,3.542732E+9
41.915000,-2.143637,-2.438089,-2.046034,-2.567568,3.542732E+9
41.920000,-2.355274,-2.588601,-2.242225,-2.805168,3.542732E+9
41.925000,-2.471280,-2.760474,-2.450905,-3.038823,3.542732E+9
41.930000,-2.712823,-2.950422,-2.622121,-3.198209,3.542732E+9
41.935000,-2.668458,-2.923146,-2.678317,-3.179477,3.542732E+9
41.940000,-2.729911,-2.959295,-2.600431,-3.070043,3.542732E+9
41.945000,-2.606675,-2.893898,-2.348701,-2.870236,3.542732E+9
41.950000,-2.701978,-2.908357,-2.109788,-2.734512,3.542732E+9
41.955000,-2.491655,-2.827186,-1.928056,-2.360861,3.542732E+9
41.960000,-2.455506,-2.704278,-1.866602,-2.180115,3.542732E+9
41.965000,-2.305651,-2.611605,-1.831439,-2.042419,3.542732E+9
41.970000,-2.204104,-2.478181,-1.845241,-2.014485,3.542732E+9
41.975000,-2.141994,-2.429216,-1.866602,-2.002655,3.542732E+9
41.980000,-2.178143,-2.385179,-1.890592,-2.095657,3.542732E+9
41.985000,-2.094342,-2.302693,-1.861673,-2.050963,3.542732E+9
41.990000,-2.107487,-2.294149,-1.867588,-2.133121,3.542732E+9
41.995000,-1.999040,-2.156125,-1.880405,-2.085141,3.542732E+9
42.000000,-2.157110,-2.088427,-1.937586,-2.057207,3.542732E+9
42.005000,-1.884020,-1.977350,-1.890592,-2.112746,3.542732E+9
42.010000,-1.904723,-2.045377,-1.871203,-2.085798,3.542732E+9
42.015000,-1.727264,-1.823881,-1.836368,-2.026973,3.542732E+9
42.020000,-1.702616,-1.746653,-1.792661,-1.927070,3.542732E+9
42.025000,-1.615201,-1.659895,-1.749282,-1.849514,3.542732E+9
42.030000,-1.564921,-1.543560,-1.718719,-1.790689,3.542732E+9
42.035000,-1.385818,-1.402907,-1.638862,-1.668768,3.542732E+9
42.040000,-1.328637,-1.298403,-1.673040,-1.619145,3.542732E+9
42.045000,-1.286572,-1.303661,-1.570836,-1.609614,3.542732E+9
42.050000,-1.341125,-1.321407,-1.626374,-1.682899,3.542732E+9
42.055000,-1.378588,-1.350655,-1.651679,-1.638862,3.542732E+9
42.060000,-1.441028,-1.415395,-1.740080,-1.697358,3.542732E+9
42.065000,-1.429854,-1.403235,-1.659895,-1.760455,3.542732E+9
42.070000,-1.501495,-1.424925,-1.717076,-1.812050,3.542732E+9
42.075000,-1.433798,-1.399292,-1.720362,-1.819280,3.542732E+9
42.080000,-1.498209,-1.421967,-1.763084,-1.835054,3.542732E+9
42.085000,-1.456802,-1.401921,-1.785431,-1.885663,3.542732E+9
42.090000,-1.520227,-1.400606,-1.805477,-1.968477,3.542732E+9
42.095000,-1.459760,-1.387461,-1.789046,-1.935286,3.542732E+9
42.100000,-1.473891,-1.382860,-1.836368,-1.916554,3.542732E+9
42.105000,-1.406850,-1.378260,-1.736137,-1.831110,3.542732E+9
42.110000,-1.460745,-1.364129,-1.699659,-1.820594,3.542732E+9
42.115000,-1.398635,-1.368729,-1.629989,-1.693086,3.542732E+9
42.120000,-1.392062,-1.360842,-1.657594,-1.636891,3.542732E+9
42.125000,-1.361828,-1.333895,-1.572479,-1.603370,3.542732E+9
42.130000,-1.423610,-1.396991,-1.587596,-1.611258,3.542732E+9
42.135000,-1.394362,-1.357885,-1.608300,-1.634262,3.542732E+9
42.140000,-1.504124,-1.344082,-1.664824,-1.688814,3.542732E+9
42.145000,-1.434784,-1.389433,-1.726606,-1.734822,3.542732E+9
42.150000,-1.550790,-1.397320,-1.769985,-1.823881,3.542732E+9
42.155000,-1.577737,-1.442014,-1.845241,-1.885991,3.542732E+9
42.160000,-1.834068,-1.605014,-2.002326,-1.874818,3.542732E+9
42.165000,-2.241240,-1.894536,-2.156453,-2.153496,3.542732E+9
42.170000,-2.776905,-2.385836,-2.482125,-2.425272,3.542732E+9
42.175000,-2.791037,-2.595831,-2.765075,-2.767704,3.542732E+9
42.180000,-2.856434,-2.492641,-3.017791,-3.069057,3.542732E+9
42.185000,-2.768032,-2.324054,-2.933333,-3.299427,3.542732E+9
42.190000,-2.603718,-2.213963,-2.856762,-3.342806,3.542732E+9
42.195000,-2.570855,-2.289548,-2.719395,-3.110793,3.542732E+9
42.200000,-2.636909,-2.298421,-2.556395,-2.634938,3.542732E+9
42.205000,-2.546865,-2.186687,-2.375649,-2.498556,3.542732E+9
42.210000,-2.578085,-2.183072,-2.311566,-2.259314,3.542732E+9
42.215000,-2.420343,-2.108473,-2.238282,-2.080211,3.542732E+9
42.220000,-2.529447,-2.184715,-2.260300,-2.020401,3.542732E+9
42.225000,-2.555081,-2.235653,-2.232695,-2.012842,3.542732E+9
42.230000,-2.580385,-2.063780,-2.262600,-2.085469,3.542732E+9
42.235000,-2.525833,-2.148237,-2.235653,-2.161711,3.542732E+9
42.240000,-2.640196,-2.198518,-2.705921,-2.341800,3.542732E+9
42.245000,-2.668786,-2.273445,-2.381236,-2.558367,3.542732E+9
42.250000,-2.859391,-2.391423,-2.574141,-2.752587,3.542732E+9
42.255000,-2.860049,-2.483768,-2.639210,-2.810426,3.542732E+9
42.260000,-2.954365,-2.560339,-2.679302,-2.763760,3.542732E+9
42.265000,-2.868593,-2.517945,-2.600431,-2.661228,3.542732E+9
42.270000,-2.889625,-2.515974,-2.458464,-2.488369,3.542732E+9
42.275000,-2.735498,-2.408512,-2.263258,-2.299078,3.542732E+9
42.280000,-2.769018,-2.361847,-2.122933,-2.246169,3.542732E+9
42.285000,-2.523532,-2.314195,-2.021387,-2.065094,3.542732E+9
42.290000,-2.531748,-2.259643,-1.996411,-2.009227,3.542732E+9
42.295000,-2.408183,-2.175185,-1.966177,-1.941201,3.542732E+9
42.300000,-2.398653,-2.185701,-1.972092,-1.945473,3.542732E+9
42.305000,-2.280675,-2.140022,-1.904723,-1.940215,3.542732E+9
42.310000,-2.269830,-2.057864,-1.887306,-2.026645,3.542732E+9
42.315000,-2.179129,-1.985566,-1.883362,-1.896836,3.542732E+9
42.320000,-2.109788,-1.932985,-1.917540,-1.908010,3.542732E+9
42.325000,-1.988852,-1.831768,-1.902094,-1.960919,3.542732E+9
42.330000,-2.014485,-1.800219,-1.968149,-1.986223,3.542732E+9
42.335000,-1.827495,-1.711818,-1.901437,-1.993125,3.542732E+9
42.340000,-1.835054,-1.683227,-1.902423,-1.962562,3.542732E+9
42.345000,-1.717733,-1.635247,-1.807778,-1.923455,3.542732E+9
42.350000,-1.714118,-1.552433,-1.755197,-1.892235,3.542732E+9
42.355000,-1.561635,-1.488350,-1.669096,-1.787403,3.542732E+9
42.360000,-1.519570,-1.416709,-1.671397,-1.748296,3.542732E+9
42.365000,-1.365114,-1.329622,-1.612243,-1.647735,3.542732E+9
42.370000,-1.408822,-1.320092,-1.641163,-1.630318,3.542732E+9
42.375000,-1.365443,-1.341782,-1.596141,-1.592854,3.542732E+9
42.380000,-1.388447,-1.383846,-1.636233,-1.608300,3.542732E+9
42.385000,-1.409479,-1.360185,-1.640834,-1.610929,3.542732E+9
42.390000,-1.423282,-1.386804,-1.767356,-1.696044,3.542732E+9
42.395000,-1.400935,-1.369058,-1.689471,-1.778201,3.542732E+9
42.400000,-1.464032,-1.413094,-1.723320,-1.847870,3.542732E+9
42.405000,-1.428868,-1.383518,-1.744352,-1.918854,3.542732E+9
42.410000,-1.541260,-1.398635,-1.811393,-1.959933,3.542732E+9
42.415000,-1.496237,-1.419667,-1.813693,-1.971764,3.542732E+9
42.420000,-1.537316,-1.433141,-1.817965,-1.977350,3.542732E+9
42.425000,-1.460745,-1.419010,-1.733179,-1.884020,3.542732E+9
42.430000,-1.466332,-1.391076,-1.770314,-1.949088,3.542732E+9
42.435000,-1.409479,-1.371687,-1.668110,-1.700973,3.542732E+9
42.440000,-1.401921,-1.369387,-1.652665,-1.650693,3.542732E+9
42.445000,-1.351969,-1.327322,-1.585296,-1.596798,3.542732E+9
42.450000,-1.446286,-1.342768,-1.649707,-1.589568,3.542732E+9
42.455000,-1.345397,-1.327979,-1.611586,-1.600413,3.542732E+9
42.460000,-1.440699,-1.391076,-1.649707,-1.688814,3.542732E+9
42.465000,-1.405864,-1.401592,-1.675340,-1.780501,3.542732E+9
42.470000,-1.522856,-1.447600,-1.710832,-1.936272,3.542732E+9
42.475000,-1.484407,-1.515955,-1.747967,-1.944816,3.542732E+9
42.480000,-1.603699,-1.720362,-1.973078,-2.133449,3.542732E+9
42.485000,-1.715762,-2.151195,-1.801205,-2.423957,3.542732E+9
42.490000,-2.236639,-2.864978,-1.964205,-2.925446,3.542732E+9
42.495000,-2.669115,-2.937934,-2.409169,-3.153844,3.542732E+9
42.500000,-2.745357,-2.916573,-2.994787,-3.422663,3.542732E+9
42.505000,-2.463064,-2.875166,-2.984599,-3.726317,3.542732E+9
42.510000,-2.211334,-2.694419,-2.787750,-3.952743,3.542732E+9
42.515000,-2.236639,-2.526818,-2.623435,-3.840023,3.542732E+9
42.520000,-2.282975,-2.522875,-2.504800,-3.315529,3.542732E+9
42.525000,-2.163683,-2.452877,-2.307623,-2.846246,3.542732E+9
42.530000,-2.235981,-2.516960,-2.168613,-2.617520,3.542732E+9
42.535000,-1.990167,-2.361847,-1.973407,-2.301379,3.542732E+9
42.540000,-2.035846,-2.375320,-1.846885,-2.213306,3.542732E+9
42.545000,-1.967163,-2.442032,-1.781816,-2.147909,3.542732E+9
42.550000,-2.047020,-2.484097,-1.827495,-2.211992,3.542732E+9
42.555000,-2.004627,-2.477195,-1.806463,-2.301379,3.542732E+9
42.560000,-2.022044,-2.303679,-1.876790,-2.573484,3.542732E+9
42.565000,-2.064766,-2.487712,-2.034532,-2.725639,3.542732E+9
42.570000,-2.220865,-2.680288,-2.579728,-3.063470,3.542732E+9
42.575000,-2.398653,-2.779206,-2.546208,-3.155815,3.542732E+9
42.580000,-2.709208,-2.807139,-2.707565,-3.171918,3.542732E+9
42.585000,-2.437431,-2.790379,-2.561325,-3.135440,3.542732E+9
42.590000,-2.467994,-3.024363,-2.368748,-2.983285,3.542732E+9
42.595000,-2.352316,-2.795637,-2.122276,-2.698692,3.542732E+9
42.600000,-2.371377,-2.851176,-1.921155,-2.419685,3.542732E+9
42.605000,-2.216264,-2.623435,-1.780173,-2.213306,3.542732E+9
42.610000,-2.178143,-2.553109,-1.732522,-2.101901,3.542732E+9
42.615000,-1.981294,-2.389780,-1.738108,-2.004298,3.542732E+9
42.620000,-2.048663,-2.327012,-1.810735,-1.996739,3.542732E+9
42.625000,-1.969463,-2.283633,-1.790032,-1.967163,3.542732E+9
42.630000,-2.042419,-2.246826,-1.923127,-2.043076,3.542732E+9
42.635000,-1.943830,-2.200490,-1.795618,-2.021387,3.542732E+9
42.640000,-1.924112,-2.073310,-1.872846,-2.280675,3.542732E+9
42.645000,-1.840969,-1.956318,-1.883034,-2.094671,3.542732E+9
42.650000,-1.828153,-1.961247,-1.908338,-2.179457,3.542732E+9
42.655000,-1.768342,-1.872189,-1.884348,-2.139693,3.542732E+9
42.660000,-1.761770,-1.797919,-1.918526,-2.101244,3.542732E+9
42.665000,-1.650036,-1.748953,-1.786745,-1.999368,3.542732E+9
42.670000,-1.646749,-1.891249,-1.775243,-1.895193,3.542732E+9
42.675000,-1.505110,-1.547832,-1.695715,-1.778201,3.542732E+9
42.680000,-1.434784,-1.461731,-1.633933,-1.689800,3.542732E+9
42.685000,-1.310562,-1.333566,-1.588911,-1.617173,3.542732E+9
42.690000,-1.378260,-1.303661,-1.613887,-1.598770,3.542732E+9
42.695000,-1.308262,-1.296102,-1.589897,-1.563606,3.542732E+9
42.700000,-1.355913,-1.336524,-1.670739,-1.612572,3.542732E+9
42.705000,-1.399292,-1.360185,-1.620459,-1.660881,3.542732E+9
42.710000,-1.457788,-1.396663,-1.684213,-1.778530,3.542732E+9
42.715000,-1.441028,-1.390419,-1.691772,-1.759469,3.542732E+9
42.720000,-1.499852,-1.422296,-1.795290,-1.848856,3.542732E+9
42.725000,-1.449243,-1.419995,-1.732522,-1.911296,3.542732E+9
42.730000,-1.526143,-1.349669,-1.775243,-1.918197,3.542732E+9
42.735000,-1.498209,-1.413423,-1.816651,-1.951060,3.542732E+9
42.740000,-1.506425,-1.447272,-1.834068,-1.941530,3.542732E+9
42.745000,-1.453187,-1.396006,-1.779844,-1.903737,3.542732E+9
42.750000,-1.500181,-1.378917,-1.753225,-1.896179,3.542732E+9
42.755000,-1.389433,-1.348026,-1.686842,-1.764070,3.542732E+9
42.760000,-1.406193,-1.339153,-1.696372,-1.688814,3.542732E+9
42.765000,-1.382532,-1.320421,-1.597784,-1.652665,3.542732E+9
42.770000,-1.370701,-1.382203,-1.586282,-1.691443,3.542732E+9
42.775000,-1.380889,-1.328308,-1.553747,-1.633604,3.542732E+9
42.780000,-1.523185,-1.350983,-1.694401,-1.622102,3.542732E+9
42.785000,-1.424268,-1.383846,-1.637548,-1.661538,3.542732E+9
42.790000,-1.503467,-1.448915,-1.693086,-1.711489,3.542732E+9
42.795000,-1.526471,-1.420981,-1.761441,-1.792003,3.542732E+9
42.800000,-1.757497,-1.479477,-1.901766,-1.940215,3.542732E+9
42.805000,-1.945473,-1.658251,-2.055564,-1.968477,3.542732E+9
42.810000,-2.580714,-1.999368,-2.361189,-2.197861,3.542732E+9
42.815000,-2.905728,-2.438417,-2.693105,-2.535034,3.542732E+9
42.820000,-2.905400,-2.655641,-3.030607,-3.062156,3.542732E+9
42.825000,-2.931033,-2.474566,-3.110464,-3.371068,3.542732E+9
42.830000,-2.905071,-2.338185,-2.972769,-3.532425,3.542732E+9
42.835000,-2.724325,-2.268187,-3.021406,-3.467685,3.542732E+9
42.840000,-2.770661,-2.365461,-2.837373,-3.242574,3.542732E+9
42.845000,-2.638552,-2.302036,-2.547522,-2.889954,3.542732E+9
42.850000,-2.644796,-2.202133,-2.427901,-2.402597,3.542732E+9
42.855000,-2.461421,-2.067395,-2.285605,-2.104858,3.542732E+9
42.860000,-2.507429,-2.058193,-2.196217,-1.852800,3.542732E+9
42.865000,-2.496256,-2.167298,-2.163354,-1.870546,3.542732E+9
42.870000,-2.556066,-2.125562,-2.178143,-1.841955,3.542732E+9
42.875000,-2.484425,-2.046362,-2.171242,-1.840312,3.542732E+9
42.880000,-2.541607,-2.059508,-2.272788,-2.028288,3.542732E+9
42.885000,-2.538649,-2.073967,-2.279032,-2.305322,3.542732E+9
42.890000,-2.653012,-2.172885,-2.423300,-2.719067,3.542732E+9
42.895000,-2.751272,-2.272459,-2.583343,-2.779206,3.542732E+9
42.900000,-2.902442,-2.379592,-2.726296,-2.921502,3.542732E+9
42.905000,-2.870893,-2.415084,-2.693762,-2.834087,3.542732E+9
42.910000,-2.909672,-2.449591,-2.696391,-2.670429,3.542732E+9
42.915000,-2.814369,-2.362175,-2.417385,-2.424943,3.542732E+9
42.920000,-2.818970,-2.322740,-2.287248,-2.228752,3.542732E+9
42.925000,-2.580056,-2.250770,-2.097629,-2.033217,3.542732E+9
42.930000,-2.531748,-2.200818,-2.040776,-1.915897,3.542732E+9
42.935000,-2.393724,-2.089741,-1.986881,-1.868903,3.542732E+9
42.940000,-2.358560,-2.114717,-1.942187,-1.871203,3.542732E+9
42.945000,-2.280346,-2.077911,-1.905381,-1.878433,3.542732E+9
42.950000,-2.353959,-2.050635,-1.931342,-1.954675,3.542732E+9
42.955000,-2.214949,-2.004627,-1.914582,-1.905709,3.542732E+9
42.960000,-2.204762,-1.954018,-1.915568,-1.940872,3.542732E+9
42.965000,-2.089741,-1.856415,-1.933314,-1.969135,3.542732E+9
42.970000,-2.086455,-1.810407,-1.975050,-1.768671,3.542732E+9
42.975000,-1.925756,-1.746981,-1.920497,-1.960262,3.542732E+9
42.980000,-1.936929,-1.754540,-1.934300,-2.028616,3.542732E+9
42.985000,-1.792661,-1.674354,-1.847542,-1.962233,3.542732E+9
42.990000,-1.734493,-1.624403,-1.892564,-1.876790,3.542732E+9
42.995000,-1.628346,-1.539288,-1.759798,-1.840969,3.542732E+9
43.000000,-1.606985,-1.521213,-1.709518,-1.765056,3.542732E+9
43.005000,-1.431169,-1.389433,-1.634262,-1.741723,3.542732E+9
43.010000,-1.422953,-1.359199,-1.604356,-1.699659,3.542732E+9
43.015000,-1.352298,-1.336524,-1.595155,-1.638205,3.542732E+9
43.020000,-1.442999,-1.339153,-1.651022,-1.607971,3.542732E+9
43.025000,-1.415066,-1.366429,-1.633276,-1.609614,3.542732E+9
43.030000,-1.457788,-1.397649,-1.676326,-1.638205,3.542732E+9
43.035000,-1.413423,-1.369715,-1.647407,-1.685528,3.542732E+9
43.040000,-1.455159,-1.231691,-1.698673,-1.768342,3.542732E+9
43.045000,-1.408165,-1.361171,-1.712804,-1.815993,3.542732E+9
43.050000,-1.482764,-1.406193,-1.861673,-1.900451,3.542732E+9
43.055000,-1.466661,-1.409151,-1.787074,-1.968149,3.542732E+9
43.060000,-1.507411,-1.506754,-1.836040,-1.983594,3.542732E+9
43.065000,-1.478163,-1.413423,-1.804491,-1.970120,3.542732E+9
43.070000,-1.497552,-1.400278,-1.783131,-1.936600,3.542732E+9
43.075000,-1.419338,-1.385818,-1.709518,-1.836368,3.542732E+9
43.080000,-1.447272,-1.367743,-1.694072,-1.757826,3.542732E+9
43.085000,-1.392062,-1.356241,-1.631961,-1.664495,3.542732E+9
43.090000,-1.404550,-1.359199,-1.647078,-1.663838,3.542732E+9
43.095000,-1.349012,-1.317792,-1.575437,-1.571165,3.542732E+9
43.100000,-1.378588,-1.391076,-1.601399,-1.625060,3.542732E+9
43.105000,-1.373330,-1.396334,-1.607314,-1.666796,3.542732E+9
43.110000,-1.478820,-1.442342,-1.746324,-1.734493,3.542732E+9
43.115000,-1.513983,-1.543889,-1.758483,-1.901108,3.542732E+9
43.120000,-1.709846,-1.875147,-1.851157,-2.148237,3.542732E+9
43.125000,-2.012185,-2.358232,-1.954018,-2.516960,3.542732E+9
43.130000,-2.619492,-2.787422,-2.304994,-3.014505,3.542732E+9
43.135000,-2.801224,-2.812397,-2.769676,-3.248160,3.542732E+9
43.140000,-2.761131,-2.814041,-3.049668,-3.608010,3.542732E+9
43.145000,-2.478839,-2.667143,-3.006617,-3.776926,3.542732E+9
43.150000,-2.370062,-2.520574,-2.886010,-3.939926,3.542732E+9
43.155000,-2.381564,-2.398653,-2.644468,-3.396044,3.542732E+9
43.160000,-2.283633,-2.333584,-2.465036,-2.915258,3.542732E+9
43.165000,-2.157768,-2.291520,-2.244197,-2.481139,3.542732E+9
43.170000,-2.144294,-2.278046,-2.094342,-2.234667,3.542732E+9
43.175000,-2.003969,-2.216592,-1.860030,-2.101572,3.542732E+9
43.180000,-2.098614,-2.458464,-1.809092,-2.014157,3.542732E+9
43.185000,-2.006927,-2.341471,-1.851814,-2.039790,3.542732E+9
43.190000,-2.148237,-2.374663,-1.900122,-2.131149,3.542732E+9
43.195000,-2.062465,-2.322411,-1.938901,-2.305980,3.542732E+9
43.200000,-2.240911,-2.354945,-2.059836,-2.620806,3.542732E+9
43.205000,-2.284619,-2.499871,-2.250770,-2.795966,3.542732E+9
43.210000,-2.540621,-2.662871,-2.517945,-3.073987,3.542732E+9
43.215000,-2.556066,-2.753901,-2.682589,-3.111779,3.542732E+9
43.220000,-2.610290,-2.736155,-2.757845,-3.117694,3.542732E+9
43.225000,-2.566583,-2.732212,-2.573155,-3.000702,3.542732E+9
43.230000,-2.534048,-2.723667,-2.330955,-2.974412,3.542732E+9
43.235000,-2.457149,-2.689161,-2.098943,-2.540949,3.542732E+9
43.240000,-2.417385,-2.671744,-1.963548,-2.351330,3.542732E+9
43.245000,-2.275746,-2.521560,-1.850828,-2.133121,3.542732E+9
43.250000,-2.193917,-2.425601,-1.872846,-2.001998,3.542732E+9
43.255000,-2.069695,-2.295135,-1.837683,-1.943830,3.542732E+9
43.260000,-2.143965,-2.299407,-1.835383,-1.942516,3.542732E+9
43.265000,-2.053921,-2.231709,-1.806135,-1.943830,3.542732E+9
43.270000,-2.119318,-2.269502,-1.802191,-1.951389,3.542732E+9
43.275000,-2.002326,-2.139365,-1.837683,-1.936929,3.542732E+9
43.280000,-1.976036,-2.044391,-1.901108,-1.955332,3.542732E+9
43.285000,-1.900122,-1.937258,-1.890592,-2.049649,3.542732E+9
43.290000,-1.894536,-1.930356,-1.897822,-2.144623,3.542732E+9
43.295000,-1.781816,-1.825852,-1.917211,-2.143308,3.542732E+9
43.300000,-1.805806,-1.763084,-2.103873,-2.120961,3.542732E+9
43.305000,-1.670082,-1.687499,-1.811393,-2.006270,3.542732E+9
43.310000,-1.591540,-1.607643,-1.777215,-2.044391,3.542732E+9
43.315000,-1.478820,-1.483092,-1.671068,-1.810407,3.542732E+9
43.320000,-1.434455,-1.442342,-1.671397,-1.722334,3.542732E+9
43.325000,-1.349997,-1.339481,-1.612572,-1.601727,3.542732E+9
43.330000,-1.438399,-1.342439,-1.648064,-1.536987,3.542732E+9
43.335000,-1.296431,-1.306618,-1.559334,-1.525814,3.542732E+9
43.340000,-1.377274,-1.381217,-1.593840,-1.529429,3.542732E+9
43.345000,-1.385818,-1.353284,-1.619802,-1.587268,3.542732E+9
43.350000,-1.552433,-1.398306,-1.667124,-1.562620,3.542732E+9
43.355000,-1.423282,-1.387461,-1.672383,-1.763741,3.542732E+9
43.360000,-1.509054,-1.394362,-1.733508,-1.891249,3.542732E+9
43.365000,-1.459102,-1.416052,-1.784774,-1.941201,3.542732E+9
43.370000,-1.518913,-1.427554,-1.875475,-2.141665,3.542732E+9
43.375000,-1.527457,-1.436427,-1.850171,-2.038804,3.542732E+9
43.380000,-1.512997,-1.476520,-1.839983,-2.053264,3.542732E+9
43.385000,-1.463703,-1.410794,-1.769985,-1.934300,3.542732E+9
43.390000,-1.521542,-1.394691,-1.784445,-1.813693,3.542732E+9
43.395000,-1.378260,-1.361500,-1.688814,-1.703274,3.542732E+9
43.400000,-1.402578,-1.367086,-1.632947,-1.624731,3.542732E+9
43.405000,-1.339153,-1.298403,-1.562292,-1.574451,3.542732E+9
43.410000,-1.373330,-1.332909,-1.540602,-1.616516,3.542732E+9
43.415000,-1.341125,-1.322721,-1.559991,-1.567550,3.542732E+9
43.420000,-1.430512,-1.349997,-1.711161,-1.620459,3.542732E+9
43.425000,-1.409151,-1.369387,-1.643792,-1.692100,3.542732E+9
43.430000,-1.480792,-1.410794,-1.717076,-1.827167,3.542732E+9
43.435000,-1.485721,-1.417038,-1.748624,-1.854114,3.542732E+9
43.440000,-1.624731,-1.487364,-1.945145,-1.890592,3.542732E+9
43.445000,-1.750596,-1.616844,-1.951060,-1.999040,3.542732E+9
43.450000,-2.168284,-1.991481,-2.131149,-2.168613,3.542732E+9
43.455000,-2.642496,-2.391095,-2.390437,-2.402597,3.542732E+9
43.460000,-2.749629,-2.637238,-2.691790,-2.700335,3.542732E+9
43.465000,-2.691133,-2.543250,-2.850190,-3.036851,3.542732E+9
43.470000,-2.761460,-2.472923,-2.903099,-3.327031,3.542732E+9
43.475000,-2.517945,-2.306308,-2.814369,-3.365810,3.542732E+9
43.480000,-2.556066,-2.416728,-2.740099,-3.302713,3.542732E+9
43.485000,-2.569540,-2.460107,-2.540292,-3.063799,3.542732E+9
43.490000,-2.566583,-2.464707,-2.437431,-2.793337,3.542732E+9
43.495000,-2.481468,-2.328655,-2.325369,-2.411798,3.542732E+9
43.500000,-2.450576,-2.268187,-2.349030,-2.239925,3.542732E+9
43.505000,-2.501185,-2.349359,-2.232695,-2.151195,3.542732E+9
43.510000,-2.608319,-2.411470,-2.256685,-2.058193,3.542732E+9
43.515000,-2.482453,-2.292506,-2.210348,-2.092699,3.542732E+9
43.520000,-2.553109,-2.338514,-2.223494,-2.182415,3.542732E+9
43.525000,-2.488697,-2.304336,-2.257671,-2.388137,3.542732E+9
43.530000,-2.941549,-2.402268,-2.362175,-2.450248,3.542732E+9
43.535000,-2.680946,-2.493627,-2.477195,-2.798266,3.542732E+9
43.540000,-2.873523,-2.571512,-2.605361,-2.995444,3.542732E+9
43.545000,-2.817655,-2.638224,-2.611605,-2.905728,3.542732E+9
43.550000,-2.865635,-2.660571,-2.747000,-2.793994,3.542732E+9
43.555000,-2.796952,-2.612262,-2.440389,-2.551137,3.542732E+9
43.560000,-2.784793,-2.538320,-2.289548,-2.569540,3.542732E+9
43.565000,-2.615548,-2.499214,-2.062137,-2.204762,3.542732E+9
43.570000,-2.499214,-2.419685,-1.972750,-2.135092,3.542732E+9
43.575000,-2.396353,-2.319453,-1.918854,-2.035518,3.542732E+9
43.580000,-2.333913,-2.290534,-2.194903,-1.958290,3.542732E+9
43.585000,-2.219221,-2.180115,-1.919840,-1.916225,3.542732E+9
43.590000,-2.272788,-2.166641,-1.919183,-1.950074,3.542732E+9
43.595000,-2.175185,-2.110117,-1.878762,-1.981622,3.542732E+9
43.600000,-2.166312,-2.103544,-1.905052,-1.994439,3.542732E+9
43.605000,-2.016457,-1.919840,-1.886649,-1.990167,3.542732E+9
43.610000,-1.989181,-1.871203,-1.900451,-1.989181,3.542732E+9
43.615000,-1.851157,-1.778530,-1.871203,-1.982280,3.542732E+9
43.620000,-1.885334,-1.726935,-1.857072,-2.013500,3.542732E+9
43.625000,-1.723649,-1.659895,-1.787403,-1.910310,3.542732E+9
43.630000,-1.673368,-1.583981,-1.658251,-1.839326,3.542732E+9
43.635000,-1.601070,-1.532387,-1.719376,-1.800548,3.542732E+9
43.640000,-1.512997,-1.463703,-1.707217,-1.860358,3.542732E+9
43.645000,-1.394362,-1.367743,-1.621774,-1.693415,3.542732E+9
43.650000,-1.379245,-1.342110,-1.627032,-1.705245,3.542732E+9
43.655000,-1.329294,-1.309248,-1.621445,-1.651350,3.542732E+9
43.660000,-1.421967,-1.339153,-1.712804,-1.633276,3.542732E+9
43.665000,-1.408165,-1.361828,-1.656937,-1.711489,3.542732E+9
43.670000,-1.435112,-1.433469,-1.678626,-1.703931,3.542732E+9
43.675000,-1.430840,-1.375302,-1.684870,-1.749939,3.542732E+9
43.680000,-1.569193,-1.403564,-1.705903,-1.893221,3.542732E+9
43.685000,-1.440370,-1.389433,-1.689800,-1.838340,3.542732E+9
43.690000,-1.488022,-1.404879,-1.730221,-1.872518,3.542732E+9
43.695000,-1.472905,-1.402578,-1.759798,-1.900780,3.542732E+9
43.700000,-1.481778,-1.390747,-1.811721,-2.005941,3.542732E+9
43.705000,-1.452201,-1.384504,-1.770314,-1.873832,3.542732E+9
43.710000,-1.449243,-1.404879,-1.587596,-1.875804,3.542732E+9
43.715000,-1.396006,-1.368401,-1.706560,-1.806792,3.542732E+9
43.720000,-1.472905,-1.353941,-1.733179,-1.738437,3.542732E+9
43.725000,-1.396006,-1.349669,-1.663838,-1.724306,3.542732E+9
43.730000,-1.426897,-1.396991,-1.636891,-1.666139,3.542732E+9
43.735000,-1.373330,-1.335866,-1.598770,-1.672383,3.542732E+9
43.740000,-1.501167,-1.351641,-1.606657,-1.736794,3.542732E+9
43.745000,-1.382203,-1.380889,-1.630647,-1.670739,3.542732E+9
43.750000,-1.477834,-1.394034,-1.732193,-1.702288,3.542732E+9
43.755000,-1.436427,-1.387133,-1.701959,-1.762427,3.542732E+9
43.760000,-1.455487,-1.368401,-1.725620,-1.916554,3.542732E+9
43.765000,-1.472905,-1.515626,-1.752897,-1.954346,3.542732E+9
43.770000,-1.583653,-1.761112,-1.862330,-2.131149,3.542732E+9
43.775000,-1.789046,-2.253070,-1.837026,-2.459778,3.542732E+9
43.780000,-2.391095,-2.956666,-2.074953,-2.835401,3.542732E+9
43.785000,-2.649069,-2.853147,-2.532077,-3.161731,3.542732E+9
43.790000,-2.911644,-2.899484,-2.879109,-3.427264,3.542732E+9
43.795000,-2.414099,-2.798595,-2.852162,-3.681623,3.542732E+9
43.800000,-2.224808,-2.601746,-2.724653,-3.896547,3.542732E+9
43.805000,-2.292506,-2.535034,-2.585314,-3.594536,3.542732E+9
43.810000,-2.290534,-2.510058,-2.497570,-3.112765,3.542732E+9
43.815000,-2.200490,-2.477524,-2.315181,-2.751930,3.542732E+9
43.820000,-2.204433,-2.358560,-2.179786,-2.577756,3.542732E+9
43.825000,-2.012185,-2.390437,-2.000683,-2.350016,3.542732E+9
43.830000,-2.102558,-2.511373,-2.008570,-2.289219,3.542732E+9
43.835000,-2.034532,-2.529447,-1.861344,-2.309923,3.542732E+9
43.840000,-2.104201,-2.537663,-1.942187,-2.325697,3.542732E+9
43.845000,-2.035518,-2.507101,-1.894207,-2.446961,3.542732E+9
43.850000,-2.145937,-2.639210,-1.937258,-2.652355,3.542732E+9
43.855000,-2.204762,-2.659256,-2.117018,-2.849204,3.542732E+9
43.860000,-2.449591,-2.846904,-2.411141,-3.012861,3.542732E+9
43.865000,-2.469308,-2.883053,-2.568554,-3.060513,3.542732E+9
43.870000,-2.632637,-2.878452,-2.590901,-3.175862,3.542732E+9
43.875000,-2.480153,-2.862349,-2.464707,-2.993472,3.542732E+9
43.880000,-2.472923,-2.845260,-2.282647,-2.887325,3.542732E+9
43.885000,-2.393066,-2.825871,-2.033546,-2.592216,3.542732E+9
43.890000,-2.370062,-2.762774,-1.912610,-2.406540,3.542732E+9
43.895000,-2.245512,-2.631651,-1.824209,-2.233352,3.542732E+9
43.900000,-2.196875,-2.542921,-1.838669,-2.259314,3.542732E+9
43.905000,-2.028945,-2.371705,-1.809421,-2.082512,3.542732E+9
43.910000,-2.068052,-2.405226,-1.853786,-2.132463,3.542732E+9
43.915000,-2.025330,-2.286590,-1.834068,-2.036504,3.542732E+9
43.920000,-2.044391,-2.247812,-1.855100,-2.002983,3.542732E+9
43.925000,-1.967163,-2.162697,-1.777872,-2.010213,3.542732E+9
43.930000,-1.911953,-2.067066,-1.828153,-1.937915,3.542732E+9
43.935000,-1.783131,-1.890264,-1.849514,-1.952703,3.542732E+9
43.940000,-1.818951,-1.874161,-1.881391,-2.011856,3.542732E+9
43.945000,-1.688485,-1.775572,-1.822895,-2.053264,3.542732E+9
43.950000,-1.743695,-1.681584,-1.789703,-1.886320,3.542732E+9
43.955000,-1.592197,-1.633276,-1.766042,-1.987538,3.542732E+9
43.960000,-1.623417,-1.579052,-1.784445,-1.906366,3.542732E+9
43.965000,-1.490651,-1.482764,-1.693743,-1.807778,3.542732E+9
43.970000,-1.428211,-1.407508,-1.695715,-1.737451,3.542732E+9
43.975000,-1.326993,-1.304647,-1.601070,-1.667453,3.542732E+9
43.980000,-1.356899,-1.297745,-1.617830,-1.649378,3.542732E+9
43.985000,-1.336195,-1.313520,-1.600741,-1.591540,3.542732E+9
43.990000,-1.376945,-1.382860,-1.682570,-1.557691,3.542732E+9
43.995000,-1.395020,-1.374645,-1.613887,-1.635247,3.542732E+9
44.000000,-1.474219,-1.409151,-1.683556,-1.708532,3.542732E+9
44.005000,-1.417366,-1.371030,-1.683885,-1.762427,3.542732E+9
44.010000,-1.463046,-1.397977,-1.719705,-1.838669,3.542732E+9
44.015000,-1.450887,-1.398963,-1.742709,-1.934629,3.542732E+9
44.020000,-1.542245,-1.407836,-1.794961,-2.026316,3.542732E+9
44.025000,-1.491308,-1.409479,-1.804163,-1.958618,3.542732E+9
44.030000,-1.548818,-1.435770,-1.868903,-1.935614,3.542732E+9
44.035000,-1.442671,-1.397649,-1.743366,-1.906038,3.542732E+9
44.040000,-1.504124,-1.438070,-1.722991,-1.853457,3.542732E+9
44.045000,-1.405207,-1.354598,-1.674026,-1.715104,3.542732E+9
44.050000,-1.405207,-1.356899,-1.696372,-1.630318,3.542732E+9
44.055000,-1.379574,-1.323050,-1.602056,-1.616187,3.542732E+9
44.060000,-1.411451,-1.348026,-1.587268,-1.626046,3.542732E+9
44.065000,-1.349997,-1.328308,-1.580038,-1.637219,3.542732E+9
44.070000,-1.499852,-1.362485,-1.642149,-1.604356,3.542732E+9
44.075000,-1.435770,-1.380231,-1.687499,-1.735808,3.542732E+9
44.080000,-1.515955,-1.385489,-1.731864,-1.794304,3.542732E+9
44.085000,-1.569850,-1.418681,-1.795947,-1.850171,3.542732E+9
44.090000,-1.752897,-1.499195,-1.944159,-2.001998,3.542732E+9
44.095000,-2.031903,-1.676983,-2.110445,-1.982608,3.542732E+9
44.100000,-2.666157,-1.964534,-2.622450,-2.143308,3.542732E+9
44.105000,-3.010232,-2.427572,-2.736155,-2.426915,3.542732E+9
44.110000,-2.980656,-2.639538,-3.070372,-2.889954,3.542732E+9
44.115000,-2.960938,-2.400625,-3.140698,-3.230414,3.542732E+9
44.120000,-2.949107,-2.233681,-3.151543,-3.415104,3.542732E+9
44.125000,-2.741742,-2.150867,-3.050982,-3.411818,3.542732E+9
44.130000,-2.754230,-2.246826,-2.842631,-3.242574,3.542732E+9
44.135000,-2.605689,-2.211663,-2.584000,-2.854462,3.542732E+9
44.140000,-2.707893,-2.080211,-2.446633,-2.447947,3.542732E+9
44.145000,-2.559024,-2.066737,-2.316496,-2.131149,3.542732E+9
44.150000,-2.565268,-2.068709,-2.236967,-1.996411,3.542732E+9
44.155000,-2.614234,-2.192931,-2.190302,-1.874818,3.542732E+9
44.160000,-2.680288,-2.104201,-2.230395,-1.815665,3.542732E+9
44.165000,-2.628365,-2.053921,-2.210348,-1.822237,3.542732E+9
44.170000,-2.632637,-2.088756,-2.468980,-1.971764,3.542732E+9
44.175000,-2.630665,-2.081854,-2.346072,-2.295792,3.542732E+9
44.180000,-2.801224,-2.167955,-2.565268,-2.618177,3.542732E+9
44.185000,-2.829486,-2.285276,-2.686532,-2.836716,3.542732E+9
44.190000,-2.993144,-2.419685,-2.796623,-2.910329,3.542732E+9
44.195000,-2.991172,-2.432502,-2.810426,-2.955680,3.542732E+9
44.200000,-3.093704,-2.472266,-2.713809,-2.773948,3.542732E+9
44.205000,-2.915587,-2.440060,-2.469637,-2.468651,3.542732E+9
44.210000,-2.996430,-2.342129,-2.239268,-2.313867,3.542732E+9
44.215000,-2.693105,-2.263586,-2.122276,-2.031574,3.542732E+9
44.220000,-2.628365,-2.171570,-2.035846,-1.889278,3.542732E+9
44.225000,-2.434145,-2.102887,-1.956975,-1.786417,3.542732E+9
44.230000,-2.397996,-2.064766,-1.978665,-1.787403,3.542732E+9
44.235000,-2.321096,-2.060822,-1.934629,-1.786088,3.542732E+9
44.240000,-2.289548,-1.991810,-1.959604,-2.100915,3.542732E+9
44.245000,-2.219879,-1.938572,-1.930356,-1.906038,3.542732E+9
44.250000,-2.163683,-1.942187,-1.916225,-1.986552,3.542732E+9
44.255000,-2.071667,-1.816651,-1.918197,-2.022373,3.542732E+9
44.260000,-2.010870,-1.757826,-2.046691,-2.023358,3.542732E+9
44.265000,-1.869560,-1.704588,-1.947445,-2.015471,3.542732E+9
44.270000,-1.886977,-1.672054,-1.870546,-1.979979,3.542732E+9
44.275000,-1.778530,-1.662524,-1.844913,-1.980965,3.542732E+9
44.280000,-1.731536,-1.636562,-1.792989,-1.872189,3.542732E+9
44.285000,-1.594826,-1.515298,-1.743695,-1.795290,3.542732E+9
44.290000,-1.576751,-1.436756,-1.668768,-1.789374,3.542732E+9
44.295000,-1.376616,-1.366758,-1.613229,-1.642477,3.542732E+9
44.300000,-1.352955,-1.290516,-1.577409,-1.635247,3.542732E+9
44.305000,-1.327322,-1.317463,-1.558020,-1.565249,3.542732E+9
44.310000,-1.325679,-1.317135,-1.629003,-1.722334,3.542732E+9
44.315000,-1.389762,-1.336195,-1.642477,-1.634262,3.542732E+9
44.320000,-1.460088,-1.404221,-1.682899,-1.743366,3.542732E+9
44.325000,-1.430183,-1.390090,-1.691114,-1.789374,3.542732E+9
44.330000,-1.496237,-1.402578,-1.777544,-1.810078,3.542732E+9
44.335000,-1.494266,-1.418352,-1.758155,-1.882048,3.542732E+9
44.340000,-1.517927,-1.456802,-1.768342,-1.914254,3.542732E+9
44.345000,-1.480463,-1.394691,-1.779844,-1.944159,3.542732E+9
44.350000,-1.517270,-1.419338,-1.809421,-1.975379,3.542732E+9
44.355000,-1.468304,-1.409808,-1.801862,-1.860358,3.542732E+9
44.360000,-1.484407,-1.369715,-1.777872,-1.854114,3.542732E+9
44.365000,-1.417695,-1.373659,-1.705245,-1.794961,3.542732E+9
44.370000,-1.393377,-1.359199,-1.688157,-1.795618,3.542732E+9
44.375000,-1.425254,-1.311877,-1.661866,-1.673040,3.542732E+9
44.380000,-1.401264,-1.341453,-1.738766,-1.653322,3.542732E+9
44.385000,-1.348354,-1.342439,-1.577409,-1.644778,3.542732E+9
44.390000,-1.417366,-1.358542,-1.559663,-1.634590,3.542732E+9
44.395000,-1.417695,-1.397320,-1.635247,-1.660552,3.542732E+9
44.400000,-1.465346,-1.452858,-1.672383,-1.734165,3.542732E+9
44.405000,-1.498866,-1.494923,-1.743695,-1.827167,3.542732E+9
44.410000,-1.608957,-1.637548,-1.795947,-2.047677,3.542732E+9
44.415000,-1.760784,-2.024344,-1.885991,-2.287905,3.542732E+9
44.420000,-2.351659,-2.581371,-2.095000,-2.653998,3.542732E+9
44.425000,-2.631651,-2.684232,-2.515316,-2.986900,3.542732E+9
44.430000,-2.624093,-2.722353,-2.858406,-3.389471,3.542732E+9
44.435000,-2.484425,-2.649397,-2.897841,-3.583691,3.542732E+9
44.440000,-2.226123,-2.424286,-2.897184,-3.657633,3.542732E+9
44.445000,-2.253070,-2.378278,-2.655313,-3.461112,3.542732E+9
44.450000,-2.261286,-2.416399,-2.402268,-3.051968,3.542732E+9
44.455000,-2.174856,-2.355274,-2.206405,-2.729583,3.542732E+9
44.460000,-2.215278,-2.480482,-2.058522,-2.368748,3.542732E+9
44.465000,-2.020401,-2.314524,-1.919183,-2.201804,3.542732E+9
44.470000,-2.158754,-2.360532,-1.859372,-2.162697,3.542732E+9
44.475000,-2.074296,-2.437760,-1.904723,-2.100915,3.542732E+9
44.480000,-2.129834,-2.441375,-1.923784,-2.211663,3.542732E+9
44.485000,-2.131806,-2.393395,-1.934957,-2.363818,3.542732E+9
44.490000,-2.143637,-2.468322,-2.077582,-2.969811,3.542732E+9
44.495000,-2.267859,-2.565597,-2.240911,-2.804839,3.542732E+9
44.500000,-2.460107,-2.752258,-2.444990,-3.143985,3.542732E+9
44.505000,-2.593202,-2.837702,-2.600103,-3.202481,3.542732E+9
44.510000,-2.618835,-2.902442,-2.708551,-3.122624,3.542732E+9
44.515000,-2.630337,-2.884039,-2.548508,-3.026664,3.542732E+9
44.520000,-2.642496,-2.889297,-2.354617,-2.801224,3.542732E+9
44.525000,-2.501185,-2.843617,-2.107487,-2.562639,3.542732E+9
44.530000,-2.434802,-2.889625,-1.895193,-2.346072,3.542732E+9
44.535000,-2.310909,-2.665171,-1.833411,-2.310580,3.542732E+9
44.540000,-2.299736,-2.639867,-1.839326,-2.084483,3.542732E+9
44.545000,-2.134106,-2.457149,-1.861016,-2.077911,3.542732E+9
44.550000,-2.204762,-2.428558,-1.889935,-2.097629,3.542732E+9
44.555000,-2.103544,-2.380250,-1.944159,-2.075610,3.542732E+9
44.560000,-2.162040,-2.317153,-1.837683,-2.174528,3.542732E+9
44.565000,-2.092042,-2.280346,-1.857401,-2.092371,3.542732E+9
44.570000,-1.967820,-2.148237,-1.888949,-2.057864,3.542732E+9
44.575000,-1.966506,-2.073967,-1.885663,-2.034860,3.542732E+9
44.580000,-1.937915,-2.008899,-1.886977,-2.141008,3.542732E+9
44.585000,-1.811721,-1.913596,-1.855758,-2.026316,3.542732E+9
44.590000,-1.743038,-1.814679,-2.069038,-1.992139,3.542732E+9
44.595000,-1.687171,-1.704588,-1.810407,-1.946131,3.542732E+9
44.600000,-1.630975,-1.636891,-1.791675,-1.863645,3.542732E+9
44.605000,-1.496237,-1.520885,-1.721677,-1.798905,3.542732E+9
44.610000,-1.437741,-1.470276,-1.627032,-1.737780,3.542732E+9
44.615000,-1.343096,-1.337510,-1.637876,-1.703274,3.542732E+9
44.620000,-1.446943,-1.318120,-1.580366,-1.849842,3.542732E+9
44.625000,-1.344739,-1.334223,-1.627032,-1.618816,3.542732E+9
44.630000,-1.404879,-1.351312,-1.608628,-1.631961,3.542732E+9
44.635000,-1.439056,-1.353612,-1.606985,-1.616844,3.542732E+9
44.640000,-1.483092,-1.402907,-1.697687,-1.846885,3.542732E+9
44.645000,-1.479477,-1.421639,-1.703931,-1.710175,3.542732E+9
44.650000,-1.490651,-1.433798,-1.715104,-1.810407,3.542732E+9
44.655000,-1.489008,-1.395348,-1.756512,-1.896836,3.542732E+9
44.660000,-1.501167,-1.410465,-1.834397,-1.910310,3.542732E+9
44.665000,-1.512669,-1.401921,-1.838669,-1.957633,3.542732E+9
44.670000,-1.498538,-1.433798,-1.842284,-1.993125,3.542732E+9
44.675000,-1.461074,-1.411780,-1.781816,-2.005284,3.542732E+9
44.680000,-1.529100,-1.380560,-1.748624,-1.926741,3.542732E+9
44.685000,-1.445957,-1.383189,-1.735151,-1.746324,3.542732E+9
44.690000,-1.403235,-1.353941,-1.820594,-1.681913,3.542732E+9
44.695000,-1.416709,-1.385161,-1.606985,-1.598112,3.542732E+9
44.700000,-1.369387,-1.336852,-1.578395,-1.659895,3.542732E+9
44.705000,-1.380560,-1.345068,-1.586610,-1.537973,3.542732E+9
44.710000,-1.392391,-1.345068,-1.674026,-1.587268,3.542732E+9
44.715000,-1.404221,-1.361500,-1.654637,-1.671068,3.542732E+9
44.720000,-1.470276,-1.424268,-1.667782,-1.735151,3.542732E+9
44.725000,-1.468304,-1.387133,-1.755197,-1.947445,3.542732E+9
44.730000,-1.526143,-1.420653,-1.814679,-1.927727,3.542732E+9
44.735000,-1.658909,-1.527786,-1.927070,-2.001340,3.542732E+9
44.740000,-1.993125,-1.742381,-2.039790,-2.192931,3.542732E+9
44.745000,-2.548508,-2.192274,-2.299078,-2.335885,3.542732E+9
44.750000,-2.803196,-2.612262,-2.617520,-2.828172,3.542732E+9
44.755000,-2.847561,-2.740428,-2.859063,-2.924789,3.542732E+9
44.760000,-2.869908,-2.600760,-2.968825,-3.342148,3.542732E+9
44.765000,-2.777234,-2.450576,-2.942535,-3.482802,3.542732E+9
44.770000,-2.739770,-2.395367,-2.898498,-3.430221,3.542732E+9
44.775000,-2.558695,-2.409826,-2.729911,-3.266564,3.542732E+9
44.780000,-2.545222,-2.370062,-2.515974,-2.945164,3.542732E+9
44.785000,-2.513016,-2.260300,-2.416070,-2.622121,3.542732E+9
44.790000,-2.637895,-2.223822,-2.304665,-2.308280,3.542732E+9
44.795000,-2.443675,-2.248141,-2.224479,-2.178800,3.542732E+9
44.800000,-2.647425,-2.359546,-2.205748,-2.099600,3.542732E+9
44.805000,-2.554095,-2.305651,-2.221522,-1.957961,3.542732E+9
44.810000,-2.533391,-2.289219,-2.218564,-2.052606,3.542732E+9
44.815000,-2.540949,-2.306637,-2.178800,-2.188330,3.542732E+9
44.820000,-2.563296,-2.292834,-2.262600,-2.591230,3.542732E+9
44.825000,-2.605689,-2.373020,-2.411470,-2.670758,3.542732E+9
44.830000,-2.734512,-2.476867,-2.575784,-2.890611,3.542732E+9
44.835000,-2.886010,-2.539964,-2.666815,-2.994130,3.542732E+9
44.840000,-2.902442,-2.627708,-2.813712,-2.898170,3.542732E+9
44.845000,-2.847561,-2.605032,-2.617520,-2.714794,3.542732E+9
44.850000,-2.799909,-2.514988,-2.437431,-2.456163,3.542732E+9
44.855000,-2.707893,-2.485740,-2.204104,-2.338514,3.542732E+9
44.860000,-2.618835,-2.477853,-2.029931,-2.167955,3.542732E+9
44.865000,-2.430201,-2.324054,-1.961905,-2.179457,3.542732E+9
44.870000,-2.426915,-2.281004,-1.935286,-1.958618,3.542732E+9
44.875000,-2.310909,-2.234010,-1.924770,-1.953032,3.542732E+9
44.880000,-2.395367,-2.191945,-1.895193,-1.982280,3.542732E+9
44.885000,-2.267859,-2.158096,-1.971435,-1.912610,3.542732E+9
44.890000,-2.240911,-2.068381,-1.892564,-1.939558,3.542732E+9
44.895000,-2.141994,-1.976036,-1.937915,-1.920497,3.542732E+9
44.900000,-2.026973,-1.857401,-1.939558,-2.004627,3.542732E+9
44.905000,-1.938243,-1.847542,-1.933314,-2.012842,3.542732E+9
44.910000,-1.868574,-1.750268,-1.902752,-2.113403,3.542732E+9
44.915000,-1.914254,-1.713790,-1.878104,-2.043733,3.542732E+9
44.920000,-1.775243,-1.670082,-2.104530,-1.959933,3.542732E+9
44.925000,-1.754540,-1.609286,-1.813036,-1.896836,3.542732E+9
44.930000,-1.647078,-1.552433,-1.763741,-1.813036,3.542732E+9
44.935000,-1.529429,-1.474219,-1.675669,-1.750925,3.542732E+9
44.940000,-1.464032,-1.424268,-1.605671,-1.655951,3.542732E+9
44.945000,-1.394362,-1.305633,-1.606328,-1.634262,3.542732E+9
44.950000,-1.447272,-1.307276,-1.583324,-1.425582,3.542732E+9
44.955000,-1.385489,-1.319106,-1.709189,-1.577080,3.542732E+9
44.960000,-1.433141,-1.334223,-1.629661,-1.673697,3.542732E+9
44.965000,-1.442014,-1.371358,-1.712475,-1.671725,3.542732E+9
44.970000,-1.440370,-1.365114,-1.747639,-1.990167,3.542732E+9
44.975000,-1.461403,-1.414409,-1.733836,-1.861344,3.542732E+9
44.980000,-1.472576,-1.419010,-1.712804,-1.978993,3.542732E+9
44.985000,-1.513983,-1.414080,-1.754868,-1.964205,3.542732E+9
44.990000,-1.411780,-1.443328,-1.845570,-1.914254,3.542732E+9
44.995000,-1.515955,-1.420981,-1.849514,-1.922141,3.542732E+9
45.000000,-1.503467,-1.460745,-1.764399,-1.889606,3.542732E+9
45.005000,-1.489665,-1.405864,-1.753554,-1.878762,3.542732E+9
45.010000,-1.657266,-1.375631,-1.721348,-1.745010,3.542732E+9
45.015000,-1.454501,-1.363143,-1.796933,-1.664824,3.542732E+9
45.020000,-1.426239,-1.326336,-1.648064,-1.717076,3.542732E+9
45.025000,-1.414409,-1.454501,-1.578066,-1.638862,3.542732E+9
45.030000,-1.384175,-1.323707,-1.614544,-1.739423,3.542732E+9
45.035000,-1.444314,-1.375959,-1.640834,-1.676326,3.542732E+9
45.040000,-1.414737,-1.403235,-1.647078,-1.737122,3.542732E+9
45.045000,-1.513655,-1.401921,-1.676326,-1.761441,3.542732E+9
45.050000,-1.499524,-1.433798,-1.744681,-1.798576,3.542732E+9
45.055000,-1.503467,-1.486707,-1.763084,-1.879747,3.542732E+9
45.060000,-1.603042,-1.688485,-1.791675,-1.986552,3.542732E+9
45.065000,-1.730221,-1.987209,-1.847213,-2.268187,3.542732E+9
45.070000,-2.145608,-2.577427,-1.920169,-2.646111,3.542732E+9
45.075000,-2.581700,-2.835730,-2.318139,-2.889297,3.542732E+9
45.080000,-2.670101,-2.827514,-2.867936,-3.255719,3.542732E+9
45.085000,-2.545879,-2.866621,-2.918873,-3.525195,3.542732E+9
45.090000,-2.243211,-2.626065,-2.787750,-3.892275,3.542732E+9
45.095000,-2.348044,-2.544236,-2.675030,-3.791714,3.542732E+9
45.100000,-2.353959,-2.536349,-2.830801,-3.378626,3.542732E+9
45.105000,-2.314195,-2.468651,-2.418042,-2.911644,3.542732E+9
45.110000,-2.293820,-2.568883,-2.224479,-2.576441,3.542732E+9
45.115000,-2.173871,-2.500857,-2.092699,-2.388794,3.542732E+9
45.120000,-2.164012,-2.558695,-1.925756,-2.234996,3.542732E+9
45.125000,-2.155467,-2.559681,-1.881062,-2.304336,3.542732E+9
45.130000,-2.421000,-2.566583,-1.904723,-2.244526,3.542732E+9
45.135000,-2.149552,-2.563954,-1.930685,-2.361189,3.542732E+9
45.140000,-2.158096,-2.484425,-1.957961,-2.585314,3.542732E+9
45.145000,-2.249127,-2.563296,-2.123262,-2.781835,3.542732E+9
45.150000,-2.378607,-2.750944,-2.391423,-3.031265,3.542732E+9
45.155000,-2.545222,-3.072343,-2.467994,-3.142013,3.542732E+9
45.160000,-2.608647,-2.927089,-2.619163,-3.793357,3.542732E+9
45.165000,-2.598460,-2.944178,-2.573484,-3.049011,3.542732E+9
45.170000,-2.523204,-2.915258,-2.382550,-2.953379,3.542732E+9
45.175000,-2.656298,-2.839674,-2.132792,-2.627050,3.542732E+9
45.180000,-2.454191,-2.816670,-2.022373,-2.396681,3.542732E+9
45.185000,-2.376635,-2.679631,-1.824538,-2.225794,3.542732E+9
45.190000,-2.272788,-2.585972,-1.812707,-2.063123,3.542732E+9
45.195000,-2.090070,-2.430530,-1.875804,-2.010213,3.542732E+9
45.200000,-2.075610,-2.467994,-1.857072,-2.005941,3.542732E+9
45.205000,-2.069695,-2.311238,-1.877118,-2.625736,3.542732E+9
45.210000,-2.024344,-2.289219,-1.829796,-2.056221,3.542732E+9
45.215000,-1.977350,-2.169270,-1.831768,-2.105187,3.542732E+9
45.220000,-2.020072,-2.081197,-1.816651,-2.109131,3.542732E+9
45.225000,-1.853786,-1.958290,-1.927070,-1.965848,3.542732E+9
45.230000,-1.862987,-1.867260,-1.859701,-2.007584,3.542732E+9
45.235000,-1.793318,-1.818622,-1.831439,-2.001998,3.542732E+9
45.240000,-1.703602,-1.744352,-1.805477,-2.441375,3.542732E+9
45.245000,-1.655951,-1.711489,-1.789374,-1.942187,3.542732E+9
45.250000,-1.587268,-1.626703,-1.776887,-1.904066,3.542732E+9
45.255000,-1.581681,-1.511354,-1.732850,-1.828153,3.542732E+9
45.260000,-1.458116,-1.432812,-1.719048,-1.747967,3.542732E+9
45.265000,-1.408822,-1.341453,-1.618816,-1.723977,3.542732E+9
45.270000,-1.344082,-1.374316,-1.611258,-1.630975,3.542732E+9
45.275000,-1.377274,-1.316477,-1.648064,-1.738766,3.542732E+9
45.280000,-1.410465,-1.370044,-1.637876,-1.650693,3.542732E+9
45.285000,-1.442671,-1.398963,-1.670739,-1.666467,3.542732E+9
45.290000,-1.470604,-1.384832,-1.651022,-1.744352,3.542732E+9
45.295000,-1.510040,-1.409808,-1.719048,-1.742709,3.542732E+9
45.300000,-1.463703,-1.415395,-1.705903,-1.807120,3.542732E+9
45.305000,-1.489665,-1.426568,-1.750925,-1.813036,3.542732E+9
45.310000,-1.472576,-1.406850,-1.761112,-1.936272,3.542732E+9
45.315000,-1.517598,-1.396663,-1.795290,-1.958618,3.542732E+9
45.320000,-1.480463,-1.386804,-1.868574,-1.931342,3.542732E+9
45.325000,-1.480792,-1.389433,-1.924112,-1.964205,3.542732E+9
45.330000,-1.443328,-1.435441,-1.738437,-1.901766,3.542732E+9
45.335000,-1.457459,-1.372016,-1.737451,-1.900780,3.542732E+9
45.340000,-1.506096,-1.362814,-1.682241,-1.644120,3.542732E+9
45.345000,-1.436427,-1.367743,-1.703931,-1.645764,3.542732E+9
45.350000,-1.414737,-1.339810,-1.584310,-1.654965,3.542732E+9
45.355000,-1.430840,-1.457459,-1.566235,-1.602713,3.542732E+9
45.360000,-1.393048,-1.345068,-1.597126,-1.709846,3.542732E+9
45.365000,-1.481778,-1.383189,-1.668439,-1.626374,3.542732E+9
45.370000,-1.477177,-1.403235,-1.917868,-1.717076,3.542732E+9
45.375000,-1.553090,-1.415395,-1.787403,-1.792332,3.542732E+9
45.380000,-1.681913,-1.472905,-1.901766,-1.898808,3.542732E+9
45.385000,-1.951389,-1.659895,-2.052935,-2.239596,3.542732E+9
45.390000,-2.414427,-1.954346,-2.263258,-2.195889,3.542732E+9
45.395000,-2.911644,-2.413113,-2.602732,-2.462078,3.542732E+9
45.400000,-2.975398,-2.627050,-2.886339,-2.898498,3.542732E+9
45.405000,-2.851833,-2.489683,-3.087460,-3.170275,3.542732E+9
45.410000,-2.859720,-2.287248,-3.048682,-3.344449,3.542732E+9
45.415000,-2.672730,-2.212977,-2.947464,-3.312900,3.542732E+9
45.420000,-2.678645,-2.283304,-2.746672,-3.244217,3.542732E+9
45.425000,-2.822914,-2.316824,-2.564282,-2.793994,3.542732E+9
45.430000,-2.653341,-2.215935,-2.577756,-2.459449,3.542732E+9
45.435000,-2.695077,-2.188988,-2.364804,-2.200161,3.542732E+9
45.440000,-2.603389,-2.157110,-2.295463,-2.109459,3.542732E+9
45.445000,-2.658270,-2.261943,-2.272788,-2.075939,3.542732E+9
45.450000,-2.714466,-2.324383,-2.264244,-2.027302,3.542732E+9
45.455000,-2.672401,-2.103544,-2.267530,-2.082512,3.542732E+9
45.460000,-3.058870,-2.206076,-2.291520,-2.145937,3.542732E+9
45.465000,-2.768032,-2.277389,-2.624421,-2.409498,3.542732E+9
45.470000,-2.861035,-2.316824,-2.473252,-2.659913,3.542732E+9
45.475000,-2.964224,-2.424615,-2.686204,-2.804839,3.542732E+9
45.480000,-3.054926,-2.492641,-2.726954,-2.872537,3.542732E+9
45.485000,-2.999716,-2.621464,-2.715780,-2.745357,3.542732E+9
45.490000,-2.988543,-2.523204,-2.634280,-3.211025,3.542732E+9
45.495000,-2.957652,-2.520903,-2.452877,-2.448276,3.542732E+9
45.500000,-2.817327,-2.402925,-2.247155,-2.304336,3.542732E+9
45.505000,-2.845918,-2.321096,-2.116360,-2.127534,3.542732E+9
45.510000,-2.597802,-2.259971,-2.143965,-1.974064,3.542732E+9
45.515000,-2.501843,-2.195560,-2.025330,-1.953360,3.542732E+9
45.520000,-2.494613,-2.173213,-1.996739,-1.933643,3.542732E+9
45.525000,-2.393395,-2.116689,-1.970778,-1.946459,3.542732E+9
45.530000,-2.352316,-2.190302,-1.954346,-1.879090,3.542732E+9
45.535000,-2.297435,-2.036175,-1.927399,-1.976364,3.542732E+9
45.540000,-2.236639,-1.984909,-1.897822,-1.903080,3.542732E+9
45.545000,-2.072981,-1.894207,-1.892235,-1.925756,3.542732E+9
45.550000,-2.019415,-1.777872,-1.907352,-1.985237,3.542732E+9
45.555000,-1.940872,-1.727264,-2.002326,-1.956647,3.542732E+9
45.560000,-1.862659,-1.668110,-1.903080,-2.008241,3.542732E+9
45.565000,-1.819608,-1.714447,-1.878762,-1.974721,3.542732E+9
45.570000,-1.722991,-1.613558,-1.823552,-2.051292,3.542732E+9
45.575000,-1.661538,-1.559334,-1.741395,-1.844584,3.542732E+9
45.580000,-1.554076,-1.454501,-1.895522,-1.778201,3.542732E+9
45.585000,-1.475534,-1.359528,-1.615530,-1.740080,3.542732E+9
45.590000,-1.355256,-1.317463,-1.617173,-1.619145,3.542732E+9
45.595000,-1.372016,-1.305633,-1.591211,-1.616844,3.542732E+9
45.600000,-1.415066,-1.364129,-1.607643,-1.574451,3.542732E+9
45.605000,-1.415066,-1.362814,-1.658580,-1.615201,3.542732E+9
45.610000,-1.511683,-1.378260,-1.693086,-1.672383,3.542732E+9
45.615000,-1.447929,-1.391076,-1.784445,-1.733508,3.542732E+9
45.620000,-1.454501,-1.386147,-1.707874,-1.850828,3.542732E+9
45.625000,-1.487364,-1.470933,-1.751911,-1.878433,3.542732E+9
45.630000,-1.464360,-1.397649,-1.776887,-2.080211,3.542732E+9
45.635000,-1.513983,-1.409151,-1.781816,-1.964205,3.542732E+9
45.640000,-1.495251,-1.420653,-1.951717,-1.992139,3.542732E+9
45.645000,-1.525485,-1.427225,-1.805477,-1.948102,3.542732E+9
45.650000,-1.503796,-1.402907,-1.797919,-1.823881,3.542732E+9
45.655000,-1.467647,-1.378917,-1.755854,-1.797919,3.542732E+9
45.660000,-1.443328,-1.387133,-1.651350,-1.720691,3.542732E+9
45.665000,-1.382203,-1.373659,-1.631961,-1.643792,3.542732E+9
45.670000,-1.411780,-1.327651,-1.615530,-1.578066,3.542732E+9
45.675000,-1.400606,-1.334881,-1.634262,-1.580366,3.542732E+9
45.680000,-1.375302,-1.345725,-1.621445,-1.647078,3.542732E+9
45.685000,-1.422953,-1.384504,-1.632618,-1.710175,3.542732E+9
45.690000,-1.437741,-1.436427,-1.711818,-1.804491,3.542732E+9
45.695000,-1.552104,-1.435441,-1.753225,-1.894207,3.542732E+9
45.700000,-1.526471,-1.508725,-1.842941,-1.928056,3.542732E+9
45.705000,-1.593512,-1.620131,-1.842612,-2.077911,3.542732E+9
45.710000,-1.728578,-1.929699,-1.864959,-2.234667,3.542732E+9
45.715000,-2.110117,-2.478181,-1.969792,-2.632308,3.542732E+9
45.720000,-2.686532,-2.820942,-2.274102,-3.024035,3.542732E+9
45.725000,-2.775262,-2.814698,-2.806482,-3.127882,3.542732E+9
45.730000,-2.641839,-2.802539,-2.976712,-3.461112,3.542732E+9
45.735000,-2.355274,-2.590901,-2.873851,-3.688524,3.542732E+9
45.740000,-2.275417,-2.443347,-2.770004,-4.002366,3.542732E+9
45.745000,-2.338185,-2.428230,-2.584986,-3.414776,3.542732E+9
45.750000,-2.261615,-2.420014,-2.417385,-3.032579,3.542732E+9
45.755000,-2.373020,-2.511044,-2.245840,-2.656627,3.542732E+9
45.760000,-2.162697,-2.489026,-2.158754,-2.369734,3.542732E+9
45.765000,-2.217250,-2.434802,-1.899465,-2.269830,3.542732E+9
45.770000,-2.262272,-2.643811,-1.953032,-2.209034,3.542732E+9
45.775000,-2.184058,-2.535363,-1.984909,-2.415084,3.542732E+9
45.780000,-2.252742,-2.589258,-1.990824,-2.350344,3.542732E+9
45.785000,-2.208377,-2.501514,-2.025987,-2.574798,3.542732E+9
45.790000,-2.335556,-2.488697,-2.138707,-2.720710,3.542732E+9
45.795000,-2.388794,-2.681274,-2.509401,-2.934976,3.542732E+9
45.800000,-2.623764,-2.833430,-2.543907,-3.154501,3.542732E+9
45.805000,-2.647425,-2.889297,-2.663528,-3.164031,3.542732E+9
45.810000,-2.622121,-2.857420,-2.667143,-3.093376,3.542732E+9
45.815000,-2.617849,-3.038495,-2.472266,-2.924789,3.542732E+9
45.820000,-2.530105,-2.821599,-2.231381,-2.899813,3.542732E+9
45.825000,-2.525175,-2.867607,-1.980965,-2.454520,3.542732E+9
45.830000,-2.418699,-2.692448,-1.876461,-2.257671,3.542732E+9
45.835000,-2.389123,-2.560996,-1.823881,-2.125562,3.542732E+9
45.840000,-2.216264,-2.439732,-1.904066,-2.002326,3.542732E+9
45.845000,-2.161054,-2.362832,-1.864302,-2.015471,3.542732E+9
45.850000,-2.093028,-2.332270,-1.888292,-1.970449,3.542732E+9
45.855000,-2.092699,-2.216592,-1.859701,-2.032231,3.542732E+9
45.860000,-2.085469,-2.252084,-1.876461,-2.046362,3.542732E+9
45.865000,-1.978336,-2.103873,-1.868574,-2.155467,3.542732E+9
45.870000,-1.928056,-2.011199,-1.886977,-2.035518,3.542732E+9
45.875000,-1.867588,-1.921483,-1.889935,-2.118004,3.542732E+9
45.880000,-1.858058,-1.835711,-1.908338,-2.095657,3.542732E+9
45.885000,-1.716419,-1.708532,-1.922798,-2.019743,3.542732E+9
45.890000,-1.682241,-1.677641,-1.928713,-1.996739,3.542732E+9
45.895000,-1.631304,-1.715762,-1.753554,-1.887635,3.542732E+9
45.900000,-1.563278,-1.563606,-1.737122,-1.862330,3.542732E+9
45.905000,-1.504453,-1.463374,-1.653651,-1.700973,3.542732E+9
45.910000,-1.390747,-1.353941,-1.631304,-1.603699,3.542732E+9
45.915000,-1.365443,-1.281971,-1.564921,-1.646092,3.542732E+9
45.920000,-1.360842,-1.318778,-1.601399,-1.585296,3.542732E+9
45.925000,-1.339153,-1.314177,-1.665481,-1.632947,3.542732E+9
45.930000,-1.461731,-1.387133,-1.687828,-1.663510,3.542732E+9
45.935000,-1.496237,-1.425911,-1.692100,-1.806463,3.542732E+9
45.940000,-1.525485,-1.437084,-1.703602,-1.821251,3.542732E+9
45.945000,-1.514312,-1.417366,-1.796604,-1.832425,3.542732E+9
45.950000,-1.520227,-1.413094,-1.761441,-1.859044,3.542732E+9
45.955000,-1.522856,-1.488022,-1.748296,-1.855100,3.542732E+9
45.960000,-1.502481,-1.402578,-1.791675,-1.987209,3.542732E+9
45.965000,-1.477177,-1.413423,-1.779516,-1.933643,3.542732E+9
45.970000,-1.484407,-1.403235,-1.832096,-1.892235,3.542732E+9
45.975000,-1.499524,-1.380231,-1.772614,-1.890921,3.542732E+9
45.980000,-1.461731,-1.381217,-1.768014,-1.794633,3.542732E+9
45.985000,-1.405536,-1.337838,-1.673368,-1.884677,3.542732E+9
45.990000,-1.407179,-1.349012,-1.642806,-1.683227,3.542732E+9
45.995000,-1.385489,-1.355256,-1.585953,-1.679941,3.542732E+9
46.000000,-1.440699,-1.354270,-1.576751,-1.651022,3.542732E+9
46.005000,-1.447272,-1.354598,-1.628346,-1.648064,3.542732E+9
46.010000,-1.431169,-1.373002,-1.663838,-1.669425,3.542732E+9
46.015000,-1.459102,-1.425254,-1.688485,-1.710503,3.542732E+9
46.020000,-1.487036,-1.395348,-1.770314,-1.788389,3.542732E+9
46.025000,-1.535673,-1.412108,-1.782473,-1.893879,3.542732E+9
46.030000,-1.567550,-1.445300,-1.876790,-1.871532,3.542732E+9
46.035000,-1.809421,-1.576751,-1.984252,-2.000354,3.542732E+9
46.040000,-2.229080,-1.876461,-2.150538,-2.137064,3.542732E+9
46.045000,-2.831458,-2.334242,-2.457149,-2.398653,3.542732E+9
46.050000,-2.971454,-2.653669,-2.761131,-2.649726,3.542732E+9
46.055000,-2.863664,-2.587943,-3.045067,-3.130182,3.542732E+9
46.060000,-2.950422,-2.447619,-3.039809,-3.390457,3.542732E+9
46.065000,-2.755545,-2.166312,-3.032579,-3.428907,3.542732E+9
46.070000,-2.718409,-2.342457,-2.900799,-3.498905,3.542732E+9
46.075000,-2.753901,-2.403582,-2.674373,-3.074972,3.542732E+9
46.080000,-2.686204,-2.289219,-2.549494,-2.711837,3.542732E+9
46.085000,-2.723339,-2.218893,-2.406869,-2.389451,3.542732E+9
46.090000,-2.536020,-2.202461,-2.381564,-2.151852,3.542732E+9
46.095000,-2.655313,-2.257671,-2.140350,-2.096314,3.542732E+9
46.100000,-2.718409,-2.387808,-2.268187,-2.048334,3.542732E+9
46.105000,-2.650712,-2.245840,-2.285933,-2.433159,3.542732E+9
46.110000,-2.654655,-2.217250,-2.293820,-2.083169,3.542732E+9
46.115000,-2.718081,-2.248141,-2.345744,-2.361518,3.542732E+9
46.120000,-2.795637,-2.304008,-2.429873,-2.614234,3.542732E+9
46.125000,-2.823899,-2.393066,-2.686861,-2.728597,3.542732E+9
46.130000,-2.971454,-2.466022,-2.686204,-2.889625,3.542732E+9
46.135000,-3.000374,-2.523532,-2.783478,-2.831787,3.542732E+9
46.140000,-2.993801,-2.538649,-2.719395,-2.713809,3.542732E+9
46.145000,-2.942535,-2.583014,-2.509730,-2.528462,3.542732E+9
46.150000,-2.835401,-2.435788,-2.312223,-2.436774,3.542732E+9
46.155000,-2.712165,-2.397010,-2.103215,-2.200818,3.542732E+9
46.160000,-2.577756,-2.304665,-2.069695,-2.088098,3.542732E+9
46.165000,-2.562968,-2.217250,-2.022373,-1.980637,3.542732E+9
46.170000,-2.441703,-2.165655,-2.050963,-1.908010,3.542732E+9
46.175000,-2.362832,-2.102887,-1.934629,-1.944816,3.542732E+9
46.180000,-2.298092,-2.104201,-1.941530,-1.900451,3.542732E+9
46.185000,-2.259643,-2.015143,-1.937915,-1.900451,3.542732E+9
46.190000,-2.203447,-1.971106,-1.908010,-1.877447,3.542732E+9
46.195000,-2.058522,-1.863645,-1.891907,-1.978336,3.542732E+9
46.200000,-1.985895,-1.784774,-1.890264,-1.940872,3.542732E+9
46.205000,-1.912610,-1.703274,-2.112417,-1.976036,3.542732E+9
46.210000,-1.881719,-1.665153,-1.918197,-1.960590,3.542732E+9
46.215000,-1.785760,-1.627032,-1.934957,-1.932657,3.542732E+9
46.220000,-1.706231,-1.570836,-1.842612,-1.920497,3.542732E+9
46.225000,-1.651350,-1.609614,-1.733179,-1.886977,3.542732E+9
46.230000,-1.520556,-1.462717,-1.716090,-1.833739,3.542732E+9
46.235000,-1.643463,-1.366758,-1.640834,-1.842941,3.542732E+9
46.240000,-1.423282,-1.325022,-1.690457,-1.684213,3.542732E+9
46.245000,-1.396006,-1.315163,-1.593512,-1.642806,3.542732E+9
46.250000,-1.438399,-1.426239,-1.613558,-1.604685,3.542732E+9
46.255000,-1.448258,-1.368072,-1.668768,-1.440370,3.542732E+9
46.260000,-1.480135,-1.404879,-1.681256,-1.640834,3.542732E+9
46.265000,-1.434127,-1.398963,-1.695715,-1.713461,3.542732E+9
46.270000,-1.478163,-1.385489,-1.712804,-1.796604,3.542732E+9
46.275000,-1.517927,-1.390090,-1.755854,-1.821580,3.542732E+9
46.280000,-1.497552,-1.385161,-1.773272,-1.907352,3.542732E+9
46.285000,-1.490979,-1.450229,-1.781159,-1.936929,3.542732E+9
46.290000,-1.495251,-1.368401,-1.829467,-1.985237,3.542732E+9
46.295000,-1.576423,-1.406522,-1.781487,-2.027959,3.542732E+9
46.300000,-1.476848,-1.422624,-1.820923,-1.898479,3.542732E+9
46.305000,-1.473233,-1.403235,-1.735808,-1.817965,3.542732E+9
46.310000,-1.473891,-1.418352,-1.711818,-1.702288,3.542732E+9
46.315000,-1.389104,-1.359856,-1.652993,-1.738437,3.542732E+9
46.320000,-1.384832,-1.337181,-1.611586,-1.618816,3.542732E+9
46.325000,-1.360514,-1.334552,-1.667124,-1.611258,3.542732E+9
46.330000,-1.392719,-1.346054,-1.623745,-1.644449,3.542732E+9
46.335000,-1.401921,-1.501824,-1.667782,-1.699330,3.542732E+9
46.340000,-1.447600,-1.410794,-1.723649,-1.888949,3.542732E+9
46.345000,-1.466661,-1.460417,-1.712147,-1.858387,3.542732E+9
46.350000,-1.510040,-1.560320,-1.874818,-1.964534,3.542732E+9
46.355000,-1.656608,-1.797919,-1.808435,-2.198518,3.542732E+9
46.360000,-1.928056,-2.338514,-1.876133,-2.453863,3.542732E+9
46.365000,-2.426258,-2.795637,-2.122604,-2.814698,3.542732E+9
46.370000,-2.696391,-2.821270,-2.566911,-3.078916,3.542732E+9
46.375000,-2.586300,-2.835730,-2.891926,-3.478201,3.542732E+9
46.380000,-2.394381,-2.658927,-2.850518,-3.643502,3.542732E+9
46.385000,-2.059508,-2.467008,-2.760474,-3.743077,3.542732E+9
46.390000,-2.281661,-2.451562,-2.606675,-3.497919,3.542732E+9
46.395000,-2.259314,-2.528790,-2.397996,-3.053283,3.542732E+9
46.400000,-2.216264,-2.475552,-2.266215,-2.759488,3.542732E+9
46.405000,-2.170584,-2.527804,-2.055235,-2.457478,3.542732E+9
46.410000,-2.110117,-2.452877,-1.991810,-2.322411,3.542732E+9
46.415000,-2.182086,-2.499871,-1.890592,-2.274760,3.542732E+9
46.420000,-2.134106,-2.551466,-1.925427,-2.234996,3.542732E+9
46.425000,-2.188659,-2.545222,-1.885334,-2.341471,3.542732E+9
46.430000,-2.125891,-2.599446,-1.934957,-2.443018,3.542732E+9
46.435000,-2.189316,-2.516631,-2.024016,-2.964224,3.542732E+9
46.440000,-2.300721,-2.688504,-2.219221,-2.885682,3.542732E+9
46.445000,-2.465036,-2.859720,-2.457806,-3.121309,3.542732E+9
46.450000,-2.606347,-2.887982,-2.610948,-3.116380,3.542732E+9
46.455000,-2.558367,-2.882396,-2.670101,-3.092061,3.542732E+9
46.460000,-2.542921,-2.868264,-2.482782,-3.007932,3.542732E+9
46.465000,-2.503486,-2.834744,-2.240582,-2.800895,3.542732E+9
46.470000,-2.435788,-2.811412,-2.048334,-2.509401,3.542732E+9
46.475000,-2.390766,-2.878123,-1.887963,-2.293492,3.542732E+9
46.480000,-2.298092,-2.610619,-1.806792,-2.289219,3.542732E+9
46.485000,-2.193588,-2.594845,-1.797590,-2.107816,3.542732E+9
46.490000,-2.053264,-2.404568,-1.838997,-2.009227,3.542732E+9
46.495000,-2.163354,-2.321754,-1.831110,-2.032560,3.542732E+9
46.500000,-2.046034,-2.289219,-1.844256,-1.998383,3.542732E+9
46.505000,-2.025987,-2.189645,-1.789374,-2.038475,3.542732E+9
46.510000,-1.961905,-2.126548,-1.816322,-1.975050,3.542732E+9
46.515000,-1.905381,-1.984580,-1.860687,-2.012842,3.542732E+9
46.520000,-1.855758,-1.931999,-1.915239,-2.027959,3.542732E+9
46.525000,-1.785102,-1.880405,-1.890264,-2.143965,3.542732E+9
46.530000,-1.801534,-1.794633,-1.868903,-2.117018,3.542732E+9
46.535000,-1.666139,-1.716419,-1.856743,-2.063780,3.542732E+9
46.540000,-1.668439,-1.649050,-1.778201,-1.940872,3.542732E+9
46.545000,-1.617173,-1.608957,-1.761112,-1.812050,3.542732E+9
46.550000,-1.489336,-1.486050,-1.689800,-1.830782,3.542732E+9
46.555000,-1.423939,-1.416052,-1.586610,-1.668768,3.542732E+9
46.560000,-1.351969,-1.320092,-1.613887,-1.616844,3.542732E+9
46.565000,-1.364129,-1.285915,-1.597455,-1.597126,3.542732E+9
46.570000,-1.439385,-1.333566,-1.640834,-1.576094,3.542732E+9
46.575000,-1.415395,-1.354598,-1.658251,-1.653651,3.542732E+9
46.580000,-1.468304,-1.423610,-1.661209,-1.703274,3.542732E+9
46.585000,-1.490651,-1.393048,-1.709189,-1.840641,3.542732E+9
46.590000,-1.547175,-1.409808,-1.729235,-1.784774,3.542732E+9
46.595000,-1.486707,-1.418024,-1.785102,-1.867260,3.542732E+9
46.600000,-1.539616,-1.408165,-1.757497,-1.918526,3.542732E+9
46.605000,-1.497223,-1.489665,-1.793975,-1.933643,3.542732E+9
46.610000,-1.536330,-1.424268,-1.832096,-1.954018,3.542732E+9
46.615000,-1.517927,-1.419995,-1.811393,-1.904723,3.542732E+9
46.620000,-1.494266,-1.415066,-1.791018,-1.863316,3.542732E+9
46.625000,-1.478820,-1.388776,-1.713790,-1.816651,3.542732E+9
46.630000,-1.446286,-1.374316,-1.700973,-1.695058,3.542732E+9
46.635000,-1.398635,-1.327651,-1.658580,-1.801205,3.542732E+9
46.640000,-1.387461,-1.331923,-1.588911,-1.632618,3.542732E+9
46.645000,-1.350655,-1.347368,-1.557034,-1.685528,3.542732E+9
46.650000,-1.412108,-1.366100,-1.609943,-1.670082,3.542732E+9
46.655000,-1.460088,-1.374645,-1.691443,-1.681584,3.542732E+9
46.660000,-1.500838,-1.397320,-1.718391,-1.730550,3.542732E+9
46.665000,-1.513655,-1.434127,-1.744681,-1.792003,3.542732E+9
46.670000,-1.594497,-1.467647,-1.828153,-1.829796,3.542732E+9
46.675000,-1.822566,-1.544217,-1.952046,-1.954018,3.542732E+9
46.680000,-2.141008,-1.775901,-2.148566,-2.044391,3.542732E+9
46.685000,-2.787093,-2.259971,-2.437103,-2.296121,3.542732E+9
46.690000,-2.946478,-2.668458,-2.765732,-2.659585,3.542732E+9
46.695000,-2.867607,-2.599117,-3.013847,-3.194922,3.542732E+9
46.700000,-2.986242,-2.448933,-3.095019,-3.438437,3.542732E+9
46.705000,-2.719395,-2.269502,-3.088775,-3.502520,3.542732E+9
46.710000,-2.669772,-2.298750,-2.873194,-3.376326,3.542732E+9
46.715000,-2.670101,-2.570526,-2.666486,-3.094033,3.542732E+9
46.720000,-2.569212,-2.235324,-2.423629,-2.689490,3.542732E+9
46.725000,-2.571512,-2.173871,-2.295463,-2.207062,3.542732E+9
46.730000,-2.448933,-2.129506,-2.203776,-2.014814,3.542732E+9
46.735000,-2.537663,-2.148566,-2.106502,-1.970120,3.542732E+9
46.740000,-2.547193,-2.287248,-2.167298,-1.871860,3.542732E+9
46.745000,-2.572498,-2.176500,-2.162697,-1.869889,3.542732E+9
46.750000,-2.570198,-2.093356,-2.195889,-1.950731,3.542732E+9
46.755000,-2.584329,-2.159082,-2.272459,-2.254713,3.542732E+9
46.760000,-2.648740,-2.252413,-2.358232,-2.531748,3.542732E+9
46.765000,-2.752587,-2.390109,-2.519917,-2.869250,3.542732E+9
46.770000,-2.907043,-2.447947,-2.686204,-2.959952,3.542732E+9
46.775000,-2.932019,-2.552452,-2.955023,-2.928732,3.542732E+9
46.780000,-3.014505,-2.583014,-2.736155,-2.829158,3.542732E+9
46.785000,-3.010232,-2.572827,-2.610619,-2.577427,3.542732E+9
46.790000,-2.885682,-2.504472,-2.383207,-2.365133,3.542732E+9
46.795000,-2.767704,-2.481468,-2.143965,-2.158754,3.542732E+9
46.800000,-2.566911,-2.303679,-2.033875,-2.048663,3.542732E+9
46.805000,-2.490669,-2.256685,-1.959276,-1.910310,3.542732E+9
46.810000,-2.402597,-2.196217,-1.948431,-1.875147,3.542732E+9
46.815000,-2.394381,-2.135421,-1.908338,-1.927727,3.542732E+9
46.820000,-2.326355,-2.135750,-1.956318,-1.896508,3.542732E+9
46.825000,-2.278703,-2.043733,-1.908995,-1.932328,3.542732E+9
46.830000,-2.222836,-2.012514,-1.904066,-1.948102,3.542732E+9
46.835000,-2.108473,-1.940215,-1.895850,-1.987866,3.542732E+9
46.840000,-2.023358,-1.838997,-1.916225,-1.954346,3.542732E+9
46.845000,-1.990167,-1.811064,-1.937586,-2.053264,3.542732E+9
46.850000,-1.955332,-1.757169,-1.938572,-1.990495,3.542732E+9
46.855000,-1.857729,-1.704260,-1.953032,-1.957961,3.542732E+9
46.860000,-1.791018,-1.636562,-1.830124,-1.929370,3.542732E+9
46.865000,-1.707217,-1.686514,-1.796604,-1.841626,3.542732E+9
46.870000,-1.625389,-1.510040,-1.740409,-1.785431,3.542732E+9
46.875000,-1.492294,-1.428868,-1.650036,-1.748296,3.542732E+9
46.880000,-1.418024,-1.351641,-1.608957,-1.695715,3.542732E+9
46.885000,-1.400278,-1.295445,-1.586610,-1.692429,3.542732E+9
46.890000,-1.406193,-1.325679,-1.642806,-1.598441,3.542732E+9
46.895000,-1.419338,-1.344739,-1.677641,-1.632618,3.542732E+9
46.900000,-1.446943,-1.387790,-1.659895,-1.622760,3.542732E+9
46.905000,-1.466332,-1.489336,-1.651679,-1.721677,3.542732E+9
46.910000,-1.449901,-1.400606,-1.680598,-1.737451,3.542732E+9
46.915000,-1.463703,-1.374316,-1.746981,-1.783788,3.542732E+9
46.920000,-1.484407,-1.390090,-1.748953,-1.869889,3.542732E+9
46.925000,-1.509054,-1.432155,-1.760455,-1.913596,3.542732E+9
46.930000,-1.499195,-1.411451,-1.821251,-1.971106,3.542732E+9
46.935000,-1.679284,-1.423282,-1.832425,-1.989181,3.542732E+9
46.940000,-1.491637,-1.425582,-1.829139,-1.954018,3.542732E+9
46.945000,-1.484735,-1.373002,-1.755197,-1.903409,3.542732E+9
46.950000,-1.472905,-1.371687,-1.719048,-1.787074,3.542732E+9
46.955000,-1.404550,-1.371030,-1.682241,-1.741723,3.542732E+9
46.960000,-1.437413,-1.353284,-1.625389,-1.610600,3.542732E+9
46.965000,-1.398635,-1.355913,-1.620459,-1.564921,3.542732E+9
46.970000,-1.409479,-1.356241,-1.575437,-1.585953,3.542732E+9
46.975000,-1.435441,-1.371030,-1.624731,-1.593840,3.542732E+9
46.980000,-1.456145,-1.396991,-1.667453,-1.617830,3.542732E+9
46.985000,-1.466989,-1.444971,-1.715762,-1.757826,3.542732E+9
46.990000,-1.501167,-1.495909,-1.761770,-1.890921,3.542732E+9
46.995000,-1.569850,-1.625389,-1.783131,-2.118661,3.542732E+9
47.000000,-1.700973,-1.971106,-1.852800,-2.337857,3.542732E+9
47.005000,-2.203447,-2.634280,-2.002983,-2.712165,3.542732E+9
47.010000,-2.650712,-2.839016,-2.362504,-3.038495,3.542732E+9
47.015000,-2.664843,-2.898827,-2.777563,-3.378626,3.542732E+9
47.020000,-2.534048,-2.835730,-2.906714,-3.538669,3.542732E+9
47.025000,-2.230395,-2.622450,-2.827186,-3.678665,3.542732E+9
47.030000,-2.241897,-2.516631,-2.646768,-3.590264,3.542732E+9
47.035000,-2.353959,-2.673059,-2.443347,-3.223842,3.542732E+9
47.040000,-2.304008,-2.567568,-2.301379,-2.843617,3.542732E+9
47.045000,-2.347058,-2.707565,-2.170256,-2.606018,3.542732E+9
47.050000,-2.175514,-2.536349,-2.150538,-2.395695,3.542732E+9
47.055000,-2.187673,-2.483439,-2.010870,-2.375978,3.542732E+9
47.060000,-2.199832,-2.597802,-1.948760,-2.388465,3.542732E+9
47.065000,-2.180115,-2.628365,-1.937915,-2.507758,3.542732E+9
47.070000,-2.188330,-2.644468,-1.946131,-2.516302,3.542732E+9
47.075000,-2.193917,-2.582685,-2.025330,-2.747329,3.542732E+9
47.080000,-2.311895,-2.662542,-2.156782,-2.751930,3.542732E+9
47.085000,-2.415413,-2.843289,-2.303679,-2.973097,3.542732E+9
47.090000,-2.535034,-2.903756,-2.469308,-2.992815,3.542732E+9
47.095000,-2.533720,-2.929061,-2.558038,-3.011218,3.542732E+9
47.100000,-2.520246,-2.842960,-2.438746,-2.941549,3.542732E+9
47.105000,-2.486068,-2.853147,-2.273445,-2.816670,3.542732E+9
47.110000,-2.376306,-2.813055,-2.089084,-2.573155,3.542732E+9
47.115000,-2.409826,-2.819956,-1.911624,-2.416728,3.542732E+9
47.120000,-2.272788,-2.645454,-1.837354,-2.269830,3.542732E+9
47.125000,-2.388465,-2.543579,-1.843598,-2.389780,3.542732E+9
47.130000,-2.045048,-2.397996,-1.857401,-2.039461,3.542732E+9
47.135000,-2.038147,-2.291191,-1.824538,-2.089084,3.542732E+9
47.140000,-2.016786,-2.286919,-1.809092,-2.018758,3.542732E+9
47.145000,-1.988852,-2.166969,-1.790360,-1.957961,3.542732E+9
47.150000,-1.956647,-2.094014,-1.766042,-1.899137,3.542732E+9
47.155000,-1.885663,-1.970449,-1.782473,-1.979651,3.542732E+9
47.160000,-1.753883,-1.847870,-1.800876,-1.916883,3.542732E+9
47.165000,-1.715104,-1.786088,-2.068381,-2.009885,3.542732E+9
47.170000,-1.672054,-1.700645,-1.836697,-1.998054,3.542732E+9
47.175000,-1.664495,-1.635905,-1.838340,-2.023030,3.542732E+9
47.180000,-1.580038,-1.598770,-1.778201,-1.990495,3.542732E+9
47.185000,-1.561306,-1.573465,-1.713461,-1.888949,3.542732E+9
47.190000,-1.477177,-1.472247,-1.700316,-1.791675,3.542732E+9
47.195000,-1.499852,-1.385818,-1.639848,-1.783459,3.542732E+9
47.200000,-1.370701,-1.327322,-1.640177,-1.636562,3.542732E+9
47.205000,-1.379903,-1.295116,-1.750268,-1.602056,3.542732E+9
47.210000,-1.386475,-1.335209,-1.597784,-1.617501,3.542732E+9
47.215000,-1.389104,-1.381217,-1.636891,-1.690786,3.542732E+9
47.220000,-1.458445,-1.384504,-1.668110,-1.620459,3.542732E+9
47.225000,-1.458116,-1.385818,-1.836040,-1.719048,3.542732E+9
47.230000,-1.429197,-1.391076,-1.688814,-1.779516,3.542732E+9
47.235000,-1.489993,-1.587268,-1.749282,-1.841955,3.542732E+9
47.240000,-1.471919,-1.393048,-1.745338,-1.906038,3.542732E+9
47.245000,-1.477177,-1.417038,-1.795290,-1.947774,3.542732E+9
47.250000,-1.478491,-1.392719,-1.800548,-1.939229,3.542732E+9
47.255000,-1.532715,-1.425582,-1.809092,-1.971435,3.542732E+9
47.260000,-1.477177,-1.416709,-1.743695,-1.873175,3.542732E+9
47.265000,-1.489665,-1.401592,-1.766699,-1.784774,3.542732E+9
47.270000,-1.449901,-1.380231,-1.691772,-1.704917,3.542732E+9
47.275000,-1.398963,-1.363143,-1.635576,-1.679612,3.542732E+9
47.280000,-1.386804,-1.325350,-1.594826,-1.643792,3.542732E+9
47.285000,-1.387790,-1.330280,-1.641491,-1.627032,3.542732E+9
47.290000,-1.397320,-1.352627,-1.616516,-1.621445,3.542732E+9
47.295000,-1.421639,-1.380560,-1.648393,-1.710175,3.542732E+9
47.300000,-1.443328,-1.377931,-1.680270,-1.767356,3.542732E+9
47.305000,-1.493280,-1.401921,-1.710832,-1.853457,3.542732E+9
47.310000,-1.499524,-1.406193,-1.767028,-1.818294,3.542732E+9
47.315000,-1.608300,-1.431826,-1.880733,-1.872518,3.542732E+9
47.320000,-1.724963,-1.555719,-1.896179,-1.907024,3.542732E+9
47.325000,-2.074625,-1.884677,-2.068052,-2.067395,3.542732E+9
47.330000,-2.688175,-2.215935,-2.324383,-2.189645,3.542732E+9
47.335000,-2.892254,-2.614234,-2.690476,-2.523204,3.542732E+9
47.340000,-2.875823,-2.672401,-2.941549,-2.992486,3.542732E+9
47.345000,-2.927746,-2.536677,-3.023378,-3.366467,3.542732E+9
47.350000,-2.722682,-2.298750,-2.991829,-3.544913,3.542732E+9
47.355000,-2.792022,-2.331613,-2.890940,-3.453883,3.542732E+9
47.360000,-2.691790,-2.413113,-2.719395,-3.232057,3.542732E+9
47.365000,-2.718081,-2.357903,-2.543907,-2.870565,3.542732E+9
47.370000,-2.692776,-2.307294,-2.432830,-2.421000,3.542732E+9
47.375000,-2.587615,-2.240254,-2.357903,-2.215278,3.542732E+9
47.380000,-2.603389,-2.258986,-2.253070,-2.053264,3.542732E+9
47.385000,-2.636581,-2.347387,-2.229738,-1.981622,3.542732E+9
47.390000,-2.578742,-2.221522,-2.189973,-1.948102,3.542732E+9
47.395000,-2.599774,-2.216921,-2.272459,-2.009556,3.542732E+9
47.400000,-2.561325,-2.188002,-2.207062,-2.155139,3.542732E+9
47.405000,-2.677988,-2.219879,-2.348373,-2.394052,3.542732E+9
47.410000,-2.699020,-2.318467,-2.477524,-2.637895,3.542732E+9
47.415000,-2.839016,-2.439732,-2.609633,-2.842960,3.542732E+9
47.420000,-2.883710,-2.470294,-2.685218,-2.891269,3.542732E+9
47.425000,-3.153186,-2.527476,-2.684889,-2.664514,3.542732E+9
47.430000,-2.900470,-2.510058,-2.562639,-2.565925,3.542732E+9
47.435000,-2.896198,-2.441375,-2.384522,-2.395695,3.542732E+9
47.440000,-2.742071,-2.395038,-2.124248,-2.195560,3.542732E+9
47.445000,-2.602075,-2.321096,-2.034203,-2.056879,3.542732E+9
47.450000,-2.426258,-2.215606,-1.936600,-1.918526,3.542732E+9
47.455000,-2.372034,-2.146266,-1.932985,-2.066080,3.542732E+9
47.460000,-2.316824,-2.105844,-1.927070,-1.852143,3.542732E+9
47.465000,-2.289219,-2.116360,-1.926413,-1.908010,3.542732E+9
47.470000,-2.219221,-2.045377,-1.907681,-1.894207,3.542732E+9
47.475000,-2.051292,-1.959933,-1.954018,-1.902423,3.542732E+9
47.480000,-2.088756,-1.870874,-1.879747,-1.945473,3.542732E+9
47.485000,-2.040447,-1.983266,-1.900451,-1.980637,3.542732E+9
47.490000,-1.890592,-1.778530,-1.896179,-1.988524,3.542732E+9
47.495000,-1.922798,-1.740080,-1.877447,-1.972421,3.542732E+9
47.500000,-1.844913,-1.699659,-1.877118,-1.955004,3.542732E+9
47.505000,-1.776887,-1.630975,-1.799891,-1.946131,3.542732E+9
47.510000,-1.664824,-1.584639,-1.752897,-1.830782,3.542732E+9
47.515000,-1.604028,-1.514312,-1.733508,-1.792661,3.542732E+9
47.520000,-1.465018,-1.412108,-1.648064,-1.702288,3.542732E+9
47.525000,-1.397320,-1.194227,-1.633604,-1.710832,3.542732E+9
47.530000,-1.361500,-1.306290,-1.621445,-1.635247,3.542732E+9
47.535000,-1.369058,-1.328637,-1.689143,-1.619145,3.542732E+9
47.540000,-1.394034,-1.350655,-1.627032,-1.653979,3.542732E+9
47.545000,-1.449243,-1.437084,-1.682570,-1.662852,3.542732E+9
47.550000,-1.427225,-1.379574,-1.692758,-1.698673,3.542732E+9
47.555000,-1.470604,-1.342439,-1.686842,-1.777544,3.542732E+9
47.560000,-1.437413,-1.410794,-1.695715,-1.813693,3.542732E+9
47.565000,-1.501495,-1.404221,-1.729235,-1.846885,3.542732E+9
47.570000,-1.477177,-1.405207,-1.760784,-1.847542,3.542732E+9
47.575000,-1.507739,-1.408493,-1.811393,-1.691114,3.542732E+9
47.580000,-1.452530,-1.418024,-1.789046,-1.917868,3.542732E+9
47.585000,-1.469618,-1.417038,-1.781159,-1.958618,3.542732E+9
47.590000,-1.433469,-1.382860,-1.759798,-1.868903,3.542732E+9
47.595000,-1.442014,-1.380560,-1.745338,-1.779844,3.542732E+9
47.600000,-1.398635,-1.341453,-1.674026,-1.730221,3.542732E+9
47.605000,-1.403564,-1.357556,-1.614872,-1.704588,3.542732E+9
47.610000,-1.367743,-1.347368,-1.598770,-1.632290,3.542732E+9
47.615000,-1.433141,-1.340796,-1.608628,-1.674683,3.542732E+9
47.620000,-1.427225,-1.374973,-1.620788,-1.635576,3.542732E+9
47.625000,-1.444314,-1.419338,-1.684542,-1.698016,3.542732E+9
47.630000,-1.466004,-1.440699,-1.695715,-1.745995,3.542732E+9
47.635000,-1.499524,-1.541917,-1.753225,-1.920826,3.542732E+9
47.640000,-1.575766,-1.682241,-1.788389,-2.044391,3.542732E+9
47.645000,-1.647078,-2.076268,-1.911296,-2.358560,3.542732E+9
47.650000,-2.288562,-2.752587,-2.092371,-2.791365,3.542732E+9
47.655000,-2.785450,-2.926103,-2.573484,-3.162059,3.542732E+9
47.660000,-2.772633,-2.873523,-3.013190,-3.510078,3.542732E+9
47.665000,-2.711180,-2.824885,-3.106850,-4.070721,3.542732E+9
47.670000,-2.307623,-2.650712,-2.922160,-3.961945,3.542732E+9
47.675000,-2.392080,-2.524847,-2.733526,-3.827863,3.542732E+9
47.680000,-2.303350,-2.420671,-2.534377,-3.271493,3.542732E+9
47.685000,-2.221193,-2.371705,-2.355931,-2.695405,3.542732E+9
47.690000,-2.215606,-2.465365,-2.196875,-2.416070,3.542732E+9
47.695000,-2.122604,-2.402597,-2.023687,-2.296778,3.542732E+9
47.700000,-2.118661,-2.427901,-1.874489,-2.159411,3.542732E+9
47.705000,-2.122604,-2.473909,-1.940215,-2.133778,3.542732E+9
47.710000,-2.063123,-2.463393,-1.958290,-2.191288,3.542732E+9
47.715000,-2.140022,-2.447619,-1.953689,-2.361518,3.542732E+9
47.720000,-2.064108,-2.374663,-1.999697,-2.601746,3.542732E+9
47.725000,-2.237625,-2.549165,-2.143637,-2.881738,3.542732E+9
47.730000,-2.350673,-2.666157,-2.389780,-3.051968,3.542732E+9
47.735000,-2.891597,-2.821599,-2.636581,-3.123610,3.542732E+9
47.740000,-2.617520,-2.851833,-2.691133,-3.178162,3.542732E+9
47.745000,-2.665829,-2.831458,-2.638552,-3.151872,3.542732E+9
47.750000,-2.484097,-2.788079,-2.405226,-2.836716,3.542732E+9
47.755000,-2.475552,-2.744371,-1.981951,-2.611276,3.542732E+9
47.760000,-2.368090,-2.681274,-1.918526,-2.408512,3.542732E+9
47.765000,-2.262929,-2.535363,-1.839655,-2.226780,3.542732E+9
47.770000,-2.122604,-2.432502,-1.792989,-2.082183,3.542732E+9
47.775000,-2.038804,-2.191945,-1.778201,-2.127205,3.542732E+9
47.780000,-1.971435,-2.250770,-1.830124,-1.972092,3.542732E+9
47.785000,-2.041762,-2.238282,-1.866274,-2.014485,3.542732E+9
47.790000,-1.966506,-2.157768,-1.809421,-2.001998,3.542732E+9
47.795000,-2.013828,-2.118332,-1.830453,-1.992796,3.542732E+9
47.800000,-1.881391,-1.999040,-1.819608,-1.969463,3.542732E+9
47.805000,-1.868574,-1.990824,-1.852800,-1.985895,3.542732E+9
47.810000,-1.773929,-1.849514,-1.882376,-2.004955,3.542732E+9
47.815000,-1.755854,-1.829467,-1.858058,-2.085469,3.542732E+9
47.820000,-1.706889,-1.749939,-1.825852,-2.087441,3.542732E+9
47.825000,-1.688814,-1.649707,-1.813364,-2.078897,3.542732E+9
47.830000,-1.538959,-1.557691,-1.775572,-1.938572,3.542732E+9
47.835000,-1.513326,-1.474219,-1.971435,-1.850499,3.542732E+9
47.840000,-1.394034,-1.381546,-1.638534,-1.734822,3.542732E+9
47.845000,-1.344411,-1.311219,-1.611915,-1.723977,3.542732E+9
47.850000,-1.321407,-1.285915,-1.582338,-1.592197,3.542732E+9
47.855000,-1.336195,-1.338167,-1.882048,-1.544546,3.542732E+9
47.860000,-1.359856,-1.327979,-1.598112,-1.541917,3.542732E+9
47.865000,-1.454501,-1.373330,-1.637219,-1.599427,3.542732E+9
47.870000,-1.402249,-1.397977,-1.613558,-1.663181,3.542732E+9
47.875000,-1.502810,-1.426897,-1.678298,-1.734493,3.542732E+9
47.880000,-1.453187,-1.399292,-1.703602,-1.820594,3.542732E+9
47.885000,-1.509711,-1.393705,-1.772286,-1.977679,3.542732E+9
47.890000,-1.491965,-1.404550,-1.810735,-1.967820,3.542732E+9
47.895000,-1.510040,-1.410794,-1.872518,-2.024344,3.542732E+9
47.900000,-1.488350,-1.409479,-1.834397,-2.038804,3.542732E+9
47.905000,-1.503796,-1.407179,-1.811721,-2.051621,3.542732E+9
47.910000,-1.461731,-1.398963,-1.755526,-1.884348,3.542732E+9
47.915000,-1.446614,-1.379574,-1.799562,-1.760455,3.542732E+9
47.920000,-1.393048,-1.344739,-1.639520,-1.649378,3.542732E+9
47.925000,-1.418024,-1.381546,-1.582995,-1.575108,3.542732E+9
47.930000,-1.351312,-1.337510,-1.549147,-1.521213,3.542732E+9
47.935000,-1.549475,-1.339810,-1.548818,-1.550790,3.542732E+9
47.940000,-1.376945,-1.344411,-1.577737,-1.611586,3.542732E+9
47.945000,-1.439056,-1.361171,-1.644120,-1.665153,3.542732E+9
47.950000,-1.425582,-1.365772,-1.695387,-1.732522,3.542732E+9
47.955000,-1.482106,-1.376945,-1.755854,-1.908010,3.542732E+9
47.960000,-1.453187,-1.406522,-1.737451,-1.902423,3.542732E+9
47.965000,-1.517927,-1.421967,-2.031574,-1.972092,3.542732E+9
47.970000,-1.569193,-1.429526,-1.845241,-1.961576,3.542732E+9
47.975000,-1.805477,-1.565907,-1.956647,-1.971106,3.542732E+9
47.980000,-2.133778,-1.809092,-2.097629,-2.045048,3.542732E+9
47.985000,-2.774934,-2.271473,-2.377949,-2.178143,3.542732E+9
47.990000,-2.904742,-2.612262,-2.707565,-2.466351,3.542732E+9
47.995000,-3.015819,-2.725968,-2.958638,-2.973097,3.542732E+9
48.000000,-2.984271,-2.542264,-3.041452,-3.341163,3.542732E+9
48.005000,-2.792680,-2.362504,-3.077930,-3.546885,3.542732E+9
48.010000,-2.677988,-2.328326,-2.950093,-3.503834,3.542732E+9
48.015000,-2.627050,-2.197861,-2.777891,-3.404259,3.542732E+9
48.020000,-2.581700,-2.269173,-2.557052,-2.942863,3.542732E+9
48.025000,-2.627050,-2.244854,-2.499542,-2.493627,3.542732E+9
48.030000,-2.506443,-2.198846,-2.290863,-2.229080,3.542732E+9
48.035000,-2.641510,-2.269502,-2.234338,-2.030917,3.542732E+9
48.040000,-2.585643,-2.321096,-2.221193,-1.872189,3.542732E+9
48.045000,-2.627379,-2.218564,-2.189645,-1.800876,3.542732E+9
48.050000,-2.519589,-2.164669,-2.147580,-1.894207,3.542732E+9
48.055000,-2.532405,-2.176500,-2.174856,-2.283304,3.542732E+9
48.060000,-2.545550,-2.204104,-2.271473,-2.406540,3.542732E+9
48.065000,-2.752587,-2.300064,-2.449591,-2.765075,3.542732E+9
48.070000,-2.809768,-2.408512,-2.622121,-2.916244,3.542732E+9
48.075000,-2.918873,-2.504800,-2.813055,-3.024035,3.542732E+9
48.080000,-2.903099,-2.559353,-2.733526,-2.911315,3.542732E+9
48.085000,-2.963896,-2.537335,-2.648740,-2.923146,3.542732E+9
48.090000,-2.825214,-2.469966,-2.380578,-2.435131,3.542732E+9
48.095000,-2.722024,-2.464050,-2.125891,-2.283304,3.542732E+9
48.100000,-2.553437,-2.324383,-1.967820,-2.029602,3.542732E+9
48.105000,-2.475224,-2.248141,-1.975379,-1.898151,3.542732E+9
48.110000,-2.364147,-2.186687,-1.936929,-1.791346,3.542732E+9
48.115000,-2.351988,-2.134106,-1.938901,-1.771628,3.542732E+9
48.120000,-2.256357,-2.087770,-1.905381,-1.849842,3.542732E+9
48.125000,-2.281332,-2.085798,-1.885663,-1.935943,3.542732E+9
48.130000,-2.128520,-1.993453,-1.883691,-1.927727,3.542732E+9
48.135000,-2.120961,-1.864959,-1.903409,-1.964534,3.542732E+9
48.140000,-1.961905,-1.806792,-1.913925,-2.000354,3.542732E+9
48.145000,-1.951389,-1.763084,-1.917211,-2.050306,3.542732E+9
48.150000,-1.838012,-1.701631,-1.885991,-2.021058,3.542732E+9
48.155000,-1.833082,-1.685199,-1.944159,-2.004627,3.542732E+9
48.160000,-1.725620,-1.635576,-1.829139,-1.912939,3.542732E+9
48.165000,-1.712147,-1.599098,-1.815993,-1.901108,3.542732E+9
48.170000,-1.601070,-1.530086,-1.710175,-1.776229,3.542732E+9
48.175000,-1.514641,-1.464360,-1.739094,-1.711161,3.542732E+9
48.180000,-1.382532,-1.347697,-1.605999,-1.662852,3.542732E+9
48.185000,-1.402578,-1.302346,-1.622431,-1.610272,3.542732E+9
48.190000,-1.308919,-1.285258,-1.599427,-1.594169,3.542732E+9
48.195000,-1.372673,-1.336195,-1.629003,-1.659566,3.542732E+9
48.200000,-1.387133,-1.352955,-1.657594,-1.702945,3.542732E+9
48.205000,-1.495580,-1.371358,-1.703602,-1.760455,3.542732E+9
48.210000,-1.453187,-1.371687,-1.705245,-1.757826,3.542732E+9
48.215000,-1.485393,-1.407508,-1.747310,-1.829796,3.542732E+9
48.220000,-1.437084,-1.396334,-1.698673,-1.841955,3.542732E+9
48.225000,-1.494266,-1.619473,-1.789374,-1.901108,3.542732E+9
48.230000,-1.467318,-1.420981,-1.768999,-1.861016,3.542732E+9
48.235000,-1.500181,-1.436098,-1.863645,-1.861344,3.542732E+9
48.240000,-1.469947,-1.406193,-1.759141,-1.883691,3.542732E+9
48.245000,-1.479477,-1.452858,-1.761441,-1.860358,3.542732E+9
48.250000,-1.402249,-1.373330,-1.725292,-1.800548,3.542732E+9
48.255000,-1.695715,-1.368072,-1.712475,-1.760784,3.542732E+9
48.260000,-1.393048,-1.353941,-1.647407,-1.717405,3.542732E+9
48.265000,-1.403564,-1.333895,-1.620131,-1.707874,3.542732E+9
48.270000,-1.386147,-1.346054,-1.588582,-1.659895,3.542732E+9
48.275000,-1.411780,-1.366429,-1.629989,-1.764727,3.542732E+9
48.280000,-1.418352,-1.391733,-1.626046,-1.660223,3.542732E+9
48.285000,-1.459760,-1.450229,-1.866931,-1.755197,3.542732E+9
48.290000,-1.459102,-1.525157,-1.702616,-1.844913,3.542732E+9
48.295000,-1.592854,-1.737780,-1.772286,-2.015143,3.542732E+9
48.300000,-1.820266,-2.259971,-1.838012,-2.386165,3.542732E+9
48.305000,-2.448276,-2.751930,-2.099929,-2.792022,3.542732E+9
48.310000,-2.585972,-2.772305,-2.531419,-3.137741,3.542732E+9
48.315000,-2.558695,-2.827514,-2.829158,-3.486417,3.542732E+9
48.320000,-2.281004,-2.632308,-2.808454,-3.664206,3.542732E+9
48.325000,-2.189316,-2.487054,-2.768690,-3.716129,3.542732E+9
48.330000,-2.272788,-2.496913,-2.549494,-3.429893,3.542732E+9
48.335000,-2.261943,-2.532405,-2.389451,-3.136426,3.542732E+9
48.340000,-2.273445,-2.600431,-2.185373,-2.712165,3.542732E+9
48.345000,-2.190959,-2.568226,-2.180115,-2.439074,3.542732E+9
48.350000,-2.032560,-2.396681,-1.953032,-2.271145,3.542732E+9
48.355000,-2.111431,-2.517288,-1.910967,-2.205748,3.542732E+9
48.360000,-2.059508,-2.538978,-1.889278,-2.272459,3.542732E+9
48.365000,-2.205090,-2.675030,-1.901766,-2.374663,3.542732E+9
48.370000,-2.085798,-2.531419,-1.909981,-2.469966,3.542732E+9
48.375000,-2.186358,-2.519589,-2.018758,-2.646768,3.542732E+9
48.380000,-2.266215,-2.712165,-2.185701,-2.893569,3.542732E+9
48.385000,-2.513016,-2.820285,-2.421328,-3.120981,3.542732E+9
48.390000,-2.482453,-2.858406,-2.541278,-3.026007,3.542732E+9
48.395000,-2.577427,-2.858734,-2.514002,-3.034880,3.542732E+9
48.400000,-2.483111,-2.901785,-2.358560,-2.903428,3.542732E+9
48.405000,-2.483439,-2.876809,-2.197861,-3.060184,3.542732E+9
48.410000,-2.394381,-2.782492,-1.998054,-2.419028,3.542732E+9
48.415000,-2.314853,-2.738784,-1.865288,-2.308280,3.542732E+9
48.420000,-2.156125,-2.572169,-1.790689,-2.155796,3.542732E+9
48.425000,-2.087441,-2.468980,-1.832425,-2.098943,3.542732E+9
48.430000,-1.985237,-2.358232,-1.778858,-2.049320,3.542732E+9
48.435000,-2.040447,-2.331284,-1.857072,-1.977022,3.542732E+9
48.440000,-1.958618,-2.254385,-1.813693,-1.989181,3.542732E+9
48.445000,-2.004627,-2.233681,-1.794961,-1.976364,3.542732E+9
48.450000,-1.873175,-2.086455,-1.758812,-1.955661,3.542732E+9
48.455000,-1.856086,-1.937258,-1.786417,-2.008899,3.542732E+9
48.460000,-1.719048,-1.834397,-1.829139,-1.950403,3.542732E+9
48.465000,-1.756512,-1.754868,-1.863973,-1.956975,3.542732E+9
48.470000,-1.653322,-1.679941,-1.805806,-2.001340,3.542732E+9
48.475000,-1.617830,-1.655622,-1.803834,-2.154810,3.542732E+9
48.480000,-1.539288,-1.575766,-1.743038,-1.919183,3.542732E+9
48.485000,-1.529758,-1.525814,-1.746981,-1.865616,3.542732E+9
48.490000,-1.416052,-1.426897,-1.674683,-1.771957,3.542732E+9
48.495000,-1.393048,-1.354270,-1.685528,-1.685528,3.542732E+9
48.500000,-1.318120,-1.291502,-1.589239,-1.647078,3.542732E+9
48.505000,-1.363800,-1.354927,-1.600741,-1.625717,3.542732E+9
48.510000,-1.340796,-1.338495,-1.608300,-1.592854,3.542732E+9
48.515000,-1.473891,-1.366100,-1.640834,-1.647735,3.542732E+9
48.520000,-1.423939,-1.388776,-1.640506,-1.664824,3.542732E+9
48.525000,-1.461074,-1.411122,-1.547832,-1.716090,3.542732E+9
48.530000,-1.445629,-1.399620,-1.712804,-1.779516,3.542732E+9
48.535000,-1.462389,-1.406522,-1.755854,-1.951060,3.542732E+9
48.540000,-1.443328,-1.398635,-1.750268,-1.927399,3.542732E+9
48.545000,-1.501824,-1.413423,-1.910310,-1.979322,3.542732E+9
48.550000,-1.440699,-1.399949,-1.807778,-1.981951,3.542732E+9
48.555000,-1.514641,-1.478820,-1.796276,-1.915897,3.542732E+9
48.560000,-1.451215,-1.384832,-1.755854,-1.880405,3.542732E+9
48.565000,-1.469947,-1.394362,-1.713461,-1.797262,3.542732E+9
48.570000,-1.397649,-1.357885,-1.631961,-1.707546,3.542732E+9
48.575000,-1.445300,-1.346711,-1.623417,-1.650693,3.542732E+9
48.580000,-1.370372,-1.355256,-1.583324,-1.595155,3.542732E+9
48.585000,-1.393377,-1.365443,-1.604028,-1.917868,3.542732E+9
48.590000,-1.394362,-1.341125,-1.592854,-1.606657,3.542732E+9
48.595000,-1.416381,-1.391733,-1.640506,-1.682241,3.542732E+9
48.600000,-1.407508,-1.359199,-1.677969,-1.729564,3.542732E+9
48.605000,-1.552433,-1.398963,-1.808764,-1.797919,3.542732E+9
48.610000,-1.592854,-1.469947,-1.847213,-1.909981,3.542732E+9
48.615000,-1.875475,-1.685856,-1.999368,-2.030588,3.542732E+9
48.620000,-2.357903,-1.994439,-2.221522,-2.195231,3.542732E+9
48.625000,-2.882724,-2.468651,-2.569212,-2.511373,3.542732E+9
48.630000,-2.852162,-2.718081,-2.863664,-2.903099,3.542732E+9
48.635000,-2.913287,-2.596816,-3.082531,-3.287925,3.542732E+9
48.640000,-2.834087,-2.438417,-3.047039,-3.517637,3.542732E+9
48.645000,-2.646440,-2.233024,-3.004974,-3.589278,3.542732E+9
48.650000,-2.601746,-2.367433,-2.778549,-3.341820,3.542732E+9
48.655000,-2.614891,-2.329641,-2.664843,-3.009575,3.542732E+9
48.660000,-2.560667,-2.219879,-2.455834,-2.598460,3.542732E+9
48.665000,-2.566254,-2.430201,-2.379592,-2.266873,3.542732E+9
48.670000,-2.456163,-2.148566,-2.251098,-2.095985,3.542732E+9
48.675000,-2.624750,-2.295792,-2.211992,-1.970778,3.542732E+9
48.680000,-2.549165,-2.253070,-2.190631,-1.932985,3.542732E+9
48.685000,-2.643153,-2.215278,-2.187016,-1.993125,3.542732E+9
48.690000,-2.552123,-2.241240,-2.191288,-2.092371,3.542732E+9
48.695000,-2.618177,-2.212320,-2.271145,-2.323068,3.542732E+9
48.700000,-2.658599,-2.288234,-2.389780,-2.605361,3.542732E+9
48.705000,-2.818641,-2.417056,-2.612919,-2.890940,3.542732E+9
48.710000,-2.903099,-2.513016,-2.729583,-2.945492,3.542732E+9
48.715000,-2.966196,-2.764746,-2.812726,-3.006946,3.542732E+9
48.720000,-2.933990,-2.567240,-2.723996,-2.791365,3.542732E+9
48.725000,-2.968825,-2.545879,-2.557381,-2.611605,3.542732E+9
48.730000,-2.828172,-2.464379,-2.284290,-2.377949,3.542732E+9
48.735000,-2.752258,-2.424615,-2.122604,-2.157768,3.542732E+9
48.740000,-2.548837,-2.306308,-2.009885,-2.011856,3.542732E+9
48.745000,-2.535691,-2.083169,-1.949745,-1.919512,3.542732E+9
48.750000,-2.389123,-2.197532,-1.957633,-1.881391,3.542732E+9
48.755000,-2.388794,-2.206733,-1.918854,-1.872846,3.542732E+9
48.760000,-2.323397,-2.154481,-1.900451,-1.922141,3.542732E+9
48.765000,-2.432830,-2.096971,-1.916883,-1.985566,3.542732E+9
48.770000,-2.190631,-2.015143,-1.927727,-1.895522,3.542732E+9
48.775000,-2.170584,-1.891249,-1.931014,-1.970449,3.542732E+9
48.780000,-1.992467,-1.837026,-1.926084,-2.028945,3.542732E+9
48.785000,-1.965191,-1.791675,-1.955661,-2.051292,3.542732E+9
48.790000,-1.874818,-1.717405,-1.936272,-2.026973,3.542732E+9
48.795000,-1.850171,-1.687499,-1.893221,-2.060165,3.542732E+9
48.800000,-1.721677,-1.638862,-1.795618,-1.935614,3.542732E+9
48.805000,-1.700316,-1.584639,-1.831439,-1.869560,3.542732E+9
48.810000,-1.529429,-1.474548,-1.673040,-1.769985,3.542732E+9
48.815000,-1.481778,-1.414409,-1.649707,-1.665481,3.542732E+9
48.820000,-1.347040,-1.301360,-1.586282,-1.627032,3.542732E+9
48.825000,-1.368072,-1.303004,-1.588911,-1.570508,3.542732E+9
48.830000,-1.326336,-1.306290,-1.577737,-1.554733,3.542732E+9
48.835000,-1.443985,-1.352298,-1.640177,-1.614215,3.542732E+9
48.840000,-1.394362,-1.373002,-1.670082,-1.644120,3.542732E+9
48.845000,-1.445300,-1.374973,-1.755526,-1.748624,3.542732E+9
48.850000,-1.448586,-1.376288,-1.712804,-1.828153,3.542732E+9
48.855000,-1.442014,-1.470604,-1.737122,-1.942516,3.542732E+9
48.860000,-1.440699,-1.405536,-1.764399,-1.928713,3.542732E+9
48.865000,-1.538631,-1.405864,-1.892235,-1.926413,3.542732E+9
48.870000,-1.476520,-1.429526,-1.796604,-1.948760,3.542732E+9
48.875000,-1.512340,-1.478820,-1.780830,-1.918526,3.542732E+9
48.880000,-1.455159,-1.393048,-1.761770,-1.876133,3.542732E+9
48.885000,-1.561306,-1.379903,-1.749610,-1.795618,3.542732E+9
48.890000,-1.399620,-1.359199,-1.681584,-1.712147,3.542732E+9
48.895000,-1.428211,-1.333566,-1.657923,-1.691114,3.542732E+9
48.900000,-1.348354,-1.322721,-1.597784,-1.645764,3.542732E+9
48.905000,-1.372016,-1.326336,-1.592854,-1.713133,3.542732E+9
48.910000,-1.366758,-1.333566,-1.612901,-1.632947,3.542732E+9
48.915000,-1.397320,-1.376945,-1.715762,-1.664495,3.542732E+9
48.920000,-1.395677,-1.365443,-1.638205,-1.712147,3.542732E+9
48.925000,-1.478491,-1.486707,-1.735808,-1.758812,3.542732E+9
48.930000,-1.440699,-1.413094,-1.732522,-1.797919,3.542732E+9
48.935000,-1.512340,-1.460088,-1.767356,-1.858387,3.542732E+9
48.940000,-1.518256,-1.513983,-1.756183,-1.964862,3.542732E+9
48.945000,-1.654637,-1.734822,-1.796933,-2.171570,3.542732E+9
48.950000,-1.771300,-2.162040,-1.842284,-2.361189,3.542732E+9
48.955000,-2.310580,-2.736155,-2.032560,-2.905400,3.542732E+9
48.960000,-2.640196,-2.825214,-2.445647,-3.036851,3.542732E+9
48.965000,-2.694419,-2.912301,-2.835730,-3.413132,3.542732E+9
48.970000,-2.471609,-2.826857,-2.883381,-3.626413,3.542732E+9
48.975000,-2.280675,-2.601417,-2.832444,-3.796972,3.542732E+9
48.980000,-2.361189,-2.555738,-2.692119,-3.648431,3.542732E+9
48.985000,-2.368748,-2.556724,-2.579728,-3.212340,3.542732E+9
48.990000,-2.268187,-2.459778,-2.379921,-2.804510,3.542732E+9
48.995000,-2.308280,-2.512687,-2.199504,-2.332270,3.542732E+9
49.000000,-2.093356,-2.401611,-2.014157,-2.340814,3.542732E+9
49.005000,-2.177485,-2.462736,-1.917540,-2.265558,3.542732E+9
49.010000,-2.069038,-2.496913,-1.873175,-2.186030,3.542732E+9
49.015000,-2.118004,-2.505786,-1.929370,-2.209691,3.542732E+9
49.020000,-2.061479,-2.463064,-1.886977,-2.315181,3.542732E+9
49.025000,-2.134435,-2.265229,-1.933643,-2.608647,3.542732E+9
49.030000,-2.184058,-2.537335,-2.097300,-2.723010,3.542732E+9
49.035000,-2.392409,-2.735498,-2.306965,-2.975069,3.542732E+9
49.040000,-2.459449,-2.823899,-2.517288,-3.046710,3.542732E+9
49.045000,-2.605032,-2.803524,-2.652026,-3.015490,3.542732E+9
49.050000,-2.491984,-2.770990,-2.522546,-2.956994,3.542732E+9
49.055000,-2.456163,-2.901456,-2.266215,-2.798266,3.542732E+9
49.060000,-2.395695,-2.751930,-2.067066,-2.569212,3.542732E+9
49.065000,-2.422643,-2.740099,-1.916225,-2.357574,3.542732E+9
49.070000,-2.236967,-2.577427,-1.845241,-2.165655,3.542732E+9
49.075000,-2.230395,-2.491655,-1.833411,-2.133121,3.542732E+9
49.080000,-2.022373,-2.330298,-1.821909,-2.009556,3.542732E+9
49.085000,-2.048006,-2.296121,-1.828810,-2.060493,3.542732E+9
49.090000,-1.990824,-2.240582,-1.813036,-1.993782,3.542732E+9
49.095000,-1.974064,-2.151524,-1.807449,-1.977022,3.542732E+9
49.100000,-1.917211,-2.091056,-1.783459,-1.950731,3.542732E+9
49.105000,-1.898151,-2.158096,-1.819280,-2.011528,3.542732E+9
49.110000,-1.802191,-1.881719,-1.806792,-1.970449,3.542732E+9
49.115000,-1.751911,-1.843270,-1.897822,-1.960590,3.542732E+9
49.120000,-1.679941,-1.731864,-1.853786,-2.007256,3.542732E+9
49.125000,-1.745667,-1.676655,-1.866931,-2.028616,3.542732E+9
49.130000,-1.594497,-1.657594,-1.775901,-1.995425,3.542732E+9
49.135000,-1.572151,-1.623088,-1.750268,-1.883691,3.542732E+9
49.140000,-1.485721,-1.480463,-1.698344,-1.775243,3.542732E+9
49.145000,-1.489665,-1.398963,-1.656280,-1.773600,3.542732E+9
49.150000,-1.325022,-1.330608,-1.602056,-1.659566,3.542732E+9
49.155000,-1.360514,-1.299060,-1.656608,-1.649378,3.542732E+9
49.160000,-1.323050,-1.308262,-1.583981,-1.631961,3.542732E+9
49.165000,-1.399620,-1.347697,-1.680270,-1.682570,3.542732E+9
49.170000,-1.407508,-1.364457,-1.673697,-1.649378,3.542732E+9
49.175000,-1.449572,-1.414080,-1.752239,-1.674354,3.542732E+9
49.180000,-1.433141,-1.394034,-1.653651,-1.769328,3.542732E+9
49.185000,-1.495580,-1.353284,-1.708532,-1.806792,3.542732E+9
49.190000,-1.429854,-1.396991,-1.734822,-1.851485,3.542732E+9
49.195000,-1.515298,-1.416709,-1.760126,-1.872189,3.542732E+9
49.200000,-1.469290,-1.410137,-1.776887,-1.957961,3.542732E+9
49.205000,-1.521870,-1.413752,-1.821909,-2.010870,3.542732E+9
49.210000,-1.454173,-1.396006,-1.783459,-1.907681,3.542732E+9
49.215000,-1.506425,-1.387133,-1.809749,-1.856415,3.542732E+9
49.220000,-1.421310,-1.379245,-1.703274,-1.785431,3.542732E+9
49.225000,-1.420653,-1.367086,-1.655951,-1.726278,3.542732E+9
49.230000,-1.387790,-1.326336,-1.606328,-1.641491,3.542732E+9
49.235000,-1.425582,-1.346054,-1.625717,-1.590225,3.542732E+9
49.240000,-1.393377,-1.359199,-1.580038,-1.608957,3.542732E+9
49.245000,-1.465018,-1.389104,-1.625389,-1.633933,3.542732E+9
49.250000,-1.443328,-1.393377,-1.656280,-1.688157,3.542732E+9
49.255000,-1.582010,-1.425911,-1.756840,-1.813693,3.542732E+9
49.260000,-1.664495,-1.512997,-1.882048,-1.863973,3.542732E+9
49.265000,-2.031245,-1.739751,-2.105844,-2.031574,3.542732E+9
49.270000,-2.550480,-2.194246,-2.287248,-2.275088,3.542732E+9
49.275000,-2.742071,-2.689819,-2.633294,-2.745028,3.542732E+9
49.280000,-2.775591,-2.594187,-2.889625,-3.094362,3.542732E+9
49.285000,-2.840660,-2.470623,-3.104878,-3.396372,3.542732E+9
49.290000,-2.587286,-2.249455,-2.946807,-3.521252,3.542732E+9
49.295000,-2.575456,-2.371048,-2.861363,-3.417733,3.542732E+9
49.300000,-2.540292,-2.293163,-2.642167,-3.077601,3.542732E+9
49.305000,-2.574470,-2.190302,-2.449919,-2.678974,3.542732E+9
49.310000,-2.515316,-2.190302,-2.318796,-2.307951,3.542732E+9
49.315000,-2.460107,-2.121290,-2.228423,-2.068709,3.542732E+9
49.320000,-2.399639,-2.120961,-2.165655,-1.935943,3.542732E+9
49.325000,-2.533062,-2.197861,-2.222836,-1.905709,3.542732E+9
49.330000,-2.452220,-2.170256,-2.166969,-1.897822,3.542732E+9
49.335000,-2.495270,-2.160725,-2.169598,-2.061151,3.542732E+9
49.340000,-2.516302,-2.189645,-2.198518,-2.256028,3.542732E+9
49.345000,-2.655641,-2.258986,-2.324711,-2.546208,3.542732E+9
49.350000,-2.723010,-2.359875,-2.526818,-2.732869,3.542732E+9
49.355000,-3.070043,-2.476210,-2.770661,-2.887654,3.542732E+9
49.360000,-2.948450,-2.551137,-2.779534,-2.949765,3.542732E+9
49.365000,-3.058212,-2.384193,-2.775591,-2.891926,3.542732E+9
49.370000,-2.931690,-2.573812,-2.624750,-2.681274,3.542732E+9
49.375000,-2.883053,-2.547193,-2.418371,-2.437760,3.542732E+9
49.380000,-2.779534,-2.445647,-2.201804,-2.263586,3.542732E+9
49.385000,-2.859391,-2.388465,-2.060822,-2.204104,3.542732E+9
49.390000,-2.536349,-2.329969,-2.007913,-1.991481,3.542732E+9
49.395000,-2.514002,-2.244854,-1.969792,-1.942844,3.542732E+9
49.400000,-2.414756,-2.196546,-1.965191,-1.913925,3.542732E+9
49.405000,-2.477195,-2.223822,-1.973407,-1.917540,3.542732E+9
49.410000,-2.309923,-2.141665,-1.925427,-1.890264,3.542732E+9
49.415000,-2.326355,-2.096314,-1.926741,-1.979651,3.542732E+9
49.420000,-2.198846,-2.035846,-1.927070,-1.933971,3.542732E+9
49.425000,-2.140022,-1.921483,-2.216921,-1.974721,3.542732E+9
49.430000,-2.004298,-1.813693,-1.957633,-2.004627,3.542732E+9
49.435000,-2.002983,-1.805477,-1.999697,-2.022701,3.542732E+9
49.440000,-1.852471,-1.740409,-1.895522,-2.054907,3.542732E+9
49.445000,-1.858387,-1.726606,-1.880405,-2.014814,3.542732E+9
49.450000,-1.698673,-1.625717,-1.798905,-1.905052,3.542732E+9
49.455000,-1.720034,-1.540274,-1.723977,-1.919840,3.542732E+9
49.460000,-1.505768,-1.448915,-1.648064,-1.751253,3.542732E+9
49.465000,-1.443328,-1.365443,-1.621116,-1.684870,3.542732E+9
49.470000,-1.332252,-1.276713,-1.581681,-1.576094,3.542732E+9
49.475000,-1.356241,-1.307604,-1.628018,-1.841955,3.542732E+9
49.480000,-1.346054,-1.330608,-1.598441,-1.559991,3.542732E+9
49.485000,-1.405207,-1.371358,-1.637219,-1.610600,3.542732E+9
49.490000,-1.432483,-1.378917,-1.658580,-1.678955,3.542732E+9
49.495000,-1.492951,-1.408493,-1.740409,-1.735151,3.542732E+9
49.500000,-1.415723,-1.388447,-1.711818,-1.811393,3.542732E+9
49.505000,-1.528443,-1.421967,-1.774586,-1.891907,3.542732E+9
49.510000,-1.446286,-1.409479,-1.776887,-1.966834,3.542732E+9
49.515000,-1.536330,-1.426568,-1.822566,-2.050635,3.542732E+9
49.520000,-1.503467,-1.415395,-1.827167,-1.977350,3.542732E+9
49.525000,-1.507739,-1.402578,-1.816979,-1.953689,3.542732E+9
49.530000,-1.444314,-1.392391,-1.740737,-1.861016,3.542732E+9
49.535000,-1.455159,-1.394034,-1.738108,-1.839655,3.542732E+9
49.540000,-1.369715,-1.342768,-1.656280,-1.677312,3.542732E+9
49.545000,-1.427554,-1.341453,-1.695387,-1.610929,3.542732E+9
49.550000,-1.351641,-1.320421,-1.566564,-1.586282,3.542732E+9
49.555000,-1.389762,-1.372016,-1.557362,-1.576423,3.542732E+9
49.560000,-1.355256,-1.327322,-1.575108,-1.600413,3.542732E+9
49.565000,-1.283943,-1.348026,-1.658580,-1.664167,3.542732E+9
49.570000,-1.417038,-1.405207,-1.690128,-1.744352,3.542732E+9
49.575000,-1.491965,-1.449243,-1.742709,-1.862001,3.542732E+9
49.580000,-1.547175,-1.597455,-1.776229,-1.992467,3.542732E+9
49.585000,-1.721348,-1.872846,-1.880405,-2.349687,3.542732E+9
49.590000,-2.129506,-2.464379,-1.997397,-2.523861,3.542732E+9
49.595000,-2.563296,-2.707236,-2.373349,-2.898827,3.542732E+9
49.600000,-2.669772,-2.734512,-2.730240,-3.214640,3.542732E+9
49.605000,-2.624421,-2.769347,-2.919531,-3.439094,3.542732E+9
49.610000,-2.222179,-2.460435,-2.811740,-3.589607,3.542732E+9
49.615000,-2.292506,-2.428230,-2.707565,-3.546885,3.542732E+9
49.620000,-2.294478,-2.386165,-2.516302,-3.190979,3.542732E+9
49.625000,-2.298421,-2.377292,-2.351659,-2.884367,3.542732E+9
49.630000,-2.241568,-2.450905,-2.163683,-2.506115,3.542732E+9
49.635000,-2.135092,-2.350673,-1.903080,-2.290863,3.542732E+9
49.640000,-2.079225,-2.327669,-1.899465,-2.195560,3.542732E+9
49.645000,-2.149552,-2.437103,-1.895850,-2.291848,3.542732E+9
49.650000,-2.110774,-2.460107,-1.901766,-2.197861,3.542732E+9
49.655000,-2.179457,-2.505458,-1.951389,-2.351330,3.542732E+9
49.660000,-2.126877,-2.428230,-2.004627,-2.483439,3.542732E+9
49.665000,-2.290534,-2.506115,-2.202461,-2.693105,3.542732E+9
49.670000,-2.362504,-2.641181,-2.357903,-2.935633,3.542732E+9
49.675000,-2.546536,-2.774605,-2.555738,-3.081216,3.542732E+9
49.680000,-2.547522,-2.811740,-2.627379,-3.083188,3.542732E+9
49.685000,-2.651369,-2.858734,-2.570198,-3.027650,3.542732E+9
49.690000,-2.530433,-2.815355,-2.373020,-2.860706,3.542732E+9
49.695000,-2.597802,-2.832444,-2.132135,-2.567568,3.542732E+9
49.700000,-2.422314,-2.725968,-1.949745,-2.392080,3.542732E+9
49.705000,-2.461750,-2.606018,-1.882048,-2.277389,3.542732E+9
49.710000,-2.246498,-2.526161,-1.833411,-2.064437,3.542732E+9
49.715000,-2.150538,-2.430859,-1.895193,-2.014814,3.542732E+9
49.720000,-2.085469,-2.351002,-1.855429,-2.002655,3.542732E+9
49.725000,-2.153824,-2.331613,-1.879090,-2.047348,3.542732E+9
49.730000,-2.029931,-2.234010,-1.849185,-2.002983,3.542732E+9
49.735000,-2.001012,-2.219221,-1.829139,-2.071667,3.542732E+9
49.740000,-1.933971,-2.090070,-1.805806,-2.021387,3.542732E+9
49.745000,-1.910310,-1.988852,-1.885663,-2.035518,3.542732E+9
49.750000,-1.805477,-1.910639,-1.862001,-2.044391,3.542732E+9
49.755000,-1.797262,-1.966177,-1.898151,-2.008570,3.542732E+9
49.760000,-1.701959,-1.739423,-1.844256,-2.021058,3.542732E+9
49.765000,-1.710503,-1.715104,-1.801205,-1.993782,3.542732E+9
49.770000,-1.578723,-1.648721,-1.749282,-1.875475,3.542732E+9
49.775000,-1.568207,-1.539288,-1.735808,-1.797262,3.542732E+9
49.780000,-1.470604,-1.426239,-1.648064,-1.695058,3.542732E+9
49.785000,-1.407508,-1.354270,-1.647735,-1.657266,3.542732E+9
49.790000,-1.316477,-1.291502,-1.562949,-1.655294,3.542732E+9
49.795000,-1.328965,-1.341125,-1.599098,-1.647078,3.542732E+9
49.800000,-1.342439,-1.328965,-1.599098,-1.613229,3.542732E+9
49.805000,-1.436427,-1.382860,-1.729235,-1.679284,3.542732E+9
49.810000,-1.419667,-1.392719,-1.670411,-1.733508,3.542732E+9
49.815000,-1.471919,-1.464689,-1.679941,-1.764727,3.542732E+9
49.820000,-1.444643,-1.394034,-1.702945,-1.808106,3.542732E+9
49.825000,-1.633933,-1.399292,-1.739751,-1.688157,3.542732E+9
49.830000,-1.461403,-1.421639,-1.767356,-1.885006,3.542732E+9
49.835000,-1.504124,-1.403893,-1.788389,-1.925756,3.542732E+9
49.840000,-1.470276,-1.404221,-1.784116,-1.947774,3.542732E+9
49.845000,-1.479477,-1.405536,-1.826510,-2.039790,3.542732E+9
49.850000,-1.439385,-1.377602,-1.748624,-1.854443,3.542732E+9
49.855000,-1.420324,-1.364129,-1.882048,-1.815993,3.542732E+9
49.860000,-1.364786,-1.353612,-1.650036,-1.761441,3.542732E+9
49.865000,-1.410137,-1.389433,-1.601070,-1.647735,3.542732E+9
49.870000,-1.364129,-1.320750,-1.595812,-1.606328,3.542732E+9
49.875000,-1.406850,-1.360185,-1.581024,-1.601727,3.542732E+9
49.880000,-1.387790,-1.346711,-1.580038,-1.620788,3.542732E+9
49.885000,-1.469947,-1.369387,-1.646749,-1.700645,3.542732E+9
49.890000,-1.440042,-1.390747,-1.689143,-1.686514,3.542732E+9
49.895000,-1.511354,-1.413094,-1.798247,-1.953032,3.542732E+9
49.900000,-1.575437,-1.447272,-1.847213,-1.864959,3.542732E+9
49.905000,-1.772943,-1.579709,-1.957961,-1.994439,3.542732E+9
49.910000,-2.095985,-1.819608,-2.109459,-2.127205,3.542732E+9
49.915000,-2.778220,-2.244197,-2.468651,-2.345086,3.542732E+9
49.920000,-2.836387,-2.631980,-2.778220,-2.722024,3.542732E+9
49.925000,-2.879438,-2.666157,-3.014176,-3.176190,3.542732E+9
49.930000,-2.839674,-2.467008,-3.066757,-3.497919,3.542732E+9
49.935000,-2.764089,-2.319125,-3.044410,-3.628385,3.542732E+9
49.940000,-2.609633,-2.316167,-2.876152,-3.434165,3.542732E+9
49.945000,-2.658599,-2.342457,-2.884696,-3.200180,3.542732E+9
49.950000,-2.537006,-2.234338,-2.489026,-2.737470,3.542732E+9
49.955000,-2.534377,-2.165326,-2.419685,-2.371048,3.542732E+9
49.960000,-2.385179,-2.071996,-2.257671,-2.087112,3.542732E+9
49.965000,-2.526490,-2.152181,-2.177157,-2.022044,3.542732E+9
49.970000,-2.486397,-2.229080,-2.172227,-1.920826,3.542732E+9
49.975000,-2.499542,-2.153824,-2.235653,-1.886977,3.542732E+9
49.980000,-2.507429,-2.138379,-2.203776,-2.022044,3.542732E+9
49.985000,-2.602075,-2.220207,-2.270816,-2.249784,3.542732E+9
49.990000,-2.569869,-2.213635,-2.377292,-2.536349,3.542732E+9
49.995000,-2.715780,-2.345086,-2.508744,-2.803853,3.542732E+9
50.000000,-2.826528,-2.448933,-2.677002,-2.975398,3.542732E+9
50.005000,-3.108493,-2.547522,-2.772305,-3.085489,3.542732E+9
50.010000,-2.933333,-2.583671,-2.758831,-2.841645,3.542732E+9
50.015000,-2.988543,-2.570526,-2.623764,-2.666157,3.542732E+9
50.020000,-2.848875,-2.495599,-2.379264,-2.457806,3.542732E+9
50.025000,-2.795637,-2.436445,-2.199504,-2.338842,3.542732E+9
50.030000,-2.603389,-2.361847,-2.067395,-2.097957,3.542732E+9
50.035000,-2.530433,-2.294478,-2.041433,-2.106830,3.542732E+9
50.040000,-2.452877,-2.225137,-1.978665,-1.962233,3.542732E+9
50.045000,-2.458464,-2.262600,-1.967820,-1.968477,3.542732E+9
50.050000,-2.337528,-2.191945,-1.949417,-1.936272,3.542732E+9
50.055000,-2.331941,-2.146266,-2.015800,-1.933314,3.542732E+9
50.060000,-2.261615,-2.104858,-1.933314,-1.962233,3.542732E+9
50.065000,-2.254056,-2.005612,-1.928385,-1.988195,3.542732E+9
50.070000,-2.104858,-1.930685,-1.951389,-2.031245,3.542732E+9
50.075000,-2.049649,-1.906038,-1.973407,-2.029931,3.542732E+9
50.080000,-1.941530,-1.806792,-1.953032,-2.040118,3.542732E+9
50.085000,-2.019415,-1.764727,-1.946788,-2.118332,3.542732E+9
50.090000,-1.788060,-1.687499,-1.847870,-1.972421,3.542732E+9
50.095000,-1.734822,-1.619145,-1.792003,-1.933971,3.542732E+9
50.100000,-1.592197,-1.520556,-1.710503,-1.821580,3.542732E+9
50.105000,-1.532387,-1.421967,-1.683885,-2.065423,3.542732E+9
50.110000,-1.379574,-1.329951,-1.599427,-1.667453,3.542732E+9
50.115000,-1.360185,-1.340139,-1.579052,-1.620131,3.542732E+9
50.120000,-1.334552,-1.308919,-1.581352,-1.576094,3.542732E+9
50.125000,-1.412437,-1.327651,-1.687499,-1.566235,3.542732E+9
50.130000,-1.408165,-1.353612,-1.642477,-1.590554,3.542732E+9
50.135000,-1.480463,-1.465675,-1.675997,-1.648721,3.542732E+9
50.140000,-1.427554,-1.383189,-1.679284,-1.739094,3.542732E+9
50.145000,-1.554076,-1.399292,-1.726278,-1.971764,3.542732E+9
50.150000,-1.441028,-1.386147,-1.730221,-1.884348,3.542732E+9
50.155000,-1.505768,-1.404879,-1.796276,-1.942516,3.542732E+9
50.160000,-1.481120,-1.404550,-1.804820,-1.972092,3.542732E+9
50.165000,-1.520227,-1.420324,-1.842284,-2.121947,3.542732E+9
50.170000,-1.468961,-1.407836,-1.799562,-1.932985,3.542732E+9
50.175000,-1.482764,-1.418681,-1.564921,-1.856743,3.542732E+9
50.180000,-1.403893,-1.369715,-1.704260,-1.767685,3.542732E+9
50.185000,-1.472905,-1.359856,-1.680270,-1.672711,3.542732E+9
50.190000,-1.387790,-1.354598,-1.604356,-1.633933,3.542732E+9
50.195000,-1.380231,-1.362485,-1.576423,-1.570179,3.542732E+9
50.200000,-1.366100,-1.336195,-1.573465,-1.558348,3.542732E+9
50.205000,-1.445300,-1.341125,-1.598770,-1.675669,3.542732E+9
50.210000,-1.399620,-1.376616,-1.632618,-1.712804,3.542732E+9
50.215000,-1.454830,-1.384832,-1.721348,-1.750596,3.542732E+9
50.220000,-1.432155,-1.387461,-1.726606,-1.838997,3.542732E+9
50.225000,-1.510040,-1.497223,-1.777215,-1.949088,3.542732E+9
50.230000,-1.507411,-1.553090,-1.784116,-1.986552,3.542732E+9
50.235000,-1.838997,-1.826181,-1.852471,-2.165326,3.542732E+9
50.240000,-1.923127,-2.304336,-1.877118,-2.438089,3.542732E+9
50.245000,-2.400625,-2.773619,-2.150209,-2.750615,3.542732E+9
50.250000,-2.586629,-2.741085,-2.551466,-3.050982,3.542732E+9
50.255000,-2.659256,-2.799581,-2.829815,-3.485431,3.542732E+9
50.260000,-2.357246,-2.673387,-2.816341,-3.615568,3.542732E+9
50.265000,-2.268844,-2.518603,-2.762446,-3.704299,3.542732E+9
50.270000,-2.314524,-2.462407,-2.650054,-3.464727,3.542732E+9
50.275000,-2.278703,-2.426258,-2.534048,-3.220555,3.542732E+9
50.280000,-2.251098,-2.465693,-2.303679,-2.721696,3.542732E+9
50.285000,-2.232367,-2.537006,-2.145280,-2.561982,3.542732E+9
50.290000,-2.129506,-2.426258,-2.013828,-2.317810,3.542732E+9
50.295000,-2.214621,-2.487712,-1.983594,-2.225794,3.542732E+9
50.300000,-2.093356,-2.497899,-1.930685,-2.263258,3.542732E+9
50.305000,-2.201147,-2.576770,-1.958290,-2.316824,3.542732E+9
50.310000,-2.088756,-2.459449,-1.944159,-2.448933,3.542732E+9
50.315000,-2.188002,-2.513016,-2.019086,-2.599446,3.542732E+9
50.320000,-2.255042,-2.621792,-2.212977,-2.784135,3.542732E+9
50.325000,-2.537992,-2.717423,-2.409169,-3.097319,3.542732E+9
50.330000,-2.507101,-2.853147,-2.537992,-3.061170,3.542732E+9
50.335000,-2.533720,-2.792680,-2.558695,-3.033565,3.542732E+9
50.340000,-2.456163,-2.763103,-2.430201,-2.915258,3.542732E+9
50.345000,-2.509072,-2.760474,-2.244526,-2.772962,3.542732E+9
50.350000,-2.414756,-2.742728,-2.016786,-2.482453,3.542732E+9
50.355000,-2.327012,-2.659256,-1.880733,-2.389123,3.542732E+9
50.360000,-2.214292,-2.534048,-1.819608,-2.138050,3.542732E+9
50.365000,-2.182744,-2.487383,-1.851814,-2.100915,3.542732E+9
50.370000,-2.020401,-2.324383,-1.836697,-2.003969,3.542732E+9
50.375000,-2.056550,-2.308937,-1.870874,-2.006270,3.542732E+9
50.380000,-2.005284,-2.248469,-1.822895,-2.034203,3.542732E+9
50.385000,-2.049977,-2.161711,-1.827495,-2.011528,3.542732E+9
50.390000,-1.918197,-2.086127,-1.816651,-1.989510,3.542732E+9
50.395000,-1.882376,-2.040447,-1.839983,-1.969792,3.542732E+9
50.400000,-1.763084,-1.866274,-1.841626,-2.021058,3.542732E+9
50.405000,-1.840969,-1.815008,-1.837683,-2.110774,3.542732E+9
50.410000,-1.654637,-1.759469,-1.844584,-2.027631,3.542732E+9
50.415000,-1.679612,-1.674683,-1.826181,-1.975379,3.542732E+9
50.420000,-1.607643,-1.630647,-1.757497,-1.914582,3.542732E+9
50.425000,-1.570179,-1.578723,-1.747639,-2.153167,3.542732E+9
50.430000,-1.438070,-1.454173,-1.655622,-1.737122,3.542732E+9
50.435000,-1.419010,-1.403893,-1.640177,-1.683885,3.542732E+9
50.440000,-1.321078,-1.291173,-1.590554,-1.626703,3.542732E+9
50.445000,-1.332909,-1.280985,-1.649707,-1.614544,3.542732E+9
50.450000,-1.358542,-1.327651,-1.625060,-1.643792,3.542732E+9
50.455000,-1.414737,-1.443657,-1.664824,-1.653651,3.542732E+9
50.460000,-1.403564,-1.368072,-1.676655,-1.712147,3.542732E+9
50.465000,-1.664495,-1.391733,-1.699987,-1.758483,3.542732E+9
50.470000,-1.426239,-1.402907,-1.682241,-1.811393,3.542732E+9
50.475000,-1.468633,-1.384175,-1.714118,-1.844913,3.542732E+9
50.480000,-1.466661,-1.395348,-1.735151,-1.868245,3.542732E+9
50.485000,-1.507411,-1.418681,-1.817308,-1.976036,3.542732E+9
50.490000,-1.472247,-1.396991,-1.782802,-1.895193,3.542732E+9
50.495000,-1.485721,-1.427225,-1.780173,-1.918197,3.542732E+9
50.500000,-1.423939,-1.384504,-1.733508,-1.869560,3.542732E+9
50.505000,-1.494266,-1.378260,-1.779187,-1.769657,3.542732E+9
50.510000,-1.422624,-1.356899,-1.679941,-1.716747,3.542732E+9
50.515000,-1.410794,-1.394362,-1.631633,-1.691772,3.542732E+9
50.520000,-1.354927,-1.323707,-1.576423,-1.663838,3.542732E+9
50.525000,-1.451872,-1.331594,-1.604028,-1.710175,3.542732E+9
50.530000,-1.381217,-1.348026,-1.611915,-1.654308,3.542732E+9
50.535000,-1.441028,-1.386475,-1.712475,-1.684542,3.542732E+9
50.540000,-1.487364,-1.423939,-1.714118,-1.741395,3.542732E+9
50.545000,-1.543231,-1.477177,-1.766370,-1.832754,3.542732E+9
50.550000,-1.625060,-1.519241,-1.863645,-1.862987,3.542732E+9
50.555000,-1.919183,-1.729235,-2.054250,-2.006598,3.542732E+9
50.560000,-2.411141,-2.095000,-2.207062,-2.245183,3.542732E+9
50.565000,-2.788407,-2.580385,-2.536020,-2.593859,3.542732E+9
50.570000,-2.817655,-2.694748,-2.856105,-3.007932,3.542732E+9
50.575000,-2.919859,-2.586629,-3.033236,-3.258019,3.542732E+9
50.580000,-2.656627,-2.414427,-2.996759,-3.553786,3.542732E+9
50.585000,-2.605361,-2.344429,-2.913615,-3.581391,3.542732E+9
50.590000,-2.599117,-2.465036,-2.721038,-3.345106,3.542732E+9
50.595000,-2.586958,-2.407197,-2.555738,-3.036851,3.542732E+9
50.600000,-2.587286,-2.328655,-2.381893,-2.517617,3.542732E+9
50.605000,-2.552780,-2.344758,-2.301050,-2.317482,3.542732E+9
50.610000,-2.473580,-2.277060,-2.187016,-2.135750,3.542732E+9
50.615000,-2.557381,-2.390437,-2.237296,-2.045705,3.542732E+9
50.620000,-2.516302,-2.332598,-2.200490,-2.036832,3.542732E+9
50.625000,-2.640853,-2.342786,-2.238939,-2.101244,3.542732E+9
50.630000,-2.547522,-2.327998,-2.247155,-2.320111,3.542732E+9
50.635000,-2.646768,-2.378607,-2.311238,-2.538649,3.542732E+9
50.640000,-2.664843,-2.437103,-2.422972,-2.773291,3.542732E+9
50.645000,-2.884039,-2.524518,-2.593530,-2.840002,3.542732E+9
50.650000,-2.878123,-2.613248,-2.700992,-2.949107,3.542732E+9
50.655000,-2.970140,-2.654655,-2.698034,-2.889625,3.542732E+9
50.660000,-2.867607,-2.631323,-2.543907,-2.685218,3.542732E+9
50.665000,-2.857420,-2.580714,-2.452877,-2.498885,3.542732E+9
50.670000,-2.721038,-2.521889,-2.193917,-2.246498,3.542732E+9
50.675000,-2.602403,-2.408183,-2.033875,-2.126219,3.542732E+9
50.680000,-2.460435,-2.337528,-1.946131,-2.036175,3.542732E+9
50.685000,-2.442032,-2.408840,-1.956975,-2.075939,3.542732E+9
50.690000,-2.274431,-2.182415,-1.928713,-1.940215,3.542732E+9
50.695000,-2.270159,-2.176500,-1.927070,-1.935286,3.542732E+9
50.700000,-2.173213,-2.114717,-1.890921,-1.950074,3.542732E+9
50.705000,-2.216921,-2.033875,-1.880405,-1.969792,3.542732E+9
50.710000,-2.064766,-1.946131,-1.851157,-1.965520,3.542732E+9
50.715000,-2.002655,-1.909981,-1.883034,-1.913925,3.542732E+9
50.720000,-1.863973,-1.744681,-1.897493,-1.940544,3.542732E+9
50.725000,-1.917868,-1.741395,-1.902752,-1.981622,3.542732E+9
50.730000,-1.771300,-1.675012,-1.839655,-1.964205,3.542732E+9
50.735000,-1.747310,-1.597784,-1.796933,-1.981294,3.542732E+9
50.740000,-1.607971,-1.550133,-1.745667,-1.879419,3.542732E+9
50.745000,-1.596798,-1.470604,-1.901437,-1.840969,3.542732E+9
50.750000,-1.430840,-1.371687,-1.629661,-1.758483,3.542732E+9
50.755000,-1.395677,-1.343754,-1.613229,-1.800548,3.542732E+9
50.760000,-1.300046,-1.286572,-1.589568,-1.642477,3.542732E+9
50.765000,-1.378917,-1.317463,-1.629989,-1.620459,3.542732E+9
50.770000,-1.381217,-1.335209,-1.631633,-1.612901,3.542732E+9
50.775000,-1.448258,-1.390090,-1.702945,-1.620788,3.542732E+9
50.780000,-1.424596,-1.372673,-1.651022,-1.662195,3.542732E+9
50.785000,-1.484078,-1.419995,-1.700973,-1.732193,3.542732E+9
50.790000,-1.417038,-1.404879,-1.695387,-1.786417,3.542732E+9
50.795000,-1.505110,-1.391076,-1.729235,-1.892235,3.542732E+9
50.800000,-1.465675,-1.396663,-1.742381,-1.916554,3.542732E+9
50.805000,-1.490322,-1.404221,-1.765056,-1.948760,3.542732E+9
50.810000,-1.466332,-1.407508,-1.819280,-1.958947,3.542732E+9
50.815000,-1.500510,-1.407836,-1.835711,-2.032889,3.542732E+9
50.820000,-1.417695,-1.378260,-1.741723,-1.898808,3.542732E+9
50.825000,-1.441028,-1.383518,-1.785431,-1.798247,3.542732E+9
50.830000,-1.393048,-1.332909,-1.662852,-1.700316,3.542732E+9
50.835000,-1.414737,-1.490979,-1.689471,-1.610600,3.542732E+9
50.840000,-1.346383,-1.321407,-1.582338,-1.586282,3.542732E+9
50.845000,-1.408822,-1.365772,-1.569850,-1.609614,3.542732E+9
50.850000,-1.370372,-1.364786,-1.578723,-1.616844,3.542732E+9
50.855000,-1.440699,-1.356570,-1.653979,-1.674026,3.542732E+9
50.860000,-1.422624,-1.369715,-1.682899,-1.759469,3.542732E+9
50.865000,-1.456473,-1.388118,-1.746653,-1.841298,3.542732E+9
50.870000,-1.434455,-1.404550,-1.734822,-1.865945,3.542732E+9
50.875000,-1.476520,-1.476191,-1.769985,-1.972421,3.542732E+9
50.880000,-1.504124,-1.564592,-1.784116,-2.025330,3.542732E+9
50.885000,-1.698673,-1.829796,-1.848856,-2.170913,3.542732E+9
50.890000,-2.031903,-2.437760,-1.896836,-2.452877,3.542732E+9
50.895000,-2.623435,-2.915916,-2.187673,-2.755545,3.542732E+9
50.900000,-2.765732,-2.897512,-2.626393,-3.085489,3.542732E+9
50.905000,-2.797609,-2.914273,-2.920188,-3.506792,3.542732E+9
50.910000,-2.460107,-2.714466,-2.865635,-3.693125,3.542732E+9
50.915000,-2.378935,-2.574141,-2.870893,-3.831807,3.542732E+9
50.920000,-2.424615,-2.538978,-2.731883,-3.498248,3.542732E+9
50.925000,-2.396681,-2.466022,-2.607990,-3.164360,3.542732E+9
50.930000,-2.373677,-2.533391,-2.370391,-2.722682,3.542732E+9
50.935000,-2.304994,-2.513345,-2.194246,-2.542921,3.542732E+9
50.940000,-2.209034,-2.471937,-2.046362,-2.360203,3.542732E+9
50.945000,-2.275746,-2.536677,-2.026645,-2.209363,3.542732E+9
50.950000,-2.171899,-2.510387,-1.970120,-2.200490,3.542732E+9
50.955000,-2.283304,-2.563296,-1.937586,-2.234667,3.542732E+9
50.960000,-2.122276,-2.465693,-1.887635,-2.364147,3.542732E+9
50.965000,-2.271145,-2.510058,-1.991810,-2.547522,3.542732E+9
50.970000,-2.371048,-2.634938,-2.219221,-2.723010,3.542732E+9
50.975000,-2.615877,-2.747000,-2.458135,-3.020091,3.542732E+9
50.980000,-2.576441,-2.781506,-2.603718,-3.024363,3.542732E+9
50.985000,-2.689819,-2.781835,-2.617520,-3.130182,3.542732E+9
50.990000,-2.561982,-2.783807,-2.466351,-2.953379,3.542732E+9
50.995000,-2.503157,-2.755216,-2.266873,-2.745686,3.542732E+9
51.000000,-2.468980,-2.716438,-2.041104,-2.451891,3.542732E+9
51.005000,-2.421657,-2.618835,-1.893879,-2.532077,3.542732E+9
51.010000,-2.219221,-2.476210,-1.792332,-2.074296,3.542732E+9
51.015000,-2.132792,-2.409498,-1.799891,-2.048334,3.542732E+9
51.020000,-1.998711,-2.255371,-1.798247,-1.905709,3.542732E+9
51.025000,-2.105844,-2.211006,-1.926741,-1.929370,3.542732E+9
51.030000,-1.987209,-2.153496,-1.809749,-1.914254,3.542732E+9
51.035000,-2.022701,-2.117675,-1.805149,-1.877776,3.542732E+9
51.040000,-1.903080,-2.011199,-1.780501,-1.917211,3.542732E+9
51.045000,-1.917868,-1.950731,-1.834068,-1.955661,3.542732E+9
51.050000,-1.725949,-1.785760,-1.828153,-1.960262,3.542732E+9
51.055000,-1.827495,-1.740409,-1.876133,-2.278375,3.542732E+9
51.060000,-1.661209,-1.660881,-1.828810,-2.067723,3.542732E+9
51.065000,-1.653979,-1.619802,-1.821580,-2.057536,3.542732E+9
51.070000,-1.573465,-1.562292,-1.768342,-1.899465,3.542732E+9
51.075000,-1.568207,-1.513655,-1.778858,-1.806463,3.542732E+9
51.080000,-1.440699,-1.450229,-1.644778,-1.745995,3.542732E+9
51.085000,-1.422953,-1.405864,-1.616516,-1.720691,3.542732E+9
51.090000,-1.335538,-1.297745,-1.599098,-1.618816,3.542732E+9
51.095000,-1.357227,-1.323050,-1.665481,-1.588911,3.542732E+9
51.100000,-1.346054,-1.323379,-1.606657,-1.629661,3.542732E+9
51.105000,-1.443657,-1.414737,-1.644120,-1.675669,3.542732E+9
51.110000,-1.386804,-1.363800,-1.663181,-1.690786,3.542732E+9
51.115000,-1.494923,-1.326665,-1.701302,-1.745338,3.542732E+9
51.120000,-1.454501,-1.391076,-1.693743,-1.805149,3.542732E+9
51.125000,-1.496895,-1.403893,-1.730878,-1.867588,3.542732E+9
51.130000,-1.460745,-1.412437,-1.731536,-1.883691,3.542732E+9
51.135000,-1.490322,-1.399620,-1.814022,-2.122276,3.542732E+9
51.140000,-1.464689,-1.422296,-1.791018,-1.891249,3.542732E+9
51.145000,-1.518256,-1.442014,-1.806463,-1.913925,3.542732E+9
51.150000,-1.463703,-1.393705,-1.741395,-1.866274,3.542732E+9
51.155000,-1.447929,-1.391405,-1.766699,-1.762756,3.542732E+9
51.160000,-1.394034,-1.351312,-1.683227,-1.745667,3.542732E+9
51.165000,-1.436427,-1.376288,-1.654965,-1.683885,3.542732E+9
51.170000,-1.351312,-1.320092,-1.606657,-1.647078,3.542732E+9
51.175000,-1.442014,-1.347697,-1.609943,-1.730221,3.542732E+9
51.180000,-1.392719,-1.348354,-1.627360,-1.683556,3.542732E+9
51.185000,-1.460745,-1.372344,-1.692100,-1.695058,3.542732E+9
51.190000,-1.500510,-1.398306,-1.732522,-1.713133,3.542732E+9
51.195000,-1.625389,-1.445629,-1.853457,-1.809421,3.542732E+9
51.200000,-1.789374,-1.548161,-1.960262,-1.823223,3.542732E+9
51.205000,-2.286590,-1.720691,-2.268516,-1.971435,3.542732E+9
51.210000,-2.864321,-2.216264,-2.504800,-2.243540,3.542732E+9
51.215000,-2.950750,-2.664514,-2.865307,-2.686861,3.542732E+9
51.220000,-2.927089,-2.533720,-3.072672,-3.155158,3.542732E+9
51.225000,-3.070043,-2.377292,-3.174547,-3.450596,3.542732E+9
51.230000,-2.755873,-2.165326,-3.162717,-3.489375,3.542732E+9
51.235000,-2.793337,-2.247484,-2.980327,-3.399987,3.542732E+9
51.240000,-2.712494,-2.299736,-2.694748,-3.050325,3.542732E+9
51.245000,-2.723667,-2.198846,-2.576113,-2.632308,3.542732E+9
51.250000,-2.628365,-2.118661,-2.384851,-2.207391,3.542732E+9
51.255000,-2.514659,-2.030917,-2.280675,-2.048334,3.542732E+9
51.260000,-2.568883,-2.083498,-2.196875,-1.909324,3.542732E+9
51.265000,-2.599446,-2.173542,-2.213963,-1.853129,3.542732E+9
51.270000,-2.575456,-2.074296,-2.195560,-1.801862,3.542732E+9
51.275000,-2.697377,-2.110117,-2.315510,-1.897165,3.542732E+9
51.280000,-2.605361,-2.085798,-2.296778,-2.128520,3.542732E+9
51.285000,-2.740099,-2.140022,-2.376963,-2.434474,3.542732E+9
51.290000,-2.753244,-2.234338,-2.549494,-2.706579,3.542732E+9
51.295000,-2.897841,-2.360861,-2.693434,-2.866621,3.542732E+9
51.300000,-2.931361,-2.393395,-2.762446,-2.910329,3.542732E+9
51.305000,-3.051968,-2.432173,-2.743057,-2.854791,3.542732E+9
51.310000,-2.917559,-2.411470,-2.575456,-2.523532,3.542732E+9
51.315000,-2.936948,-2.370062,-2.372691,-2.345744,3.542732E+9
51.320000,-2.751930,-2.313209,-2.162697,-2.151195,3.542732E+9
51.325000,-2.651698,-2.203447,-2.109459,-1.995425,3.542732E+9
51.330000,-2.492312,-2.123262,-2.026645,-1.841955,3.542732E+9
51.335000,-2.407855,-2.071338,-1.979322,-1.962891,3.542732E+9
51.340000,-2.320768,-2.078239,-1.921812,-1.842612,3.542732E+9
51.345000,-2.320768,-2.043733,-1.909653,-1.879090,3.542732E+9
51.350000,-2.214292,-1.965848,-1.915568,-1.865945,3.542732E+9
51.355000,-2.200161,-1.940544,-1.967491,-1.858715,3.542732E+9
51.360000,-2.074625,-1.838012,-1.906695,-1.943502,3.542732E+9
51.365000,-2.086127,-1.801862,-1.922469,-1.968806,3.542732E+9
51.370000,-1.906695,-1.724963,-1.940544,-1.975379,3.542732E+9
51.375000,-1.919512,-1.698673,-1.941858,-1.959604,3.542732E+9
51.380000,-1.835711,-1.668110,-1.886320,-1.958290,3.542732E+9
51.385000,-1.814679,-1.632290,-1.837026,-1.995425,3.542732E+9
51.390000,-1.645435,-1.557362,-1.756183,-1.864959,3.542732E+9
51.395000,-1.579381,-1.500510,-1.825195,-1.758483,3.542732E+9
51.400000,-1.448258,-1.399292,-1.654965,-1.732850,3.542732E+9
51.405000,-1.402578,-1.328637,-1.641820,-1.775572,3.542732E+9
51.410000,-1.321735,-1.293473,-1.576094,-1.664495,3.542732E+9
51.415000,-1.324364,-1.343754,-1.387133,-1.591540,3.542732E+9
51.420000,-1.358870,-1.325022,-1.621445,-1.587596,3.542732E+9
51.425000,-1.481778,-1.369058,-1.713790,-1.623745,3.542732E+9
51.430000,-1.399292,-1.382532,-1.665153,-1.654308,3.542732E+9
51.435000,-1.456145,-1.404550,-1.678298,-1.721020,3.542732E+9
51.440000,-1.429526,-1.393377,-1.706231,-1.800876,3.542732E+9
51.445000,-1.527129,-1.403893,-1.762427,-1.914911,3.542732E+9
51.450000,-1.484407,-1.415395,-1.798247,-1.906695,3.542732E+9
51.455000,-1.523185,-1.432483,-1.890921,-2.008241,3.542732E+9
51.460000,-1.470276,-1.420324,-1.800219,-1.995096,3.542732E+9
51.465000,-1.484735,-1.245493,-1.798576,-2.007913,3.542732E+9
51.470000,-1.405536,-1.363800,-1.759469,-1.875475,3.542732E+9
51.475000,-1.406850,-1.376945,-1.757497,-1.766370,3.542732E+9
51.480000,-1.366429,-1.341125,-1.636891,-1.711818,3.542732E+9
51.485000,-1.408822,-1.413423,-1.618816,-1.624731,3.542732E+9
51.490000,-1.334223,-1.332909,-1.586282,-1.569850,3.542732E+9
51.495000,-1.572808,-1.336524,-1.583653,-1.578066,3.542732E+9
51.500000,-1.386804,-1.367743,-1.584639,-1.626046,3.542732E+9
51.505000,-1.460088,-1.427883,-1.641163,-1.709518,3.542732E+9
51.510000,-1.435112,-1.475862,-1.685199,-1.805477,3.542732E+9
51.515000,-1.522528,-1.671397,-1.759141,-2.116689,3.542732E+9
51.520000,-1.580038,-2.056221,-1.747639,-2.375320,3.542732E+9
51.525000,-2.026316,-2.789722,-1.820594,-2.821270,3.542732E+9
51.530000,-2.469637,-2.877137,-2.284619,-3.252761,3.542732E+9
51.535000,-2.664186,-2.926103,-2.816012,-3.539326,3.542732E+9
51.540000,-2.431516,-2.952394,-2.937934,-3.799601,3.542732E+9
51.545000,-2.199832,-2.842303,-2.821928,-4.037530,3.542732E+9
51.550000,-2.196217,-2.631980,-2.632966,-3.908706,3.542732E+9
51.555000,-2.270816,-2.585972,-2.460435,-3.476229,3.542732E+9
51.560000,-2.142651,-2.573484,-2.292177,-2.920517,3.542732E+9
51.565000,-2.212320,-2.640853,-2.063451,-2.604704,3.542732E+9
51.570000,-1.979979,-2.491655,-1.975050,-2.363490,3.542732E+9
51.575000,-1.980965,-2.493627,-1.846885,-2.376306,3.542732E+9
51.580000,-1.913925,-2.533720,-1.772614,-2.271473,3.542732E+9
51.585000,-1.985895,-2.605032,-1.810407,-2.436445,3.542732E+9
51.590000,-1.954346,-2.558038,-1.819608,-2.447947,3.542732E+9
51.595000,-1.917211,-2.520903,-1.917211,-2.605689,3.542732E+9
51.600000,-2.017772,-2.584657,-2.019415,-2.819299,3.542732E+9
51.605000,-2.265887,-2.742728,-2.251427,-3.052297,3.542732E+9
51.610000,-2.370719,-2.890283,-2.478510,-3.138069,3.542732E+9
51.615000,-2.456492,-2.985914,-2.590244,-3.138069,3.542732E+9
51.620000,-2.382222,-2.858734,-2.489683,-3.132811,3.542732E+9
51.625000,-2.414756,-2.913944,-2.293492,-3.015490,3.542732E+9
51.630000,-2.302693,-2.836387,-2.072324,-2.701321,3.542732E+9
51.635000,-2.364476,-2.803196,-1.913268,-2.534377,3.542732E+9
51.640000,-2.188330,-2.704936,-1.796276,-2.309594,3.542732E+9
51.645000,-2.162697,-2.584329,-1.627689,-2.210348,3.542732E+9
51.650000,-1.942187,-2.425272,-1.768999,-2.094342,3.542732E+9
51.655000,-1.953360,-2.365461,-1.803834,-2.073967,3.542732E+9
51.660000,-1.939229,-2.308609,-1.786417,-2.048334,3.542732E+9
51.665000,-1.998711,-2.299736,-1.772614,-2.131149,3.542732E+9
51.670000,-1.890921,-2.202790,-1.746653,-2.004627,3.542732E+9
51.675000,-1.848856,-2.106502,-1.881391,-1.955661,3.542732E+9
51.680000,-1.790360,-1.958618,-1.825195,-1.984252,3.542732E+9
51.685000,-1.840641,-1.902423,-1.874489,-2.035518,3.542732E+9
51.690000,-1.701959,-1.841626,-1.837683,-2.069366,3.542732E+9
51.695000,-1.735808,-1.823223,-1.821251,-2.071338,3.542732E+9
51.700000,-1.627360,-1.710832,-1.795618,-2.026645,3.542732E+9
51.705000,-1.660881,-1.643135,-1.776887,-2.018429,3.542732E+9
51.710000,-1.481120,-1.521213,-1.701959,-1.835711,3.542732E+9
51.715000,-1.432812,-1.435112,-1.657266,-1.777544,3.542732E+9
51.720000,-1.327322,-1.334552,-1.603370,-1.699659,3.542732E+9
51.725000,-1.349012,-1.310233,-1.660552,-1.714776,3.542732E+9
51.730000,-1.319764,-1.300046,-1.608957,-1.586282,3.542732E+9
51.735000,-1.356899,-1.369387,-1.845241,-1.588911,3.542732E+9
51.740000,-1.411780,-1.373659,-1.603042,-1.644449,3.542732E+9
51.745000,-1.490979,-1.392391,-1.690786,-1.649378,3.542732E+9
51.750000,-1.428868,-1.391076,-1.691443,-1.693415,3.542732E+9
51.755000,-1.477506,-1.414737,-1.694072,-1.794633,3.542732E+9
51.760000,-1.449572,-1.401921,-1.712147,-1.889606,3.542732E+9
51.765000,-1.549804,-1.406522,-1.783788,-1.981951,3.542732E+9
51.770000,-1.492951,-1.397977,-1.809092,-1.976693,3.542732E+9
51.775000,-1.524499,-1.411451,-1.894207,-2.016457,3.542732E+9
51.780000,-1.441356,-1.406522,-1.789374,-1.955332,3.542732E+9
51.785000,-1.508725,-1.418681,-1.755854,-1.925756,3.542732E+9
51.790000,-1.412108,-1.361500,-1.699001,-1.813364,3.542732E+9
51.795000,-1.416381,-1.361171,-1.746981,-1.657923,3.542732E+9
51.800000,-1.377274,-1.315820,-1.610272,-1.634590,3.542732E+9
51.805000,-1.391733,-1.380231,-1.573794,-1.600413,3.542732E+9
51.810000,-1.359856,-1.338824,-1.546846,-1.596141,3.542732E+9
51.815000,-1.505768,-1.356899,-1.600413,-1.600741,3.542732E+9
51.820000,-1.417366,-1.367743,-1.651350,-1.660552,3.542732E+9
51.825000,-1.494923,-1.393377,-1.693086,-1.743366,3.542732E+9
51.830000,-1.530743,-1.418024,-1.765056,-1.820266,3.542732E+9
51.835000,-1.702288,-1.521870,-1.910967,-1.982280,3.542732E+9
51.840000,-1.982937,-1.716747,-2.052606,-2.031903,3.542732E+9
51.845000,-2.666815,-2.168613,-2.419357,-2.251756,3.542732E+9
51.850000,-2.849204,-2.575456,-2.663200,-2.603389,3.542732E+9
51.855000,-2.885682,-2.666486,-2.956994,-3.001688,3.542732E+9
51.860000,-2.863006,-2.494284,-3.023378,-3.328017,3.542732E+9
51.865000,-2.764418,-2.306308,-2.999059,-3.480173,3.542732E+9
51.870000,-2.606347,-2.297435,-2.854462,-3.376326,3.542732E+9
51.875000,-2.663200,-2.357246,-2.655641,-3.197223,3.542732E+9
51.880000,-2.560996,-2.280018,-2.427901,-2.756530,3.542732E+9
51.885000,-2.638552,-2.211334,-2.392080,-2.356260,3.542732E+9
51.890000,-2.420343,-2.107487,-2.230723,-2.087770,3.542732E+9
51.895000,-2.470951,-2.133121,-2.195560,-2.013828,3.542732E+9
51.900000,-2.545550,-2.261286,-2.183729,-1.923127,3.542732E+9
51.905000,-2.588601,-2.224479,-2.192931,-1.910639,3.542732E+9
51.910000,-2.536349,-2.171570,-2.175185,-1.981294,3.542732E+9
51.915000,-2.602403,-2.198846,-2.307294,-2.177485,3.542732E+9
51.920000,-2.634938,-2.240911,-2.322411,-2.455834,3.542732E+9
51.925000,-2.815026,-2.501514,-2.460764,-2.751272,3.542732E+9
51.930000,-2.854462,-2.457149,-2.641510,-2.899156,3.542732E+9
51.935000,-2.992486,-2.540292,-2.730240,-2.933333,3.542732E+9
51.940000,-2.940892,-2.562968,-2.694419,-2.863006,3.542732E+9
51.945000,-3.075630,-2.552452,-2.588929,-2.733198,3.542732E+9
51.950000,-2.829815,-2.488369,-2.379264,-2.414099,3.542732E+9
51.955000,-2.807139,-2.409826,-2.171899,-2.251427,3.542732E+9
51.960000,-2.589915,-2.321425,-2.008899,-2.039133,3.542732E+9
51.965000,-2.534706,-2.263258,-1.982608,-1.922798,3.542732E+9
51.970000,-2.381564,-2.148566,-1.921155,-1.862987,3.542732E+9
51.975000,-2.319782,-2.138379,-1.905381,-1.951060,3.542732E+9
51.980000,-2.242225,-2.107816,-1.879419,-1.859372,3.542732E+9
51.985000,-2.244197,-2.036832,-1.881062,-1.909653,3.542732E+9
51.990000,-2.156125,-1.973078,-1.872189,-1.909324,3.542732E+9
51.995000,-2.089741,-1.907681,-1.911296,-1.928385,3.542732E+9
52.000000,-1.968477,-1.802520,-1.885663,-1.991810,3.542732E+9
52.005000,-1.986223,-1.806792,-1.931999,-1.980308,3.542732E+9
52.010000,-1.840969,-1.689800,-1.903080,-1.970449,3.542732E+9
52.015000,-1.813036,-1.673040,-1.883362,-1.971764,3.542732E+9
52.020000,-1.707217,-1.623417,-1.796276,-1.949745,3.542732E+9
52.025000,-1.699001,-1.553090,-1.760126,-1.913596,3.542732E+9
52.030000,-1.547832,-1.464360,-1.699001,-1.783788,3.542732E+9
52.035000,-1.468633,-1.402578,-1.710832,-1.732850,3.542732E+9
52.040000,-1.352298,-1.313520,-1.594497,-1.665810,3.542732E+9
52.045000,-1.393048,-1.271127,-1.573465,-1.702945,3.542732E+9
52.050000,-1.357556,-1.317135,-1.591540,-1.628346,3.542732E+9
52.055000,-1.397320,-1.364786,-1.745338,-1.582338,3.542732E+9
52.060000,-1.418352,-1.359528,-1.668768,-1.629332,3.542732E+9
52.065000,-1.466332,-1.459102,-1.682241,-1.696372,3.542732E+9
52.070000,-1.403564,-1.379903,-1.668439,-1.771300,3.542732E+9
52.075000,-1.450558,-1.401264,-1.707217,-1.811393,3.542732E+9
52.080000,-1.447272,-1.396334,-1.714118,-1.861016,3.542732E+9
52.085000,-1.515626,-1.403893,-1.777215,-1.942187,3.542732E+9
52.090000,-1.474876,-1.419010,-1.798905,-1.939229,3.542732E+9
52.095000,-1.480463,-1.419995,-1.853457,-2.045048,3.542732E+9
52.100000,-1.475205,-1.414409,-1.773929,-1.910310,3.542732E+9
52.105000,-1.490322,-1.406850,-1.776887,-1.900122,3.542732E+9
52.110000,-1.406193,-1.364129,-1.704260,-1.789703,3.542732E+9
52.115000,-1.437084,-1.364786,-1.705245,-1.671725,3.542732E+9
52.120000,-1.365443,-1.317792,-1.612243,-1.654308,3.542732E+9
52.125000,-1.388776,-1.366758,-1.599756,-1.632290,3.542732E+9
52.130000,-1.353612,-1.336195,-1.580038,-1.605999,3.542732E+9
52.135000,-1.451544,-1.357556,-1.607643,-1.709518,3.542732E+9
52.140000,-1.407508,-1.398963,-1.633933,-1.682899,3.542732E+9
52.145000,-1.468961,-1.429197,-1.761441,-1.762756,3.542732E+9
52.150000,-1.514641,-1.502810,-1.761112,-1.860687,3.542732E+9
52.155000,-1.637876,-1.859044,-1.846556,-2.099600,3.542732E+9
52.160000,-1.925427,-2.175185,-1.924112,-2.324711,3.542732E+9
52.165000,-2.542593,-2.682917,-2.215606,-2.695405,3.542732E+9
52.170000,-2.745028,-2.716438,-2.637238,-3.035537,3.542732E+9
52.175000,-2.728268,-2.856105,-2.946150,-3.328346,3.542732E+9
52.180000,-2.454849,-2.574470,-2.924460,-3.547542,3.542732E+9
52.185000,-2.082840,-2.337528,-2.826528,-3.613925,3.542732E+9
52.190000,-2.330955,-2.375320,-2.598460,-3.326374,3.542732E+9
52.195000,-2.335556,-2.380578,-2.392738,-2.950422,3.542732E+9
52.200000,-2.248798,-2.400625,-2.190631,-2.557052,3.542732E+9
52.205000,-2.233352,-2.403582,-2.084155,-2.305322,3.542732E+9
52.210000,-2.081197,-2.302693,-1.934300,-2.140350,3.542732E+9
52.215000,-2.185373,-2.443675,-1.905052,-2.160397,3.542732E+9
52.220000,-2.129506,-2.459778,-1.929699,-2.132135,3.542732E+9
52.225000,-2.234996,-2.480810,-1.992139,-2.226451,3.542732E+9
52.230000,-2.190302,-2.440718,-1.980637,-2.407197,3.542732E+9
52.235000,-2.254056,-2.484425,-2.114060,-2.569212,3.542732E+9
52.240000,-2.367433,-2.604704,-2.276403,-2.799252,3.542732E+9
52.245000,-2.593202,-2.836059,-2.451234,-3.049668,3.542732E+9
52.250000,-2.626722,-2.862678,-2.591887,-3.087132,3.542732E+9
52.255000,-2.804839,-2.890283,-2.575784,-2.882724,3.542732E+9
52.260000,-2.602075,-2.835401,-2.455506,-2.914601,3.542732E+9
52.265000,-2.692119,-2.836059,-2.301050,-2.768361,3.542732E+9
52.270000,-2.522546,-2.782164,-2.059179,-2.449262,3.542732E+9
52.275000,-2.455834,-2.702964,-1.949088,-2.264244,3.542732E+9
52.280000,-2.327669,-2.606018,-1.845570,-2.115375,3.542732E+9
52.285000,-2.289548,-2.499214,-1.851485,-2.346730,3.542732E+9
52.290000,-2.131477,-2.379921,-1.857729,-1.972421,3.542732E+9
52.295000,-2.174199,-2.402597,-1.879090,-2.006927,3.542732E+9
52.300000,-2.097957,-2.289548,-1.831768,-2.007913,3.542732E+9
52.305000,-2.129177,-2.246826,-1.847213,-2.018100,3.542732E+9
52.310000,-1.989510,-2.157768,-1.830782,-1.977350,3.542732E+9
52.315000,-1.976693,-2.030917,-1.883034,-1.936929,3.542732E+9
52.320000,-1.879090,-1.935943,-1.868574,-2.013828,3.542732E+9
52.325000,-1.857401,-1.951060,-1.888292,-2.050635,3.542732E+9
52.330000,-1.750268,-1.809092,-1.855100,-2.025659,3.542732E+9
52.335000,-1.804820,-1.752239,-1.860030,-2.026645,3.542732E+9
52.340000,-1.639191,-1.674026,-1.791675,-1.917211,3.542732E+9
52.345000,-1.617501,-1.600413,-1.618487,-1.853129,3.542732E+9
52.350000,-1.498538,-1.477506,-1.669096,-1.774258,3.542732E+9
52.355000,-1.396334,-1.386475,-1.649378,-1.798905,3.542732E+9
52.360000,-1.314177,-1.311877,-1.603042,-1.645764,3.542732E+9
52.365000,-1.367743,-1.316806,-1.515955,-1.632947,3.542732E+9
52.370000,-1.320092,-1.315163,-1.603699,-1.609614,3.542732E+9
52.375000,-1.413752,-1.356899,-1.641163,-1.592526,3.542732E+9
52.380000,-1.393705,-1.367743,-1.632618,-1.651679,3.542732E+9
52.385000,-1.489008,-1.408493,-1.696044,-1.692758,3.542732E+9
52.390000,-1.438399,-1.392062,-1.684213,-1.755197,3.542732E+9
52.395000,-1.512997,-1.394362,-1.711161,-1.873504,3.542732E+9
52.400000,-1.456145,-1.414409,-1.751911,-1.906038,3.542732E+9
52.405000,-1.508725,-1.409479,-1.868245,-1.930356,3.542732E+9
52.410000,-1.508397,-1.409808,-1.817308,-1.979651,3.542732E+9
52.415000,-1.490322,-1.562949,-1.827167,-2.042419,3.542732E+9
52.420000,-1.434455,-1.405536,-1.772614,-1.919840,3.542732E+9
52.425000,-1.475862,-1.373659,-1.833082,-1.834725,3.542732E+9
52.430000,-1.382860,-1.365443,-1.698016,-1.740409,3.542732E+9
52.435000,-1.403564,-1.396334,-1.622760,-1.656608,3.542732E+9
52.440000,-1.345725,-1.318449,-1.575108,-1.612243,3.542732E+9
52.445000,-1.431826,-1.331594,-1.566564,-1.405864,3.542732E+9
52.450000,-1.365443,-1.337181,-1.569522,-1.567878,3.542732E+9
52.455000,-1.437084,-1.357556,-1.643792,-1.618816,3.542732E+9
52.460000,-1.430512,-1.379245,-1.658580,-1.688814,3.542732E+9
52.465000,-1.482435,-1.391405,-1.724306,-1.864959,3.542732E+9
52.470000,-1.492294,-1.414080,-1.763084,-1.847542,3.542732E+9
52.475000,-1.593840,-1.488022,-1.997397,-1.917211,3.542732E+9
52.480000,-1.784774,-1.661209,-1.968477,-2.050963,3.542732E+9
52.485000,-2.332927,-2.278046,-2.186687,-2.247484,3.542732E+9
52.490000,-2.742399,-2.534377,-2.461093,-2.519917,3.542732E+9
52.495000,-2.837373,-2.804182,-2.805168,-2.881410,3.542732E+9
52.500000,-2.803524,-2.628694,-2.991501,-3.273793,3.542732E+9
52.505000,-2.852819,-2.520903,-3.011547,-3.610639,3.542732E+9
52.510000,-2.562968,-2.360861,-2.909343,-3.568574,3.542732E+9
52.515000,-2.600103,-2.450905,-2.820942,-3.388485,3.542732E+9
52.520000,-2.585314,-2.399968,-2.552123,-3.062813,3.542732E+9
52.525000,-2.593859,-2.156453,-2.421657,-2.712823,3.542732E+9
52.530000,-2.459778,-2.234338,-2.301379,-2.315838,3.542732E+9
52.535000,-2.417385,-2.197532,-2.290863,-2.142979,3.542732E+9
52.540000,-2.491655,-2.295792,-2.173542,-2.068381,3.542732E+9
52.545000,-2.551794,-2.329969,-2.182415,-1.977679,3.542732E+9
52.550000,-2.428887,-2.222836,-2.148237,-1.994110,3.542732E+9
52.555000,-2.466022,-2.263915,-2.138050,-2.104201,3.542732E+9
52.560000,-2.454520,-2.224479,-2.187016,-2.378935,3.542732E+9
52.565000,-2.573484,-2.307623,-2.322411,-2.459778,3.542732E+9
52.570000,-2.670101,-2.433159,-2.506443,-2.786764,3.542732E+9
52.575000,-2.842960,-2.511044,-2.641181,-2.983285,3.542732E+9
52.580000,-2.854462,-2.604046,-2.686861,-2.938263,3.542732E+9
52.585000,-2.934648,-2.634280,-2.737799,-2.809440,3.542732E+9
52.590000,-2.776248,-2.559024,-2.484097,-2.578742,3.542732E+9
52.595000,-2.757845,-2.503157,-2.263586,-2.237953,3.542732E+9
52.600000,-2.592216,-2.434474,-2.031574,-2.246826,3.542732E+9
52.605000,-2.463393,-2.374992,-1.944487,-2.155467,3.542732E+9
52.610000,-2.360532,-2.257014,-1.892235,-1.959276,3.542732E+9
52.615000,-2.330298,-2.238282,-1.949088,-1.873175,3.542732E+9
52.620000,-2.229409,-2.173871,-1.885006,-1.873832,3.542732E+9
52.625000,-2.292506,-2.149881,-1.902752,-1.895193,3.542732E+9
52.630000,-2.194246,-2.087770,-1.868245,-1.911953,3.542732E+9
52.635000,-2.174199,-2.060822,-1.857072,-1.912610,3.542732E+9
52.640000,-2.036175,-1.913925,-1.898151,-1.957633,3.542732E+9
52.645000,-2.184387,-1.845241,-1.921155,-2.264901,3.542732E+9
52.650000,-1.901437,-1.788717,-1.905052,-2.025002,3.542732E+9
52.655000,-1.887635,-1.765056,-1.904723,-2.071996,3.542732E+9
52.660000,-1.801534,-1.695715,-1.840641,-2.024673,3.542732E+9
52.665000,-1.736465,-1.634590,-1.861673,-1.965191,3.542732E+9
52.670000,-1.633933,-1.569850,-1.743366,-1.862001,3.542732E+9
52.675000,-1.544874,-1.546518,-1.698016,-1.814022,3.542732E+9
52.680000,-1.409808,-1.376288,-1.616516,-1.686185,3.542732E+9
52.685000,-1.412437,-1.327322,-1.675340,-1.639191,3.542732E+9
52.690000,-1.325679,-1.295116,-1.600741,-1.583981,3.542732E+9
52.695000,-1.393048,-1.356570,-1.593840,-1.556048,3.542732E+9
52.700000,-1.387461,-1.345725,-1.621445,-1.603370,3.542732E+9
52.705000,-1.262911,-1.330608,-1.650036,-1.657923,3.542732E+9
52.710000,-1.412108,-1.375302,-1.666139,-1.709846,3.542732E+9
52.715000,-1.488679,-1.387461,-1.691772,-1.805149,3.542732E+9
52.720000,-1.442999,-1.390090,-1.702945,-1.873832,3.542732E+9
52.725000,-1.479806,-1.401264,-1.769657,-2.127534,3.542732E+9
52.730000,-1.477834,-1.395677,-1.788717,-1.935943,3.542732E+9
52.735000,-1.488679,-1.435441,-1.830124,-1.962562,3.542732E+9
52.740000,-1.468961,-1.404879,-1.781487,-1.936929,3.542732E+9
52.745000,-1.525814,-1.427554,-1.827495,-1.886320,3.542732E+9
52.750000,-1.424596,-1.388118,-1.727921,-1.802848,3.542732E+9
52.755000,-1.459102,-1.399292,-1.701631,-1.702945,3.542732E+9
52.760000,-1.404221,-1.365114,-1.636562,-1.667453,3.542732E+9
52.765000,-1.427883,-1.334881,-1.622102,-1.679941,3.542732E+9
52.770000,-1.352955,-1.329294,-1.571822,-1.610600,3.542732E+9
52.775000,-1.401921,-1.339153,-1.642806,-1.669425,3.542732E+9
52.780000,-1.378588,-1.364457,-1.611586,-1.668768,3.542732E+9
52.785000,-1.441356,-1.447929,-1.688814,-1.726935,3.542732E+9
52.790000,-1.423939,-1.380889,-1.693743,-1.762756,3.542732E+9
52.795000,-1.308262,-1.437084,-1.753225,-1.803177,3.542732E+9
52.800000,-1.451872,-1.490651,-1.737122,-1.927399,3.542732E+9
52.805000,-1.597784,-1.746324,-1.789703,-2.107487,3.542732E+9
52.810000,-1.742381,-2.146923,-1.814679,-2.397338,3.542732E+9
52.815000,-2.315838,-2.823242,-2.019743,-2.898498,3.542732E+9
52.820000,-2.658270,-2.895869,-2.467008,-3.176848,3.542732E+9
52.825000,-2.725639,-2.870236,-2.923474,-3.514350,3.542732E+9
52.830000,-2.458792,-2.840660,-2.944178,-3.756222,3.542732E+9
52.835000,-2.167955,-2.649069,-2.799909,-4.051661,3.542732E+9
52.840000,-2.239925,-2.508744,-2.613905,-3.792043,3.542732E+9
52.845000,-2.257671,-2.476210,-2.646440,-3.304685,3.542732E+9
52.850000,-2.180115,-2.421657,-2.316824,-2.809111,3.542732E+9
52.855000,-2.216264,-2.498556,-2.202790,-2.453863,3.542732E+9
52.860000,-1.983923,-2.343115,-2.025987,-2.279361,3.542732E+9
52.865000,-2.081526,-2.474566,-1.860358,-2.196217,3.542732E+9
52.870000,-2.019086,-2.469308,-1.809421,-2.184387,3.542732E+9
52.875000,-2.061479,-2.537992,-1.868903,-2.195231,3.542732E+9
52.880000,-2.013500,-2.455177,-1.862659,-2.323068,3.542732E+9
52.885000,-2.107487,-2.380250,-1.925756,-2.640524,3.542732E+9
52.890000,-2.110774,-2.528790,-2.088756,-2.834744,3.542732E+9
52.895000,-2.336213,-2.664186,-2.363490,-3.067085,3.542732E+9
52.900000,-2.464707,-2.818641,-2.568554,-3.187692,3.542732E+9
52.905000,-2.590901,-2.839345,-2.684232,-3.192951,3.542732E+9
52.910000,-2.479824,-2.814041,-2.580385,-3.082860,3.542732E+9
52.915000,-2.439403,-2.787422,-2.349687,-2.992486,3.542732E+9
52.920000,-2.392409,-2.790379,-2.089413,-2.663857,3.542732E+9
52.925000,-2.376306,-2.745357,-2.100586,-2.479496,3.542732E+9
52.930000,-2.217907,-2.610290,-1.789374,-2.211006,3.542732E+9
52.935000,-2.203119,-2.519589,-1.807120,-2.068381,3.542732E+9
52.940000,-2.014485,-2.375649,-1.799562,-2.028616,3.542732E+9
52.945000,-2.084483,-2.806153,-1.844584,-2.051292,3.542732E+9
52.950000,-2.016786,-2.316496,-1.833411,-2.027631,3.542732E+9
52.955000,-2.016129,-2.269173,-1.816651,-2.039461,3.542732E+9
52.960000,-1.981294,-2.172227,-1.795947,-2.063780,3.542732E+9
52.965000,-2.025987,-2.096643,-1.834397,-2.137721,3.542732E+9
52.970000,-1.810407,-1.957633,-1.893221,-2.014157,3.542732E+9
52.975000,-1.848528,-1.878433,-1.905709,-2.051621,3.542732E+9
52.980000,-1.756512,-1.862659,-1.844913,-2.094671,3.542732E+9
52.985000,-1.749939,-1.784774,-1.859701,-2.118004,3.542732E+9
52.990000,-1.620131,-1.693086,-1.781816,-1.978336,3.542732E+9
52.995000,-1.609943,-1.683556,-1.787731,-1.907352,3.542732E+9
53.000000,-1.501167,-1.535344,-1.707217,-1.792003,3.542732E+9
53.005000,-1.487693,-1.465018,-1.697687,-1.732193,3.542732E+9
53.010000,-1.342768,-1.342439,-1.618159,-1.662195,3.542732E+9
53.015000,-1.336195,-1.333895,-1.599427,-1.597784,3.542732E+9
53.020000,-1.333895,-1.311548,-1.615858,-1.575108,3.542732E+9
53.025000,-1.408822,-1.358870,-1.635247,-1.611915,3.542732E+9
53.030000,-1.391405,-1.367415,-1.611915,-1.635905,3.542732E+9
53.035000,-1.452858,-1.379903,-1.652665,-1.747310,3.542732E+9
53.040000,-1.427554,-1.397649,-1.670411,-1.753554,3.542732E+9
53.045000,-1.489008,-1.385818,-1.773929,-1.817637,3.542732E+9
53.050000,-1.468633,-1.385161,-1.729235,-1.888949,3.542732E+9
53.055000,-1.475862,-1.436427,-1.778530,-1.995096,3.542732E+9
53.060000,-1.471590,-1.427225,-1.810078,-1.950731,3.542732E+9
53.065000,-1.546189,-1.416052,-1.883034,-1.940544,3.542732E+9
53.070000,-1.469290,-1.411451,-1.783131,-1.935286,3.542732E+9
53.075000,-1.500510,-1.455487,-1.730878,-1.856415,3.542732E+9
53.080000,-1.442014,-1.359199,-1.687171,-1.756183,3.542732E+9
53.085000,-1.511354,-1.349997,-1.666139,-1.768342,3.542732E+9
53.090000,-1.366100,-1.340467,-1.606985,-1.641163,3.542732E+9
53.095000,-1.395020,-1.328965,-1.579052,-1.628018,3.542732E+9
53.100000,-1.358213,-1.329622,-1.546518,-1.609614,3.542732E+9
53.105000,-1.405536,-1.332580,-1.619802,-1.727921,3.542732E+9
53.110000,-1.439385,-1.368072,-1.657923,-1.660552,3.542732E+9
53.115000,-1.485064,-1.409808,-2.012842,-1.707546,3.542732E+9
53.120000,-1.543560,-1.393048,-1.764399,-1.791018,3.542732E+9
53.125000,-1.786745,-1.501167,-1.942844,-1.883362,3.542732E+9
53.130000,-2.046034,-1.668768,-2.105187,-1.991810,3.542732E+9
53.135000,-2.709865,-2.077911,-2.433816,-2.168284,3.542732E+9
53.140000,-2.863992,-2.461093,-2.751930,-2.578085,3.542732E+9
53.145000,-2.959623,-2.570855,-3.020749,-3.055912,3.542732E+9
53.150000,-2.959295,-2.415413,-3.082202,-3.319802,3.542732E+9
53.155000,-2.833101,-2.235324,-3.147600,-3.408860,3.542732E+9
53.160000,-2.706250,-2.246498,-2.952065,-3.368439,3.542732E+9
53.165000,-2.726625,-2.310580,-2.784135,-3.213983,3.542732E+9
53.170000,-2.588601,-2.227766,-2.518603,-2.775920,3.542732E+9
53.175000,-2.639867,-2.169598,-2.491655,-2.337857,3.542732E+9
53.180000,-2.519917,-2.096971,-2.259314,-2.127205,3.542732E+9
53.185000,-2.626393,-2.121619,-2.259314,-1.991153,3.542732E+9
53.190000,-2.564939,-2.184058,-2.224151,-1.885663,3.542732E+9
53.195000,-2.592544,-2.157439,-2.235324,-1.819280,3.542732E+9
53.200000,-2.553109,-2.080540,-2.207062,-1.902094,3.542732E+9
53.205000,-2.643153,-2.089741,-2.249784,-2.129177,3.542732E+9
53.210000,-2.616863,-2.137393,-2.317153,-2.349687,3.542732E+9
53.215000,-2.771647,-2.233024,-2.493955,-2.672401,3.542732E+9
53.220000,-2.809768,-2.312881,-2.641839,-2.841974,3.542732E+9
53.225000,-2.956666,-2.371705,-3.034880,-2.933662,3.542732E+9
53.230000,-2.918216,-2.423300,-2.728926,-2.774934,3.542732E+9
53.235000,-2.944506,-2.426915,-2.622778,-2.638881,3.542732E+9
53.240000,-2.851504,-2.424286,-2.412455,-2.424943,3.542732E+9
53.245000,-2.820613,-2.305651,-2.226451,-2.273774,3.542732E+9
53.250000,-2.624421,-2.228752,-2.095000,-2.022373,3.542732E+9
53.255000,-2.495599,-2.191288,-2.202461,-1.913925,3.542732E+9
53.260000,-2.387151,-2.118989,-1.956975,-1.858387,3.542732E+9
53.265000,-2.417385,-2.081526,-1.963877,-1.878104,3.542732E+9
53.270000,-2.285605,-2.050306,-1.918854,-1.844913,3.542732E+9
53.275000,-2.276403,-2.073639,-1.922141,-1.819280,3.542732E+9
53.280000,-2.189645,-1.948760,-1.916225,-1.876133,3.542732E+9
53.285000,-2.215606,-1.928385,-1.909653,-1.944159,3.542732E+9
53.290000,-2.012185,-1.824866,-1.899465,-1.960919,3.542732E+9
53.295000,-2.032231,-1.739751,-1.929042,-2.047348,3.542732E+9
53.300000,-1.899465,-1.729564,-1.949745,-1.991810,3.542732E+9
53.305000,-1.936600,-1.684542,-1.932657,-2.036175,3.542732E+9
53.310000,-1.777215,-1.650364,-1.840312,-1.989510,3.542732E+9
53.315000,-1.709518,-1.636562,-1.807120,-1.947774,3.542732E+9
53.320000,-1.593840,-1.505439,-1.729235,-1.809092,3.542732E+9
53.325000,-1.548161,-1.451872,-1.692429,-1.793647,3.542732E+9
53.330000,-1.378917,-1.362157,-1.608957,-1.694729,3.542732E+9
53.335000,-1.357227,-1.315491,-1.638534,-1.607314,3.542732E+9
53.340000,-1.346383,-1.290516,-1.578395,-1.585624,3.542732E+9
53.345000,-1.427554,-1.396006,-1.613229,-1.561306,3.542732E+9
53.350000,-1.391733,-1.373659,-1.631961,-1.580038,3.542732E+9
53.355000,-1.529429,-1.377602,-1.668110,-1.728907,3.542732E+9
53.360000,-1.418024,-1.374973,-1.675340,-1.753554,3.542732E+9
53.365000,-1.497881,-1.382532,-1.722334,-1.859044,3.542732E+9
53.370000,-1.459102,-1.396991,-1.755197,-1.881719,3.542732E+9
53.375000,-1.494266,-1.426568,-1.817637,-2.053592,3.542732E+9
53.380000,-1.467647,-1.419338,-1.785431,-1.969792,3.542732E+9
53.385000,-1.513326,-1.454501,-1.815665,-1.993782,3.542732E+9
53.390000,-1.427554,-1.401264,-1.782145,-1.921812,3.542732E+9
53.395000,-1.486379,-1.390747,-1.811393,-1.813693,3.542732E+9
53.400000,-1.400606,-1.374316,-1.706889,-1.772943,3.542732E+9
53.405000,-1.441356,-1.402578,-1.683556,-1.691772,3.542732E+9
53.410000,-1.366429,-1.330280,-1.625717,-1.633276,3.542732E+9
53.415000,-1.430512,-1.335209,-1.622760,-1.623745,3.542732E+9
53.420000,-1.365443,-1.353612,-1.594497,-1.607971,3.542732E+9
53.425000,-1.431826,-1.364786,-1.675340,-1.644778,3.542732E+9
53.430000,-1.419667,-1.371030,-1.632618,-1.686514,3.542732E+9
53.435000,-1.417038,-1.605999,-1.710175,-1.818294,3.542732E+9
53.440000,-1.431497,-1.434784,-1.712147,-1.838340,3.542732E+9
53.445000,-1.514969,-1.543231,-1.837354,-1.953689,3.542732E+9
53.450000,-1.548818,-1.758812,-1.791018,-2.141008,3.542732E+9
53.455000,-1.886320,-2.397338,-1.851814,-2.444004,3.542732E+9
53.460000,-2.415413,-2.825543,-2.102558,-2.795966,3.542732E+9
53.465000,-2.873523,-2.918545,-2.574470,-3.134126,3.542732E+9
53.470000,-2.657942,-2.930704,-2.872537,-3.457826,3.542732E+9
53.475000,-2.461421,-2.796952,-2.875823,-3.699698,3.542732E+9
53.480000,-2.194903,-2.566911,-2.739442,-3.811432,3.542732E+9
53.485000,-2.319125,-2.493627,-2.639210,-3.699369,3.542732E+9
53.490000,-2.174199,-2.403254,-2.380578,-3.055583,3.542732E+9
53.495000,-2.228752,-2.517945,-2.227766,-2.726625,3.542732E+9
53.500000,-2.100586,-2.490341,-2.040118,-2.378278,3.542732E+9
53.505000,-2.042419,-2.397338,-1.929699,-2.226123,3.542732E+9
53.510000,-2.054578,-2.481468,-1.825195,-2.120633,3.542732E+9
53.515000,-2.066409,-2.524518,-1.843927,-2.138050,3.542732E+9
53.520000,-2.060493,-2.536349,-1.857729,-2.215935,3.542732E+9
53.525000,-2.123590,-2.586958,-1.877447,-2.400296,3.542732E+9
53.530000,-2.101244,-2.494613,-1.959604,-2.569869,3.542732E+9
53.535000,-2.341800,-2.653669,-2.179129,-2.884696,3.542732E+9
53.540000,-2.423629,-2.772633,-2.410484,-3.033565,3.542732E+9
53.545000,-2.609962,-2.885353,-2.589915,-3.223184,3.542732E+9
53.550000,-2.540292,-2.876152,-2.586300,-3.130839,3.542732E+9
53.555000,-2.566583,-2.896527,-2.529447,-3.031265,3.542732E+9
53.560000,-2.453534,-2.861692,-2.250113,-2.791037,3.542732E+9
53.565000,-2.471937,-2.805496,-2.028616,-2.714466,3.542732E+9
53.570000,-2.297435,-2.715780,-1.844584,-2.279032,3.542732E+9
53.575000,-2.214621,-2.645782,-1.742381,-2.153824,3.542732E+9
53.580000,-2.063780,-2.465693,-1.725292,-2.003969,3.542732E+9
53.585000,-2.042748,-2.372034,-1.813036,-1.954346,3.542732E+9
53.590000,-1.976036,-2.332598,-1.796933,-1.934957,3.542732E+9
53.595000,-2.027302,-2.266215,-1.819937,-1.914254,3.542732E+9
53.600000,-1.972092,-2.212649,-1.795618,-2.014485,3.542732E+9
53.605000,-2.007584,-2.217250,-1.811393,-2.003969,3.542732E+9
53.610000,-1.827167,-2.001340,-1.818951,-1.984909,3.542732E+9
53.615000,-1.955989,-1.908995,-1.849185,-2.276403,3.542732E+9
53.620000,-1.718719,-1.820923,-1.823223,-2.048334,3.542732E+9
53.625000,-1.747967,-1.745338,-1.864631,-2.099272,3.542732E+9
53.630000,-1.621116,-1.654308,-1.806135,-2.015143,3.542732E+9
53.635000,-1.574122,-1.610929,-1.813693,-1.928385,3.542732E+9
53.640000,-1.508725,-1.550790,-1.721348,-1.831768,3.542732E+9
53.645000,-1.485721,-1.476520,-1.700645,-1.800548,3.542732E+9
53.650000,-1.365443,-1.373659,-1.626046,-1.666139,3.542732E+9
53.655000,-1.327979,-1.306618,-1.670411,-1.585953,3.542732E+9
53.660000,-1.309905,-1.294459,-1.574780,-1.612572,3.542732E+9
53.665000,-1.357885,-1.362485,-1.581681,-1.594826,3.542732E+9
53.670000,-1.359528,-1.344411,-1.614215,-1.609286,3.542732E+9
53.675000,-1.508068,-1.326665,-1.658909,-1.665153,3.542732E+9
53.680000,-1.424268,-1.418024,-1.674683,-1.748296,3.542732E+9
53.685000,-1.496237,-1.398635,-1.713461,-1.854114,3.542732E+9
53.690000,-1.468961,-1.406850,-1.712475,-1.875475,3.542732E+9
53.695000,-1.478491,-1.422624,-1.791018,-2.207062,3.542732E+9
53.700000,-1.457788,-1.405207,-1.789703,-1.923127,3.542732E+9
53.705000,-1.527786,-1.426897,-1.824209,-1.984252,3.542732E+9
53.710000,-1.449901,-1.420324,-1.791018,-1.939229,3.542732E+9
53.715000,-1.529429,-1.411122,-1.790032,-1.873175,3.542732E+9
53.720000,-1.430840,-1.373330,-1.726935,-1.815008,3.542732E+9
53.725000,-1.430183,-1.390747,-1.686842,-1.741395,3.542732E+9
53.730000,-1.377274,-1.335209,-1.621774,-1.662195,3.542732E+9
53.735000,-1.466661,-1.333566,-1.593840,-1.689471,3.542732E+9
53.740000,-1.344082,-1.334881,-1.564592,-1.604356,3.542732E+9
53.745000,-1.423282,-1.348683,-1.616844,-1.607643,3.542732E+9
53.750000,-1.413094,-1.364129,-1.636233,-1.639191,3.542732E+9
53.755000,-1.471590,-1.415066,-1.706231,-1.747310,3.542732E+9
53.760000,-1.535673,-1.447929,-1.769657,-1.793647,3.542732E+9
53.765000,-1.734493,-1.580695,-2.024344,-1.911624,3.542732E+9
53.770000,-2.049320,-1.824538,-2.085798,-2.108145,3.542732E+9
53.775000,-2.676673,-2.433159,-2.379264,-2.406869,3.542732E+9
53.780000,-2.776248,-2.677002,-2.679631,-2.872208,3.542732E+9
53.785000,-2.878452,-2.664186,-2.975398,-3.262949,3.542732E+9
53.790000,-2.816341,-2.575784,-3.057555,-3.506792,3.542732E+9
53.795000,-2.644796,-2.325040,-2.991172,-3.618855,3.542732E+9
53.800000,-2.596159,-2.396681,-2.820285,-3.479844,3.542732E+9
53.805000,-2.613577,-2.426258,-2.647754,-3.163374,3.542732E+9
53.810000,-2.494941,-2.281990,-2.430530,-2.706250,3.542732E+9
53.815000,-2.512687,-2.447947,-2.344101,-2.367433,3.542732E+9
53.820000,-2.390437,-2.165326,-2.224808,-2.117346,3.542732E+9
53.825000,-2.482125,-2.221850,-2.275088,-2.027959,3.542732E+9
53.830000,-2.441703,-2.286262,-2.154481,-1.945145,3.542732E+9
53.835000,-2.488697,-2.214621,-2.181758,-1.947116,3.542732E+9
53.840000,-2.444004,-2.206733,-2.151524,-2.070352,3.542732E+9
53.845000,-2.500199,-2.266215,-2.183072,-2.287905,3.542732E+9
53.850000,-2.527476,-2.271145,-2.272131,-2.519260,3.542732E+9
53.855000,-2.688175,-2.396353,-2.442032,-2.777891,3.542732E+9
53.860000,-2.752587,-2.477524,-2.627379,-2.940234,3.542732E+9
53.865000,-2.942535,-2.530762,-2.724325,-2.975069,3.542732E+9
53.870000,-2.823242,-2.548508,-2.659585,-2.789065,3.542732E+9
53.875000,-2.896855,-2.536349,-2.526161,-2.624093,3.542732E+9
53.880000,-2.714137,-2.491984,-2.296121,-2.399968,3.542732E+9
53.885000,-2.691462,-2.396681,-2.126548,-2.225794,3.542732E+9
53.890000,-2.474895,-2.304665,-1.977679,-2.054907,3.542732E+9
53.895000,-2.364147,-2.257671,-1.928385,-2.040447,3.542732E+9
53.900000,-2.270488,-2.189645,-1.885334,-1.914911,3.542732E+9
53.905000,-2.303350,-2.150538,-1.909653,-1.970778,3.542732E+9
53.910000,-2.178143,-2.105516,-1.905709,-1.888292,3.542732E+9
53.915000,-2.208048,-2.006927,-1.923784,-1.866274,3.542732E+9
53.920000,-2.121619,-1.991810,-1.832425,-1.918854,3.542732E+9
53.925000,-2.085798,-1.772286,-1.813364,-1.930028,3.542732E+9
53.930000,-1.905052,-1.798905,-1.886320,-1.934300,3.542732E+9
53.935000,-1.901766,-1.758155,-1.902094,-1.936929,3.542732E+9
53.940000,-1.807449,-1.704588,-1.896508,-1.982937,3.542732E+9
53.945000,-1.857729,-1.662524,-1.870546,-2.066080,3.542732E+9
53.950000,-1.704260,-1.631961,-1.794304,-1.970120,3.542732E+9
53.955000,-1.676326,-1.582995,-1.675012,-1.880076,3.542732E+9
53.960000,-1.533372,-1.463046,-1.716419,-1.812379,3.542732E+9
53.965000,-1.486050,-1.404550,-1.687171,-1.894536,3.542732E+9
53.970000,-1.358870,-1.330280,-1.594826,-1.701959,3.542732E+9
53.975000,-1.320750,-1.319764,-1.608628,-1.652993,3.542732E+9
53.980000,-1.344411,-1.290844,-1.593183,-1.594497,3.542732E+9
53.985000,-1.440042,-1.352298,-1.685856,-1.575108,3.542732E+9
53.990000,-1.377931,-1.346054,-1.621445,-1.596469,3.542732E+9
53.995000,-1.444643,-1.403235,-1.643792,-1.651350,3.542732E+9
54.000000,-1.399292,-1.386147,-1.668110,-1.723649,3.542732E+9
54.005000,-1.525814,-1.379903,-1.719376,-1.855758,3.542732E+9
54.010000,-1.470276,-1.398963,-1.746324,-1.891907,3.542732E+9
54.015000,-1.498209,-1.427225,-1.791346,-1.990824,3.542732E+9
54.020000,-1.491965,-1.411780,-1.804163,-1.971764,3.542732E+9
54.025000,-1.531401,-1.422953,-1.872189,-2.112088,3.542732E+9
54.030000,-1.451215,-1.414737,-1.799233,-1.957304,3.542732E+9
54.035000,-1.460088,-1.410794,-1.826838,-1.880076,3.542732E+9
54.040000,-1.405207,-1.367086,-1.686514,-1.792661,3.542732E+9
54.045000,-1.425911,-1.361171,-1.713461,-1.677641,3.542732E+9
54.050000,-1.355913,-1.318449,-1.616187,-1.587596,3.542732E+9
54.055000,-1.406850,-1.358870,-1.580366,-1.566235,3.542732E+9
54.060000,-1.342768,-1.352627,-1.555719,-1.595483,3.542732E+9
54.065000,-1.440042,-1.358542,-1.600413,-1.619145,3.542732E+9
54.070000,-1.416709,-1.373987,-1.646092,-1.662524,3.542732E+9
54.075000,-1.474219,-1.440699,-1.740080,-1.747967,3.542732E+9
54.080000,-1.480135,-1.491308,-1.730878,-1.897493,3.542732E+9
54.085000,-1.619473,-1.689143,-1.810735,-2.139036,3.542732E+9
54.090000,-1.773600,-2.019743,-1.896179,-2.368419,3.542732E+9
54.095000,-2.332598,-2.700663,-2.094014,-2.700335,3.542732E+9
54.100000,-2.702635,-2.939577,-2.455834,-3.055255,3.542732E+9
54.105000,-2.868264,-2.912301,-2.902113,-3.351021,3.542732E+9
54.110000,-2.547193,-2.770661,-3.006289,-3.612611,3.542732E+9
54.115000,-2.337857,-2.625407,-2.830801,-3.621484,3.542732E+9
54.120000,-2.278375,-2.499542,-2.656298,-3.708899,3.542732E+9
54.125000,-2.426258,-2.467665,-2.511044,-3.314544,3.542732E+9
54.130000,-2.296778,-2.459778,-2.351659,-2.831129,3.542732E+9
54.135000,-2.304994,-2.505129,-2.250113,-2.497570,3.542732E+9
54.140000,-2.128520,-2.382879,-2.107816,-2.295792,3.542732E+9
54.145000,-2.191617,-2.362832,-1.999697,-2.277060,3.542732E+9
54.150000,-2.137064,-2.447947,-1.916554,-2.192931,3.542732E+9
54.155000,-2.081854,-2.480482,-2.015800,-2.231709,3.542732E+9
54.160000,-2.086784,-2.386822,-1.930685,-2.322740,3.542732E+9
54.165000,-2.134435,-2.327012,-1.976036,-2.473909,3.542732E+9
54.170000,-2.132792,-2.380907,-2.062137,-2.618835,3.542732E+9
54.175000,-2.322740,-2.618177,-2.265558,-2.836716,3.542732E+9
54.180000,-2.446633,-2.672073,-2.476210,-2.994787,3.542732E+9
54.185000,-2.593202,-2.754887,-2.629351,-3.008589,3.542732E+9
54.190000,-2.495927,-2.667800,-2.604704,-2.894226,3.542732E+9
54.195000,-2.538649,-2.674044,-2.406211,-2.844274,3.542732E+9
54.200000,-2.408840,-2.623107,-2.137064,-2.591230,3.542732E+9
54.205000,-2.427572,-2.573484,-1.961576,-2.410812,3.542732E+9
54.210000,-2.248141,-2.465365,-1.846227,-2.182744,3.542732E+9
54.215000,-2.199504,-2.383536,-1.855758,-2.050963,3.542732E+9
54.220000,-2.019743,-2.256685,-1.821251,-1.998711,3.542732E+9
54.225000,-2.033546,-2.193260,-1.850828,-2.098943,3.542732E+9
54.230000,-1.974393,-2.168613,-1.833411,-1.930685,3.542732E+9
54.235000,-1.977022,-2.150538,-1.828810,-1.950074,3.542732E+9
54.240000,-1.943502,-2.054907,-1.792989,-1.972092,3.542732E+9
54.245000,-1.942187,-1.963877,-1.873504,-1.960262,3.542732E+9
54.250000,-1.786417,-1.883362,-1.851157,-1.962562,3.542732E+9
54.255000,-1.826838,-1.935614,-1.886320,-2.002983,3.542732E+9
54.260000,-1.724963,-1.789374,-1.869231,-2.056221,3.542732E+9
54.265000,-1.777872,-1.768342,-1.862330,-2.080869,3.542732E+9
54.270000,-1.645764,-1.675997,-1.798905,-2.034532,3.542732E+9
54.275000,-1.640177,-1.641820,-1.773929,-1.985895,3.542732E+9
54.280000,-1.517927,-1.538959,-1.710832,-1.820923,3.542732E+9
54.285000,-1.483421,-1.441028,-1.684542,-1.725949,3.542732E+9
54.290000,-1.351969,-1.338167,-1.636562,-1.642477,3.542732E+9
54.295000,-1.340139,-1.310891,-1.603699,-1.642149,3.542732E+9
54.300000,-1.318449,-1.319106,-1.565907,-1.596798,3.542732E+9
54.305000,-1.363143,-1.359199,-1.725949,-1.583981,3.542732E+9
54.310000,-1.375959,-1.353941,-1.637219,-1.604356,3.542732E+9
54.315000,-1.496237,-1.404221,-1.706889,-1.687171,3.542732E+9
54.320000,-1.426897,-1.412766,-1.677969,-1.773600,3.542732E+9
54.325000,-1.483749,-1.425254,-1.722334,-1.840312,3.542732E+9
54.330000,-1.467318,-1.389104,-1.738766,-1.892564,3.542732E+9
54.335000,-1.524828,-1.426239,-1.796276,-1.989181,3.542732E+9
54.340000,-1.471590,-1.413094,-1.805477,-1.955332,3.542732E+9
54.345000,-1.516612,-1.404879,-1.874161,-1.976364,3.542732E+9
54.350000,-1.438727,-1.403564,-1.765385,-1.916554,3.542732E+9
54.355000,-1.450887,-1.380889,-1.751911,-1.892564,3.542732E+9
54.360000,-1.411122,-1.359856,-1.696372,-1.765056,3.542732E+9
54.365000,-1.390747,-1.358870,-1.759798,-1.696372,3.542732E+9
54.370000,-1.372016,-1.347040,-1.608628,-1.651679,3.542732E+9
54.375000,-1.426897,-1.361500,-1.610600,-1.621774,3.542732E+9
54.380000,-1.377274,-1.361500,-1.594169,-1.614544,3.542732E+9
54.385000,-1.438399,-1.358213,-1.617173,-1.666467,3.542732E+9
54.390000,-1.440699,-1.392391,-1.671725,-1.698016,3.542732E+9
54.395000,-1.569522,-1.434455,-1.762756,-1.771628,3.542732E+9
54.400000,-1.669425,-1.481449,-1.863645,-1.803506,3.542732E+9
54.405000,-2.039790,-1.731536,-2.090727,-1.726278,3.542732E+9
54.410000,-2.555409,-2.031245,-2.288234,-2.203776,3.542732E+9
54.415000,-2.967511,-2.526161,-2.692776,-2.572827,3.542732E+9
54.420000,-2.920845,-2.732212,-2.999388,-3.066428,3.542732E+9
54.425000,-3.024692,-2.510387,-3.248489,-3.444352,3.542732E+9
54.430000,-2.931690,-2.399968,-3.240602,-3.607353,3.542732E+9
54.435000,-2.858734,-2.347058,-3.146614,-3.582705,3.542732E+9
54.440000,-2.806153,-2.439732,-2.893569,-3.391443,3.542732E+9
54.445000,-2.925117,-2.410484,-2.664186,-3.172904,3.542732E+9
54.450000,-2.609633,-2.191945,-2.488040,-2.535691,3.542732E+9
54.455000,-2.578085,-2.120633,-2.338514,-2.216264,3.542732E+9
54.460000,-2.426915,-2.104530,-2.169927,-2.033217,3.542732E+9
54.465000,-2.475552,-2.136735,-2.155796,-1.937258,3.542732E+9
54.470000,-2.440389,-2.121947,-2.117675,-1.786088,3.542732E+9
54.475000,-2.478181,-2.026973,-2.130820,-1.825852,3.542732E+9
54.480000,-2.390437,-2.015143,-2.136078,-1.915897,3.542732E+9
54.485000,-2.471609,-2.046691,-2.233352,-2.199832,3.542732E+9
54.490000,-2.494613,-2.099272,-2.352645,-2.478839,3.542732E+9
54.495000,-2.816670,-2.222179,-2.605361,-2.742399,3.542732E+9
54.500000,-2.742728,-2.341471,-2.660571,-2.887325,3.542732E+9
54.505000,-2.851833,-2.401939,-2.731883,-2.890940,3.542732E+9
54.510000,-2.775262,-2.414427,-2.602075,-2.727940,3.542732E+9
54.515000,-2.782821,-2.404897,-2.420671,-2.515974,3.542732E+9
54.520000,-2.627379,-2.312552,-2.228423,-2.294478,3.542732E+9
54.525000,-2.582028,-2.229409,-2.053264,-2.108473,3.542732E+9
54.530000,-2.370391,-2.121290,-1.974721,-1.944816,3.542732E+9
54.535000,-2.346730,-2.100258,-1.941201,-1.889935,3.542732E+9
54.540000,-2.211006,-2.011528,-1.903737,-1.798576,3.542732E+9
54.545000,-2.249455,-2.009885,-1.786088,-1.788717,3.542732E+9
54.550000,-2.145608,-1.986552,-1.867588,-1.806135,3.542732E+9
54.555000,-2.149881,-1.958947,-1.833739,-2.160725,3.542732E+9
54.560000,-2.068052,-1.891907,-1.810407,-1.906038,3.542732E+9
54.565000,-2.033546,-1.850828,-1.887306,-1.989838,3.542732E+9
54.570000,-1.887635,-1.728249,-1.903080,-1.938901,3.542732E+9
54.575000,-1.887963,-1.733508,-2.031574,-2.004298,3.542732E+9
54.580000,-1.830124,-1.703931,-1.899794,-2.032560,3.542732E+9
54.585000,-1.844913,-1.673040,-1.915568,-2.005284,3.542732E+9
54.590000,-1.708860,-1.622102,-1.831768,-1.936272,3.542732E+9
54.595000,-1.668439,-1.598770,-1.807778,-1.829796,3.542732E+9
54.600000,-1.520556,-1.459760,-1.725292,-1.789046,3.542732E+9
54.605000,-1.504124,-1.382532,-1.647407,-1.811064,3.542732E+9
54.610000,-1.353284,-1.329951,-1.599756,-1.682899,3.542732E+9
54.615000,-1.381874,-1.314834,-1.612572,-1.632947,3.542732E+9
54.620000,-1.378917,-1.315491,-1.600741,-1.603370,3.542732E+9
54.625000,-1.398635,-1.373330,-1.639191,-1.719048,3.542732E+9
54.630000,-1.393377,-1.370044,-1.622102,-1.626046,3.542732E+9
54.635000,-1.442671,-1.387461,-1.842612,-1.669425,3.542732E+9
54.640000,-1.416052,-1.379574,-1.662195,-1.739751,3.542732E+9
54.645000,-1.507082,-1.390090,-1.740409,-1.796933,3.542732E+9
54.650000,-1.468961,-1.402578,-1.748296,-1.884020,3.542732E+9
54.655000,-1.503796,-1.450229,-1.794961,-1.921155,3.542732E+9
54.660000,-1.487036,-1.418352,-1.822895,-1.952046,3.542732E+9
54.665000,-1.566893,-1.420653,-1.852143,-2.018100,3.542732E+9
54.670000,-1.466989,-1.404221,-1.785760,-1.944159,3.542732E+9
54.675000,-1.475534,-1.400278,-1.809092,-1.892564,3.542732E+9
54.680000,-1.443985,-1.362814,-1.691114,-1.793975,3.542732E+9
54.685000,-1.424596,-1.371687,-1.705903,-1.737780,3.542732E+9
54.690000,-1.371687,-1.323050,-1.608628,-1.605999,3.542732E+9
54.695000,-1.396991,-1.357227,-1.665153,-1.608957,3.542732E+9
54.700000,-1.349997,-1.367743,-1.546846,-1.615201,3.542732E+9
54.705000,-1.430512,-1.417366,-1.582010,-1.587268,3.542732E+9
54.710000,-1.432155,-1.448258,-1.651679,-1.681584,3.542732E+9
54.715000,-1.501824,-1.634919,-1.693743,-1.887306,3.542732E+9
54.720000,-1.614215,-1.928385,-1.746324,-2.194246,3.542732E+9
54.725000,-1.902752,-2.515316,-1.858058,-2.660899,3.542732E+9
54.730000,-2.382879,-3.020749,-2.145280,-3.098634,3.542732E+9
54.735000,-2.762117,-3.021734,-2.731555,-3.462098,3.542732E+9
54.740000,-2.534048,-2.905071,-3.055255,-3.763452,3.542732E+9
54.745000,-2.293492,-2.888968,-2.955023,-4.062834,3.542732E+9
54.750000,-2.096314,-2.692776,-2.656627,-4.105227,3.542732E+9
54.755000,-2.241897,-2.650712,-2.482453,-3.730260,3.542732E+9
54.760000,-2.227437,-2.618506,-2.288562,-3.131825,3.542732E+9
54.765000,-2.198846,-2.653998,-2.193260,-2.642167,3.542732E+9
54.770000,-2.045377,-2.538320,-2.074953,-2.343115,3.542732E+9
54.775000,-2.028288,-2.504800,-1.957961,-2.157110,3.542732E+9
54.780000,-1.924112,-2.436445,-1.818294,-2.119318,3.542732E+9
54.785000,-2.023358,-2.483768,-1.758812,-2.314524,3.542732E+9
54.790000,-1.938572,-2.498885,-1.783131,-2.321754,3.542732E+9
54.795000,-1.962233,-2.450576,-1.860687,-2.438417,3.542732E+9
54.800000,-1.956975,-2.409498,-1.962562,-2.630337,3.542732E+9
54.805000,-2.154153,-2.599117,-2.128191,-2.971783,3.542732E+9
54.810000,-2.282975,-2.767375,-2.318467,-3.130839,3.542732E+9
54.815000,-2.383207,-2.721038,-2.531419,-3.237316,3.542732E+9
54.820000,-2.385179,-2.764089,-2.551466,-3.054269,3.542732E+9
54.825000,-2.406211,-2.804510,-2.452220,-2.956009,3.542732E+9
54.830000,-2.245840,-2.701978,-2.185701,-2.700992,3.542732E+9
54.835000,-2.124905,-2.668458,-1.980637,-2.459778,3.542732E+9
54.840000,-2.160725,-2.598131,-1.811064,-2.282318,3.542732E+9
54.845000,-2.110774,-2.462407,-1.755526,-2.163026,3.542732E+9
54.850000,-1.935286,-2.347058,-1.776887,-2.044719,3.542732E+9
54.855000,-1.916554,-2.327669,-1.764070,-1.989181,3.542732E+9
54.860000,-1.865616,-2.228423,-1.757169,-2.015800,3.542732E+9
54.865000,-1.806463,-2.178800,-1.750268,-2.347058,3.542732E+9
54.870000,-1.854114,-2.113403,-1.739094,-1.960590,3.542732E+9
54.875000,-1.864959,-2.026645,-1.766370,-1.968149,3.542732E+9
54.880000,-1.778530,-1.912939,-1.782145,-1.954018,3.542732E+9
54.885000,-1.729564,-1.862987,-1.859044,-1.973078,3.542732E+9
54.890000,-1.693415,-1.805806,-1.854443,-2.004627,3.542732E+9
54.895000,-1.724963,-1.771300,-1.853786,-2.143637,3.542732E+9
54.900000,-1.627032,-1.713461,-1.802848,-2.048334,3.542732E+9
54.905000,-1.614215,-1.677312,-1.975707,-2.007913,3.542732E+9
54.910000,-1.554405,-1.575766,-1.716419,-1.913925,3.542732E+9
54.915000,-1.500510,-1.491637,-1.735808,-1.818622,3.542732E+9
54.920000,-1.375631,-1.389104,-1.647735,-1.726278,3.542732E+9
54.925000,-1.398635,-1.359199,-1.645764,-1.675669,3.542732E+9
54.930000,-1.331266,-1.329294,-1.605999,-1.614872,3.542732E+9
54.935000,-1.415395,-1.340467,-1.608628,-1.636233,3.542732E+9
54.940000,-1.376288,-1.358870,-1.602056,-1.582667,3.542732E+9
54.945000,-1.463374,-1.378588,-1.633604,-1.607643,3.542732E+9
54.950000,-1.411451,-1.363143,-1.613887,-1.657594,3.542732E+9
54.955000,-1.457131,-1.397320,-1.662195,-1.891249,3.542732E+9
54.960000,-1.445300,-1.401921,-1.690457,-1.820266,3.542732E+9
54.965000,-1.488022,-1.413094,-2.050635,-1.909653,3.542732E+9
54.970000,-1.507739,-1.416381,-1.811721,-1.981294,3.542732E+9
54.975000,-1.524171,-1.442342,-1.859372,-2.020729,3.542732E+9
54.980000,-1.506754,-1.425254,-1.815665,-2.015800,3.542732E+9
54.985000,-1.539288,-1.429854,-1.805477,-1.985566,3.542732E+9
54.990000,-1.432812,-1.399949,-1.740737,-1.842612,3.542732E+9
54.995000,-1.488350,-1.348354,-1.680598,-1.806135,3.542732E+9
55.000000,-1.376288,-1.325679,-1.605014,-1.668439,3.542732E+9
55.005000,-1.353612,-1.328965,-1.602385,-1.609943,3.542732E+9
55.010000,-1.362157,-1.319435,-1.564921,-1.558348,3.542732E+9
55.015000,-1.432483,-1.239250,-1.599756,-1.595812,3.542732E+9
55.020000,-1.443657,-1.392391,-1.651350,-1.621445,3.542732E+9
55.025000,-1.593183,-1.461731,-1.838012,-1.724635,3.542732E+9
55.030000,-1.764727,-1.575766,-1.899794,-1.863973,3.542732E+9
55.035000,-2.184058,-1.863645,-2.109788,-2.073639,3.542732E+9
55.040000,-2.737470,-2.238939,-2.390766,-2.407855,3.542732E+9
55.045000,-3.004646,-2.649726,-2.776905,-2.868264,3.542732E+9
55.050000,-2.871879,-2.693762,-3.042767,-3.305342,3.542732E+9
55.055000,-2.938920,-2.421328,-3.183749,-3.584349,3.542732E+9
55.060000,-2.770004,-2.289548,-3.143327,-3.582377,3.542732E+9
55.065000,-2.716109,-2.263915,-3.033894,-3.430550,3.542732E+9
55.070000,-2.623764,-2.336542,-2.681274,-3.077930,3.542732E+9
55.075000,-2.632308,-2.345415,-2.506115,-2.677988,3.542732E+9
55.080000,-2.545879,-2.110117,-2.344758,-2.206733,3.542732E+9
55.085000,-2.492970,-2.096314,-2.300064,-1.983594,3.542732E+9
55.090000,-2.377949,-2.068709,-2.073967,-1.924770,3.542732E+9
55.095000,-2.497242,-2.205090,-2.098943,-1.883691,3.542732E+9
55.100000,-2.437760,-2.115046,-2.092371,-1.870546,3.542732E+9
55.105000,-2.491984,-2.091385,-2.135092,-1.970120,3.542732E+9
55.110000,-2.465693,-2.092042,-2.220207,-2.164012,3.542732E+9
55.115000,-2.544564,-2.125891,-2.313538,-2.464379,3.542732E+9
55.120000,-2.632966,-2.219550,-2.481468,-2.714466,3.542732E+9
55.125000,-2.834087,-2.330955,-2.668786,-2.909672,3.542732E+9
55.130000,-2.808454,-2.388794,-2.736813,-2.838359,3.542732E+9
55.135000,-2.874180,-2.431187,-2.686861,-2.807797,3.542732E+9
55.140000,-2.796295,-2.436117,-2.531748,-2.628694,3.542732E+9
55.145000,-2.754887,-2.373020,-2.342786,-2.416399,3.542732E+9
55.150000,-2.619821,-2.279689,-2.120304,-2.216592,3.542732E+9
55.155000,-2.542593,-2.168284,-1.976693,-2.126548,3.542732E+9
55.160000,-2.361847,-2.150867,-1.979322,-1.917868,3.542732E+9
55.165000,-2.374334,-2.074625,-1.947445,-1.867917,3.542732E+9
55.170000,-2.240254,-2.044719,-1.894207,-1.850499,3.542732E+9
55.175000,-2.203776,-2.035846,-1.906038,-1.832754,3.542732E+9
55.180000,-2.153167,-1.959933,-1.859044,-1.847213,3.542732E+9
55.185000,-2.171899,-1.996411,-1.856743,-1.868574,3.542732E+9
55.190000,-2.038475,-1.879747,-1.862001,-1.891907,3.542732E+9
55.195000,-2.009227,-1.820594,-1.888620,-1.935286,3.542732E+9
55.200000,-1.938243,-1.756840,-1.919512,-1.980308,3.542732E+9
55.205000,-1.974393,-1.717733,-1.936600,-2.089413,3.542732E+9
55.210000,-1.845570,-1.698344,-1.891249,-2.048334,3.542732E+9
55.215000,-1.816979,-1.682899,-1.714776,-2.026316,3.542732E+9
55.220000,-1.703931,-1.599756,-1.794633,-1.933314,3.542732E+9
55.225000,-1.647078,-1.501167,-1.757169,-1.904066,3.542732E+9
55.230000,-1.511026,-1.423610,-1.669753,-1.749282,3.542732E+9
55.235000,-1.440699,-1.375959,-1.632618,-1.694729,3.542732E+9
55.240000,-1.348354,-1.289530,-1.570179,-1.622102,3.542732E+9
55.245000,-1.446943,-1.321407,-1.631633,-1.579381,3.542732E+9
55.250000,-1.341782,-1.324364,-1.594826,-1.548818,3.542732E+9
55.255000,-1.437741,-1.401264,-1.613558,-1.559334,3.542732E+9
55.260000,-1.426568,-1.378917,-1.634262,-1.620459,3.542732E+9
55.265000,-1.501824,-1.392391,-1.661209,-1.809421,3.542732E+9
55.270000,-1.452530,-1.376288,-1.672054,-1.789374,3.542732E+9
55.275000,-1.493937,-1.393048,-1.741066,-1.914582,3.542732E+9
55.280000,-1.481778,-1.414080,-1.772614,-1.969792,3.542732E+9
55.285000,-1.532058,-1.443985,-1.847213,-2.073310,3.542732E+9
55.290000,-1.521213,-1.431169,-1.848528,-2.007256,3.542732E+9
55.295000,-1.502153,-1.431826,-1.717076,-1.951717,3.542732E+9
55.300000,-1.443657,-1.381874,-1.762427,-1.905381,3.542732E+9
55.305000,-1.463703,-1.380231,-1.741395,-1.798247,3.542732E+9
55.310000,-1.359528,-1.344082,-1.650364,-1.691114,3.542732E+9
55.315000,-1.384832,-1.338824,-1.607314,-1.618159,3.542732E+9
55.320000,-1.359528,-1.331266,-1.568536,-1.565907,3.542732E+9
55.325000,-1.429526,-1.340796,-1.565578,-1.589568,3.542732E+9
55.330000,-1.402249,-1.356570,-1.570508,-1.612243,3.542732E+9
55.335000,-1.442342,-1.414080,-1.674683,-1.714118,3.542732E+9
55.340000,-1.459431,-1.475205,-1.680927,-1.789046,3.542732E+9
55.345000,-1.555391,-1.545532,-1.762427,-2.012842,3.542732E+9
55.350000,-1.705903,-1.844256,-1.875804,-2.192602,3.542732E+9
55.355000,-2.052935,-2.433159,-2.022701,-2.560996,3.542732E+9
55.360000,-2.629679,-2.977369,-2.315181,-2.989529,3.542732E+9
55.365000,-3.011547,-3.017462,-2.880095,-3.355294,3.542732E+9
55.370000,-2.773948,-2.858734,-3.232715,-3.672421,3.542732E+9
55.375000,-2.771976,-2.855119,-3.122952,-3.913307,3.542732E+9
55.380000,-2.348373,-2.606018,-2.840331,-3.998094,3.542732E+9
55.385000,-2.460764,-2.524518,-2.642496,-3.703970,3.542732E+9
55.390000,-2.315181,-2.439732,-2.378278,-3.048025,3.542732E+9
55.395000,-2.224479,-2.392409,-2.229738,-2.579071,3.542732E+9
55.400000,-2.092042,-2.334242,-2.064437,-2.241897,3.542732E+9
55.405000,-2.013828,-2.208377,-1.896179,-2.158096,3.542732E+9
55.410000,-1.999040,-2.260300,-1.769985,-1.970778,3.542732E+9
55.415000,-2.033217,-2.380907,-1.806135,-1.996411,3.542732E+9
55.420000,-1.986223,-2.290205,-1.835054,-2.010542,3.542732E+9
55.425000,-2.112088,-2.279689,-1.900780,-2.186030,3.542732E+9
55.430000,-2.059179,-2.269173,-1.967163,-2.427572,3.542732E+9
55.435000,-2.218564,-2.263915,-2.153167,-2.742728,3.542732E+9
55.440000,-2.365461,-2.559353,-2.422314,-3.026993,3.542732E+9
55.445000,-2.533391,-2.691462,-2.632308,-3.182434,3.542732E+9
55.450000,-2.513016,-2.649069,-2.698692,-3.107178,3.542732E+9
55.455000,-2.535363,-2.663528,-2.579728,-3.013190,3.542732E+9
55.460000,-2.456820,-2.653998,-2.328655,-2.765732,3.542732E+9
55.465000,-2.513673,-2.615548,-2.062794,-2.560010,3.542732E+9
55.470000,-2.304008,-2.523204,-1.877447,-2.229738,3.542732E+9
55.475000,-2.234338,-2.382879,-1.792332,-2.036832,3.542732E+9
55.480000,-2.068052,-2.307294,-1.766042,-1.914911,3.542732E+9
55.485000,-2.004955,-2.186030,-1.788717,-2.151852,3.542732E+9
55.490000,-1.967491,-2.169598,-1.770314,-1.827824,3.542732E+9
55.495000,-2.006927,-2.188988,-1.779844,-1.913596,3.542732E+9
55.500000,-1.955004,-2.092371,-1.766370,-1.939887,3.542732E+9
55.505000,-1.968477,-2.070352,-1.896179,-1.989510,3.542732E+9
55.510000,-1.873832,-1.958618,-1.875475,-1.996739,3.542732E+9
55.515000,-1.905052,-1.871532,-1.924441,-2.052606,3.542732E+9
55.520000,-1.842284,-1.869231,-1.913268,-2.145280,3.542732E+9
55.525000,-1.807120,-1.901108,-1.933314,-2.151852,3.542732E+9
55.530000,-1.753554,-1.741395,-1.880076,-2.083498,3.542732E+9
55.535000,-1.759469,-1.679941,-1.830782,-2.120304,3.542732E+9
55.540000,-1.568536,-1.605014,-1.733508,-1.883691,3.542732E+9
55.545000,-1.507739,-1.486379,-1.665153,-1.803506,3.542732E+9
55.550000,-1.392062,-1.392391,-1.617830,-1.680927,3.542732E+9
55.555000,-1.375959,-1.313520,-1.639191,-1.360842,3.542732E+9
55.560000,-1.347697,-1.325350,-1.587268,-1.550133,3.542732E+9
55.565000,-1.346054,-1.358542,-1.574451,-1.599427,3.542732E+9
55.570000,-1.346711,-1.339481,-1.571822,-1.591211,3.542732E+9
55.575000,-1.469947,-1.358870,-1.658909,-1.623088,3.542732E+9
55.580000,-1.454501,-1.387790,-1.654965,-1.702616,3.542732E+9
55.585000,-1.486050,-1.444643,-1.665481,-1.772614,3.542732E+9
55.590000,-1.464689,-1.416052,-1.697687,-1.850499,3.542732E+9
55.595000,-1.547832,-1.412108,-1.752568,-2.119975,3.542732E+9
55.600000,-1.487693,-1.420981,-1.820923,-1.946459,3.542732E+9
55.605000,-1.536987,-1.404550,-1.839983,-1.998054,3.542732E+9
55.610000,-1.504782,-1.427883,-1.831439,-2.006270,3.542732E+9
55.615000,-1.486379,-1.411780,-1.821909,-2.025330,3.542732E+9
55.620000,-1.470276,-1.375302,-1.757826,-1.846227,3.542732E+9
55.625000,-1.431826,-1.388447,-1.981951,-1.779516,3.542732E+9
55.630000,-1.375959,-1.346383,-1.623088,-1.688485,3.542732E+9
55.635000,-1.422953,-1.331923,-1.590225,-1.624074,3.542732E+9
55.640000,-1.357556,-1.320750,-1.535344,-1.596469,3.542732E+9
55.645000,-1.394362,-1.387133,-1.565907,-1.559991,3.542732E+9
55.650000,-1.402907,-1.359856,-1.616187,-1.572151,3.542732E+9
55.655000,-1.483421,-1.375959,-1.691114,-1.659237,3.542732E+9
55.660000,-1.479477,-1.390747,-1.712475,-1.715762,3.542732E+9
55.665000,-1.606657,-1.449901,-1.907024,-1.835711,3.542732E+9
55.670000,-1.825524,-1.571822,-2.009227,-1.911296,3.542732E+9
55.675000,-2.259971,-1.829796,-2.206733,-2.193588,3.542732E+9
55.680000,-2.845260,-2.212649,-2.517288,-2.478839,3.542732E+9
55.685000,-3.174219,-2.731226,-3.055912,-2.886010,3.542732E+9
55.690000,-3.061827,-2.847889,-3.304685,-3.414447,3.542732E+9
55.695000,-3.083845,-2.519917,-3.381255,-3.744720,3.542732E+9
55.700000,-3.058870,-2.471937,-3.385528,-3.808474,3.542732E+9
55.705000,-2.995773,-2.464379,-3.221870,-3.680309,3.542732E+9
55.710000,-2.838688,-2.503814,-2.919859,-3.343463,3.542732E+9
55.715000,-2.845589,-2.388794,-2.732540,-2.914273,3.542732E+9
55.720000,-2.657942,-2.192274,-2.573155,-2.419685,3.542732E+9
55.725000,-2.584657,-2.135421,-2.405883,-2.192931,3.542732E+9
55.730000,-2.501185,-2.182744,-2.174856,-2.113403,3.542732E+9
55.735000,-2.536677,-2.251427,-2.183072,-2.195560,3.542732E+9
55.740000,-2.541935,-2.165655,-2.184387,-1.884677,3.542732E+9
55.745000,-2.524189,-2.073310,-2.242225,-1.949088,3.542732E+9
55.750000,-2.467337,-2.054250,-2.274431,-2.098286,3.542732E+9
55.755000,-2.499542,-2.102558,-2.457806,-2.399310,3.542732E+9
55.760000,-2.516302,-2.117018,-2.457149,-2.682589,3.542732E+9
55.765000,-2.677659,-2.226451,-2.710522,-2.854462,3.542732E+9
55.770000,-2.751601,-2.319125,-2.711180,-2.897841,3.542732E+9
55.775000,-2.770004,-2.217250,-2.651040,-2.814369,3.542732E+9
55.780000,-2.710851,-2.386165,-2.559024,-2.632637,3.542732E+9
55.785000,-2.656627,-2.318139,-2.354288,-2.385836,3.542732E+9
55.790000,-2.568883,-2.215935,-2.155139,-2.206733,3.542732E+9
55.795000,-2.451891,-2.150209,-2.023687,-2.050306,3.542732E+9
55.800000,-2.261943,-2.062137,-1.984909,-1.921812,3.542732E+9
55.805000,-2.282647,-1.951389,-1.942844,-1.908667,3.542732E+9
55.810000,-2.140350,-1.942187,-1.913268,-1.827824,3.542732E+9
55.815000,-2.112746,-1.936929,-1.863645,-1.869889,3.542732E+9
55.820000,-2.089413,-1.914582,-1.839655,-1.874489,3.542732E+9
55.825000,-2.089413,-1.864302,-1.872518,-1.893879,3.542732E+9
55.830000,-1.948760,-1.776887,-1.847213,-1.872189,3.542732E+9
55.835000,-1.899465,-1.697358,-1.904395,-1.996082,3.542732E+9
55.840000,-1.823223,-1.640177,-1.895193,-1.951389,3.542732E+9
55.845000,-1.817308,-1.641491,-1.886977,-2.025330,3.542732E+9
55.850000,-1.738108,-1.611258,-1.866602,-2.008570,3.542732E+9
55.855000,-1.600741,-1.534030,-1.904066,-1.966506,3.542732E+9
55.860000,-1.623745,-1.531401,-1.816322,-1.889935,3.542732E+9
55.865000,-1.614215,-1.519241,-1.735151,-1.844584,3.542732E+9
55.870000,-1.476191,-1.397977,-1.669096,-1.774586,3.542732E+9
55.875000,-1.430512,-1.361171,-1.617501,-1.718062,3.542732E+9
55.880000,-1.376945,-1.302018,-1.598112,-1.647078,3.542732E+9
55.885000,-1.461731,-1.322393,-1.602056,-1.652665,3.542732E+9
55.890000,-1.388776,-1.354927,-1.612572,-1.582338,3.542732E+9
55.895000,-1.435441,-1.347697,-1.625389,-1.595155,3.542732E+9
55.900000,-1.450558,-1.373987,-1.644778,-1.619802,3.542732E+9
55.905000,-1.419010,-1.378588,-1.667453,-1.777872,3.542732E+9
55.910000,-1.463374,-1.391405,-1.687171,-1.764399,3.542732E+9
55.915000,-1.487693,-1.389762,-1.585296,-1.835054,3.542732E+9
55.920000,-1.457459,-1.401264,-1.752897,-1.913596,3.542732E+9
55.925000,-1.556376,-1.414409,-1.842284,-1.967491,3.542732E+9
55.930000,-1.510368,-1.420324,-1.854114,-1.990824,3.542732E+9
55.935000,-1.520227,-1.435112,-1.796604,-1.981622,3.542732E+9
55.940000,-1.483092,-1.413752,-1.761441,-1.923127,3.542732E+9
55.945000,-1.495580,-1.396006,-1.736794,-1.848199,3.542732E+9
55.950000,-1.424268,-1.373987,-1.694072,-1.686185,3.542732E+9
55.955000,-1.417038,-1.330608,-1.633604,-1.631304,3.542732E+9
55.960000,-1.383846,-1.336524,-1.572808,-1.598441,3.542732E+9
55.965000,-1.361500,-1.347697,-1.576751,-1.630318,3.542732E+9
55.970000,-1.401921,-1.340796,-1.584639,-1.582338,3.542732E+9
55.975000,-1.421967,-1.367415,-1.725292,-1.640506,3.542732E+9
55.980000,-1.434455,-1.386475,-1.666796,-1.713461,3.542732E+9
55.985000,-1.476520,-1.481120,-1.711161,-1.787074,3.542732E+9
55.990000,-1.497552,-1.470604,-1.750268,-1.907352,3.542732E+9
55.995000,-1.528772,-1.631304,-1.780830,-2.039133,3.542732E+9
56.000000,-1.700316,-1.916554,-1.821251,-2.225465,3.542732E+9
56.005000,-1.983594,-2.445647,-1.909653,-2.604046,3.542732E+9
56.010000,-2.384193,-2.996101,-2.117675,-2.902113,3.542732E+9
56.015000,-2.741742,-3.039809,-2.569540,-3.259991,3.542732E+9
56.020000,-2.651698,-2.955351,-2.952394,-3.567260,3.542732E+9
56.025000,-2.382550,-2.928075,-2.912629,-3.953729,3.542732E+9
56.030000,-2.214621,-2.785450,-2.730897,-4.033257,3.542732E+9
56.035000,-2.307623,-2.691133,-2.634938,-3.818005,3.542732E+9
56.040000,-2.298092,-2.621135,-2.436117,-3.292525,3.542732E+9
56.045000,-2.243540,-2.724325,-2.300064,-2.841645,3.542732E+9
56.050000,-2.125891,-2.527147,-2.168284,-2.514331,3.542732E+9
56.055000,-2.098614,-2.531091,-2.026316,-2.333913,3.542732E+9
56.060000,-2.025330,-2.488369,-1.866931,-2.183729,3.542732E+9
56.065000,-2.195560,-2.530433,-1.784116,-2.293820,3.542732E+9
56.070000,-1.981294,-2.509730,-1.792332,-2.179457,3.542732E+9
56.075000,-1.971106,-2.429873,-1.768342,-2.374992,3.542732E+9
56.080000,-1.988852,-2.395038,-1.826181,-2.480482,3.542732E+9
56.085000,-2.113074,-2.548508,-2.044062,-2.783807,3.542732E+9
56.090000,-2.252742,-2.712165,-2.309923,-2.974412,3.542732E+9
56.095000,-2.406211,-2.769347,-2.545550,-3.071686,3.542732E+9
56.100000,-2.448933,-2.781506,-2.616534,-3.135112,3.542732E+9
56.105000,-2.439732,-2.803196,-2.541607,-3.158773,3.542732E+9
56.110000,-2.418371,-2.744042,-2.341800,-2.843289,3.542732E+9
56.115000,-2.352645,-2.735498,-2.289877,-2.620149,3.542732E+9
56.120000,-2.282647,-2.642167,-1.879090,-2.354288,3.542732E+9
56.125000,-2.156125,-2.532077,-1.732193,-2.166641,3.542732E+9
56.130000,-2.029602,-2.409498,-1.757826,-2.019086,3.542732E+9
56.135000,-1.962891,-2.463722,-1.746981,-1.920169,3.542732E+9
56.140000,-1.942844,-2.255042,-1.762756,-1.880733,3.542732E+9
56.145000,-1.945473,-2.300064,-1.771300,-1.917868,3.542732E+9
56.150000,-1.938901,-2.180115,-1.785102,-1.912610,3.542732E+9
56.155000,-1.961247,-2.105844,-1.779516,-2.007584,3.542732E+9
56.160000,-1.865288,-2.005284,-1.835383,-2.002326,3.542732E+9
56.165000,-1.822237,-1.927727,-1.889935,-2.071996,3.542732E+9
56.170000,-1.808435,-1.870217,-1.923784,-2.065423,3.542732E+9
56.175000,-1.816322,-1.833411,-1.909324,-2.172556,3.542732E+9
56.180000,-1.752568,-1.811393,-1.845241,-2.155139,3.542732E+9
56.185000,-1.693743,-1.708532,-1.838669,-2.114389,3.542732E+9
56.190000,-1.667453,-1.645435,-1.760784,-1.873175,3.542732E+9
56.195000,-1.507739,-1.552762,-1.799562,-1.793647,3.542732E+9
56.200000,-1.452530,-1.456145,-1.632290,-1.708203,3.542732E+9
56.205000,-1.409479,-1.359856,-1.627689,-1.613558,3.542732E+9
56.210000,-1.356570,-1.315491,-1.624731,-1.554405,3.542732E+9
56.215000,-1.374316,-1.340139,-1.595155,-1.549147,3.542732E+9
56.220000,-1.381217,-1.356241,-1.625389,-1.597455,3.542732E+9
56.225000,-1.455159,-1.367743,-1.629661,-1.693415,3.542732E+9
56.230000,-1.436756,-1.369387,-1.655622,-1.715104,3.542732E+9
56.235000,-1.473891,-1.389762,-1.669096,-1.797590,3.542732E+9
56.240000,-1.489993,-1.426568,-1.731207,-1.857401,3.542732E+9
56.245000,-1.494266,-1.411122,-1.747967,-1.988852,3.542732E+9
56.250000,-1.509054,-1.429854,-1.804163,-1.963548,3.542732E+9
56.255000,-1.485393,-1.427225,-1.888620,-1.959604,3.542732E+9
56.260000,-1.521213,-1.416381,-1.825852,-1.920826,3.542732E+9
56.265000,-1.499524,-1.422953,-1.793647,-1.880733,3.542732E+9
56.270000,-1.445629,-1.389433,-1.737780,-1.811064,3.542732E+9
56.275000,-1.435441,-1.349012,-1.673040,-1.730878,3.542732E+9
56.280000,-1.435112,-1.346054,-1.680270,-1.690786,3.542732E+9
56.285000,-1.419995,-1.337181,-1.622431,-1.706231,3.542732E+9
56.290000,-1.429854,-1.340139,-1.599427,-1.641820,3.542732E+9
56.295000,-1.449901,-1.371358,-1.658580,-1.690457,3.542732E+9
56.300000,-1.504453,-1.406850,-1.686842,-1.687171,3.542732E+9
56.305000,-1.616187,-1.468633,-1.802848,-1.767356,3.542732E+9
56.310000,-1.844256,-1.569850,-1.954018,-1.822566,3.542732E+9
56.315000,-2.380578,-1.790032,-2.165983,-1.981622,3.542732E+9
56.320000,-2.793994,-2.205090,-2.384851,-2.242883,3.542732E+9
56.325000,-2.952394,-2.617192,-2.739113,-2.621464,3.542732E+9
56.330000,-2.865635,-2.511373,-3.033236,-3.065771,3.542732E+9
56.335000,-2.933004,-2.290534,-3.099620,-3.640873,3.542732E+9
56.340000,-2.817655,-2.224479,-3.089761,-3.435479,3.542732E+9
56.345000,-2.756859,-2.275417,-2.974083,-3.354965,3.542732E+9
56.350000,-2.790708,-2.443347,-2.740428,-3.025021,3.542732E+9
56.355000,-2.782164,-2.308280,-2.557710,-2.968496,3.542732E+9
56.360000,-2.743714,-2.232695,-2.419028,-2.323397,3.542732E+9
56.365000,-2.597474,-2.192274,-2.266873,-2.160725,3.542732E+9
56.370000,-2.568554,-2.182415,-2.186687,-2.013171,3.542732E+9
56.375000,-2.635923,-2.269173,-2.247484,-1.954675,3.542732E+9
56.380000,-2.604046,-2.176171,-2.197203,-1.934629,3.542732E+9
56.385000,-2.579728,-2.131477,-2.231709,-2.016457,3.542732E+9
56.390000,-2.587615,-2.156453,-2.313867,-2.180772,3.542732E+9
56.395000,-2.704607,-2.229738,-2.405226,-2.420014,3.542732E+9
56.400000,-2.782164,-2.256028,-2.533062,-2.717752,3.542732E+9
56.405000,-2.925117,-2.393395,-2.618835,-2.797280,3.542732E+9
56.410000,-2.911315,-2.442361,-2.732212,-2.821928,3.542732E+9
56.415000,-2.917888,-2.458792,-2.570526,-2.800895,3.542732E+9
56.420000,-2.898170,-2.455506,-2.491326,-2.524847,3.542732E+9
56.425000,-2.765732,-2.353959,-2.195231,-2.293492,3.542732E+9
56.430000,-2.665829,-2.248469,-2.112746,-2.124248,3.542732E+9
56.435000,-2.527147,-2.203119,-2.018100,-2.000683,3.542732E+9
56.440000,-2.347387,-2.125891,-1.956647,-1.866602,3.542732E+9
56.445000,-2.290205,-2.215278,-1.945145,-1.857072,3.542732E+9
56.450000,-2.250113,-1.984252,-1.920169,-1.763413,3.542732E+9
56.455000,-2.121619,-1.963877,-2.060165,-1.831768,3.542732E+9
56.460000,-2.124905,-1.889606,-1.815665,-1.841298,3.542732E+9
56.465000,-2.091385,-1.859701,-1.848856,-1.855100,3.542732E+9
56.470000,-1.983923,-1.795947,-1.868903,-1.858058,3.542732E+9
56.475000,-1.912610,-1.755854,-1.866602,-1.898479,3.542732E+9
56.480000,-1.848199,-1.663181,-1.876133,-1.993453,3.542732E+9
56.485000,-1.774258,-1.645435,-1.847542,-1.981622,3.542732E+9
56.490000,-1.725292,-1.592526,-1.854114,-1.968149,3.542732E+9
56.495000,-1.697687,-1.542903,-1.798247,-1.957961,3.542732E+9
56.500000,-1.585296,-1.490322,-1.780830,-1.837354,3.542732E+9
56.505000,-1.475534,-1.412437,-1.703602,-1.805806,3.542732E+9
56.510000,-1.450887,-1.378260,-1.655951,-1.714447,3.542732E+9
56.515000,-1.356899,-1.305304,-1.634262,-1.760784,3.542732E+9
56.520000,-1.399949,-1.294459,-1.656280,-1.643135,3.542732E+9
56.525000,-1.400606,-1.342439,-1.843270,-1.667453,3.542732E+9
56.530000,-1.434784,-1.365114,-1.639520,-1.645106,3.542732E+9
56.535000,-1.472905,-1.367743,-1.677969,-1.649707,3.542732E+9
56.540000,-1.495580,-1.407508,-1.708532,-1.700645,3.542732E+9
56.545000,-1.453516,-1.436427,-1.666139,-1.758155,3.542732E+9
56.550000,-1.487693,-1.402578,-1.701631,-1.799562,3.542732E+9
56.555000,-1.492622,-1.404550,-1.729893,-1.901437,3.542732E+9
56.560000,-1.464689,-1.399949,-1.798905,-1.866274,3.542732E+9
56.565000,-1.485064,-1.403893,-1.841955,-1.923784,3.542732E+9
56.570000,-1.502810,-1.422953,-1.835054,-1.929042,3.542732E+9
56.575000,-1.442671,-1.396334,-1.774258,-2.014485,3.542732E+9
56.580000,-1.476191,-1.385161,-1.754868,-1.854772,3.542732E+9
56.585000,-1.395020,-1.366758,-1.759469,-1.810407,3.542732E+9
56.590000,-1.401264,-1.349997,-1.673697,-1.712147,3.542732E+9
56.595000,-1.389433,-1.425911,-1.609614,-1.666467,3.542732E+9
56.600000,-1.388776,-1.363800,-1.584310,-1.674026,3.542732E+9
56.605000,-1.375959,-1.377931,-1.569193,-1.606985,3.542732E+9
56.610000,-1.423939,-1.384504,-1.610600,-1.587925,3.542732E+9
56.615000,-1.453516,-1.419338,-1.658580,-1.729893,3.542732E+9
56.620000,-1.483421,-1.536987,-1.713461,-1.819937,3.542732E+9
56.625000,-1.590883,-1.726935,-1.802520,-2.039133,3.542732E+9
56.630000,-1.855758,-2.174856,-1.915568,-2.341800,3.542732E+9
56.635000,-2.326355,-2.868264,-2.106502,-2.831129,3.542732E+9
56.640000,-2.830143,-2.959295,-2.575127,-3.163374,3.542732E+9
56.645000,-2.925775,-2.868264,-3.050982,-3.490689,3.542732E+9
56.650000,-2.498885,-2.827843,-3.085817,-3.746035,3.542732E+9
56.655000,-2.306637,-2.741742,-2.833430,-3.912650,3.542732E+9
56.660000,-2.384193,-2.616534,-2.640853,-3.854483,3.542732E+9
56.665000,-2.610948,-2.676673,-2.439074,-3.332290,3.542732E+9
56.670000,-2.284947,-2.582357,-2.325697,-2.783807,3.542732E+9
56.675000,-2.234010,-2.543250,-2.149552,-2.499542,3.542732E+9
56.680000,-2.096643,-2.422972,-2.053921,-2.248798,3.542732E+9
56.685000,-2.069038,-2.411798,-1.913596,-2.180115,3.542732E+9
56.690000,-2.134435,-2.530762,-1.865288,-2.177814,3.542732E+9
56.695000,-2.070352,-2.491326,-1.911296,-2.390766,3.542732E+9
56.700000,-2.079225,-2.445647,-1.945145,-2.347387,3.542732E+9
56.705000,-2.092699,-2.418042,-1.982608,-2.617520,3.542732E+9
56.710000,-2.194903,-2.522875,-2.123590,-2.806811,3.542732E+9
56.715000,-2.349030,-2.703621,-2.324383,-3.008589,3.542732E+9
56.720000,-2.508744,-2.767047,-2.505458,-3.081874,3.542732E+9
56.725000,-2.541607,-2.779534,-2.601089,-3.012204,3.542732E+9
56.730000,-2.472266,-2.733855,-2.545550,-2.859720,3.542732E+9
56.735000,-2.417713,-2.789065,-2.265887,-2.732212,3.542732E+9
56.740000,-2.361189,-2.677659,-2.063451,-2.627708,3.542732E+9
56.745000,-2.323726,-2.634938,-1.872846,-2.341800,3.542732E+9
56.750000,-2.205748,-2.492970,-1.871203,-2.152510,3.542732E+9
56.755000,-2.152510,-2.380907,-1.837683,-2.097957,3.542732E+9
56.760000,-1.994768,-2.301707,-1.857072,-2.009556,3.542732E+9
56.765000,-2.015800,-2.224479,-1.814679,-2.040776,3.542732E+9
56.770000,-1.970120,-2.163354,-1.824538,-2.001012,3.542732E+9
56.775000,-2.000354,-2.138050,-1.790032,-2.007584,3.542732E+9
56.780000,-1.965191,-2.095657,-1.792332,-1.978665,3.542732E+9
56.785000,-1.872846,-2.038147,-1.801205,-2.020401,3.542732E+9
56.790000,-1.873175,-1.888949,-1.843598,-1.946788,3.542732E+9
56.795000,-1.775901,-1.829139,-1.946459,-1.953032,3.542732E+9
56.800000,-1.777544,-1.768342,-1.869560,-2.026645,3.542732E+9
56.805000,-1.677969,-1.729564,-1.838669,-2.000026,3.542732E+9
56.810000,-1.660552,-1.668110,-1.809421,-1.947445,3.542732E+9
56.815000,-1.607314,-1.647407,-1.741066,-1.908010,3.542732E+9
56.820000,-1.519570,-1.548489,-1.720362,-1.845899,3.542732E+9
56.825000,-1.536001,-1.410794,-1.663838,-1.828481,3.542732E+9
56.830000,-1.381217,-1.340796,-1.668768,-1.699987,3.542732E+9
56.835000,-1.378917,-1.328637,-1.605342,-1.695387,3.542732E+9
56.840000,-1.405536,-1.384832,-1.632290,-1.632290,3.542732E+9
56.845000,-1.430512,-1.373002,-1.675997,-1.769328,3.542732E+9
56.850000,-1.455816,-1.401921,-1.670411,-1.614215,3.542732E+9
56.855000,-1.439056,-1.386475,-1.652336,-1.689800,3.542732E+9
56.860000,-1.481778,-1.396334,-1.665481,-1.724963,3.542732E+9
56.865000,-1.487036,-1.383518,-1.747310,-1.756840,3.542732E+9
56.870000,-1.488350,-1.390419,-1.763413,-1.830453,3.542732E+9
56.875000,-1.488679,-1.443328,-1.767028,-1.927399,3.542732E+9
56.880000,-1.517598,-1.424596,-1.826838,-2.030917,3.542732E+9
56.885000,-1.551776,-1.399949,-1.817308,-2.057864,3.542732E+9
56.890000,-1.516941,-1.414080,-1.850171,-1.955332,3.542732E+9
56.895000,-1.453844,-1.387461,-1.948431,-1.919840,3.542732E+9
56.900000,-1.470933,-1.401592,-1.706889,-1.766699,3.542732E+9
56.905000,-1.424596,-1.381217,-1.643792,-1.753225,3.542732E+9
56.910000,-1.452530,-1.353612,-1.589897,-1.609614,3.542732E+9
56.915000,-1.395020,-1.319435,-1.634262,-1.567221,3.542732E+9
56.920000,-1.395020,-1.329294,-1.592526,-1.585624,3.542732E+9
56.925000,-1.394362,-1.481449,-1.635905,-1.609286,3.542732E+9
56.930000,-1.483421,-1.388776,-1.729893,-1.750925,3.542732E+9
56.935000,-1.596141,-1.437084,-1.823552,-1.769985,3.542732E+9
56.940000,-1.785102,-1.504124,-1.933643,-1.843598,3.542732E+9
56.945000,-2.216264,-1.779844,-2.144294,-2.116032,3.542732E+9
56.950000,-2.801553,-2.088756,-2.461750,-2.330627,3.542732E+9
56.955000,-3.155158,-2.550151,-2.900470,-2.694419,3.542732E+9
56.960000,-3.128210,-2.792022,-3.215955,-3.181120,3.542732E+9
56.965000,-3.005303,-2.432173,-3.330975,-3.612282,3.542732E+9
56.970000,-3.041124,-2.255371,-3.342148,-3.627399,3.542732E+9
56.975000,-2.851504,-2.199832,-3.226142,-3.458155,3.542732E+9
56.980000,-2.713151,-2.235324,-2.837373,-3.169946,3.542732E+9
56.985000,-2.628694,-2.284290,-2.624093,-2.696391,3.542732E+9
56.990000,-2.563296,-2.007584,-2.486397,-2.245840,3.542732E+9
56.995000,-2.490341,-1.945802,-2.228094,-1.984580,3.542732E+9
57.000000,-2.417713,-2.037818,-2.091056,-1.938572,3.542732E+9
57.005000,-2.517945,-2.107159,-2.081197,-1.875147,3.542732E+9
57.010000,-2.518274,-2.062137,-2.172227,-1.729235,3.542732E+9
57.015000,-2.538978,-1.985895,-2.169270,-1.782145,3.542732E+9
57.020000,-2.526161,-2.045377,-2.253727,-1.960262,3.542732E+9
57.025000,-2.551137,-2.013171,-2.374006,-2.323068,3.542732E+9
57.030000,-2.649069,-2.105844,-2.529776,-2.601089,3.542732E+9
57.035000,-2.764746,-2.156453,-2.704278,-2.931361,3.542732E+9
57.040000,-2.784793,-2.323397,-2.820613,-2.960281,3.542732E+9
57.045000,-2.910986,-2.394381,-2.799252,-2.932347,3.542732E+9
57.050000,-2.930375,-2.410484,-2.685875,-2.678317,3.542732E+9
57.055000,-2.801224,-2.328984,-2.521232,-2.471937,3.542732E+9
57.060000,-2.760803,-2.295792,-2.243540,-2.300064,3.542732E+9
57.065000,-2.626393,-2.215278,-2.097957,-2.053921,3.542732E+9
57.070000,-2.506115,-2.120633,-2.054907,-1.901766,3.542732E+9
57.075000,-2.438089,-2.092699,-2.026316,-1.805477,3.542732E+9
57.080000,-2.368748,-2.055893,-1.994110,-1.807449,3.542732E+9
57.085000,-2.362175,-2.030260,-1.908995,-1.802191,3.542732E+9
57.090000,-2.337199,-2.038475,-1.932328,-1.829796,3.542732E+9
57.095000,-2.282647,-1.981951,-1.873175,-1.914582,3.542732E+9
57.100000,-2.300064,-1.920497,-1.951717,-1.909324,3.542732E+9
57.105000,-2.136407,-1.831110,-2.129177,-1.995096,3.542732E+9
57.110000,-2.078568,-1.857401,-1.986552,-2.020072,3.542732E+9
57.115000,-2.030588,-1.767356,-2.001998,-2.269830,3.542732E+9
57.120000,-2.014157,-1.771628,-1.973735,-2.112417,3.542732E+9
57.125000,-1.927727,-1.746981,-1.955989,-2.093356,3.542732E+9
57.130000,-1.882705,-1.667453,-1.899794,-1.966177,3.542732E+9
57.135000,-1.737122,-1.589568,-1.865945,-1.846556,3.542732E+9
57.140000,-1.619473,-1.509054,-1.644778,-1.773600,3.542732E+9
57.145000,-1.495251,-1.520227,-1.613558,-1.684870,3.542732E+9
57.150000,-1.414080,-1.342110,-1.605014,-1.666467,3.542732E+9
57.155000,-1.375631,-1.304975,-1.585296,-1.546518,3.542732E+9
57.160000,-1.385489,-1.324036,-1.652008,-1.552104,3.542732E+9
57.165000,-1.441356,-1.345725,-1.609943,-1.614215,3.542732E+9
57.170000,-1.450558,-1.386147,-1.694729,-1.591211,3.542732E+9
57.175000,-1.482106,-1.384504,-1.733179,-1.704260,3.542732E+9
57.180000,-1.484078,-1.421639,-1.718719,-1.793647,3.542732E+9
57.185000,-1.453516,-1.370372,-1.725949,-1.939558,3.542732E+9
57.190000,-1.558348,-1.400935,-1.777872,-1.973407,3.542732E+9
57.195000,-1.533044,-1.437741,-1.897822,-1.987866,3.542732E+9
57.200000,-1.577737,-1.448915,-1.838997,-2.029602,3.542732E+9
57.205000,-1.548489,-1.501495,-1.841298,-1.967820,3.542732E+9
57.210000,-1.478491,-1.409151,-1.802191,-1.990824,3.542732E+9
57.215000,-1.354598,-1.316806,-1.710832,-1.824209,3.542732E+9
57.220000,-1.421310,-1.360185,-1.783131,-1.715104,3.542732E+9
57.225000,-1.394034,-1.319435,-1.628346,-1.662195,3.542732E+9
57.230000,-1.367743,-1.441356,-1.582010,-1.569522,3.542732E+9
57.235000,-1.358542,-1.329294,-1.566893,-1.753883,3.542732E+9
57.240000,-1.395348,-1.381874,-1.591868,-1.612243,3.542732E+9
57.245000,-1.426239,-1.427883,-1.644778,-1.690457,3.542732E+9
57.250000,-1.537645,-1.482106,-1.699987,-1.824209,3.542732E+9
57.255000,-1.589568,-1.644449,-1.777215,-1.988852,3.542732E+9
57.260000,-1.743038,-1.948102,-1.851814,-2.234338,3.542732E+9
57.265000,-2.056550,-2.544893,-2.000354,-2.573484,3.542732E+9
57.270000,-2.546208,-2.878123,-2.315181,-3.020091,3.542732E+9
57.275000,-2.799909,-2.848547,-2.792022,-3.389471,3.542732E+9
57.280000,-2.540292,-2.762117,-3.103892,-3.595522,3.542732E+9
57.285000,-2.296778,-2.630008,-3.044410,-3.813732,3.542732E+9
57.290000,-2.258328,-2.637895,-2.747329,-3.841337,3.542732E+9
57.295000,-2.333584,-2.523204,-2.522875,-3.655004,3.542732E+9
57.300000,-2.305322,-2.531091,-2.314524,-3.021406,3.542732E+9
57.305000,-2.192602,-2.474238,-2.167955,-2.614891,3.542732E+9
57.310000,-2.098614,-2.378935,-2.087770,-2.293163,3.542732E+9
57.315000,-1.973078,-2.272131,-1.906366,-2.111102,3.542732E+9
57.320000,-1.988852,-2.312881,-1.843598,-2.079554,3.542732E+9
57.325000,-1.954346,-2.440718,-1.770643,-2.044062,3.542732E+9
57.330000,-1.966177,-2.321754,-1.843927,-2.257342,3.542732E+9
57.335000,-2.007584,-2.347387,-1.891578,-2.250441,3.542732E+9
57.340000,-2.022701,-2.333584,-1.998711,-2.559353,3.542732E+9
57.345000,-2.265558,-2.453863,-2.144294,-2.910000,3.542732E+9
57.350000,-2.330955,-2.635266,-2.446633,-3.051311,3.542732E+9
57.355000,-2.448276,-2.673716,-2.576113,-3.101920,3.542732E+9
57.360000,-2.472266,-2.642496,-2.626065,-3.035208,3.542732E+9
57.365000,-2.454849,-2.670101,-2.494284,-2.919531,3.542732E+9
57.370000,-2.374663,-2.715780,-2.222179,-2.672730,3.542732E+9
57.375000,-2.340157,-2.603718,-1.995754,-2.618506,3.542732E+9
57.380000,-2.282975,-2.567568,-1.837683,-2.249455,3.542732E+9
57.385000,-2.142651,-2.459449,-1.842941,-2.103544,3.542732E+9
57.390000,-2.133121,-2.356260,-1.833739,-1.997068,3.542732E+9
57.395000,-2.003969,-2.311566,-1.851814,-1.915568,3.542732E+9
57.400000,-2.003312,-2.277060,-1.780501,-1.978993,3.542732E+9
57.405000,-2.013500,-2.237953,-1.792332,-1.958947,3.542732E+9
57.410000,-1.971435,-2.188659,-1.818622,-1.951060,3.542732E+9
57.415000,-1.989510,-2.200161,-1.833082,-2.012842,3.542732E+9
57.420000,-1.918526,-2.033546,-1.875475,-2.141336,3.542732E+9
57.425000,-2.058193,-2.031245,-1.943502,-2.130163,3.542732E+9
57.430000,-1.902094,-1.988852,-2.108802,-2.112417,3.542732E+9
57.435000,-1.911953,-1.913268,-1.938243,-2.154810,3.542732E+9
57.440000,-1.838340,-1.899794,-1.875147,-2.103215,3.542732E+9
57.445000,-1.711161,-1.796276,-1.815993,-1.991810,3.542732E+9
57.450000,-1.644120,-1.681913,-1.741395,-1.860030,3.542732E+9
57.455000,-1.560977,-1.612572,-1.693415,-1.801534,3.542732E+9
57.460000,-1.536001,-1.483749,-1.646092,-1.714118,3.542732E+9
57.465000,-1.427225,-1.412766,-1.706560,-1.631304,3.542732E+9
57.470000,-1.401592,-1.363471,-1.610929,-1.616187,3.542732E+9
57.475000,-1.396991,-1.517598,-1.609286,-1.585624,3.542732E+9
57.480000,-1.434784,-1.384832,-1.670082,-1.716747,3.542732E+9
57.485000,-1.450558,-1.415395,-1.660552,-1.679284,3.542732E+9
57.490000,-1.451544,-1.410794,-1.774915,-1.739751,3.542732E+9
57.495000,-1.502481,-1.399620,-1.672383,-1.830782,3.542732E+9
57.500000,-1.507082,-1.401264,-1.769328,-1.819937,3.542732E+9
57.505000,-1.492622,-1.408822,-1.807120,-1.886649,3.542732E+9
57.510000,-1.505110,-1.437413,-1.778530,-1.940872,3.542732E+9
57.515000,-1.481120,-1.462389,-1.827495,-2.030260,3.542732E+9
57.520000,-1.509383,-1.403893,-1.806463,-1.981622,3.542732E+9
57.525000,-1.399292,-1.355584,-1.859701,-1.878433,3.542732E+9
57.530000,-1.445629,-1.373987,-1.812050,-1.841626,3.542732E+9
57.535000,-1.411451,-1.384504,-1.687171,-1.743366,3.542732E+9
57.540000,-1.416709,-1.342110,-1.643792,-1.731864,3.542732E+9
57.545000,-1.483749,-1.360185,-1.626703,-1.621774,3.542732E+9
57.550000,-1.387790,-1.360185,-1.659237,-1.596141,3.542732E+9
57.555000,-1.441028,-1.368729,-1.614872,-1.629332,3.542732E+9
57.560000,-1.480792,-1.488022,-1.666467,-1.676655,3.542732E+9
57.565000,-1.621774,-1.494594,-1.817637,-1.789703,3.542732E+9
57.570000,-1.826181,-1.666796,-1.977679,-1.878104,3.542732E+9
57.575000,-2.313867,-1.977679,-2.302693,-2.134106,3.542732E+9
57.580000,-2.854791,-2.399310,-2.483439,-2.506772,3.542732E+9
57.585000,-2.978027,-2.739442,-2.879766,-2.934976,3.542732E+9
57.590000,-2.828172,-2.599774,-3.122952,-3.552800,3.542732E+9
57.595000,-2.802210,-2.331284,-3.173561,-3.606367,3.542732E+9
57.600000,-2.741085,-2.265887,-3.112108,-3.624770,3.542732E+9
57.605000,-2.686204,-2.286590,-2.883710,-3.373368,3.542732E+9
57.610000,-2.518274,-2.301707,-2.674044,-2.944178,3.542732E+9
57.615000,-2.561982,-2.177814,-2.381236,-2.448276,3.542732E+9
57.620000,-2.435459,-2.087441,-2.265229,-2.059836,3.542732E+9
57.625000,-2.294806,-2.022701,-2.125562,-1.907024,3.542732E+9
57.630000,-2.323068,-2.094671,-2.005941,-1.788389,3.542732E+9
57.635000,-2.400953,-2.173871,-2.016786,-1.780501,3.542732E+9
57.640000,-2.454191,-2.100258,-2.047677,-1.808764,3.542732E+9
57.645000,-2.524847,-2.043733,-2.204104,-1.871532,3.542732E+9
57.650000,-2.410484,-2.050635,-2.368090,-2.197203,3.542732E+9
57.655000,-2.518274,-2.394052,-2.426586,-2.531419,3.542732E+9
57.660000,-2.659585,-2.257342,-2.586958,-3.058541,3.542732E+9
57.665000,-2.802867,-2.388794,-2.726625,-2.978684,3.542732E+9
57.670000,-2.870236,-2.476210,-2.796623,-3.020420,3.542732E+9
57.675000,-2.996759,-2.507101,-2.706250,-2.868922,3.542732E+9
57.680000,-2.858077,-2.495927,-2.614562,-2.585314,3.542732E+9
57.685000,-2.786107,-2.419028,-2.275417,-2.369405,3.542732E+9
57.690000,-2.668458,-2.335885,-2.117018,-2.112417,3.542732E+9
57.695000,-2.507101,-2.247155,-2.031574,-1.970120,3.542732E+9
57.700000,-2.414427,-2.242225,-1.980308,-1.836040,3.542732E+9
57.705000,-2.341471,-2.104201,-1.970449,-1.924441,3.542732E+9
57.710000,-2.328984,-2.124576,-1.931342,-1.843598,3.542732E+9
57.715000,-2.311238,-2.145608,-1.942516,-1.918854,3.542732E+9
57.720000,-2.357903,-2.083826,-1.910310,-1.999368,3.542732E+9
57.725000,-2.264244,-2.028945,-1.987209,-1.975050,3.542732E+9
57.730000,-2.173542,-1.979322,-1.936929,-2.034532,3.542732E+9
57.735000,-2.097629,-2.132792,-1.965520,-2.003969,3.542732E+9
57.740000,-2.067066,-1.850171,-1.973407,-2.428230,3.542732E+9
57.745000,-2.028616,-1.834725,-1.971106,-2.047348,3.542732E+9
57.750000,-1.915568,-1.790689,-1.918197,-2.043405,3.542732E+9
57.755000,-1.917540,-1.726935,-1.877118,-1.975707,3.542732E+9
57.760000,-1.740080,-1.629661,-1.897165,-1.848856,3.542732E+9
57.765000,-1.634262,-1.524171,-1.697358,-1.811721,3.542732E+9
57.770000,-1.521542,-1.508725,-1.666139,-1.730221,3.542732E+9
57.775000,-1.415395,-1.361828,-1.621445,-1.782802,3.542732E+9
57.780000,-1.407179,-1.308590,-1.570836,-1.642477,3.542732E+9
57.785000,-1.402907,-1.336195,-1.797590,-1.627360,3.542732E+9
57.790000,-1.399620,-1.346054,-1.625060,-1.632290,3.542732E+9
57.795000,-1.443657,-1.373002,-1.676655,-1.593183,3.542732E+9
57.800000,-1.490651,-1.378260,-1.674354,-1.700645,3.542732E+9
57.805000,-1.483421,-1.456802,-1.692429,-1.719376,3.542732E+9
57.810000,-1.453187,-1.413423,-1.721348,-1.798905,3.542732E+9
57.815000,-1.507411,-1.378917,-1.748953,-1.883362,3.542732E+9
57.820000,-1.378588,-1.410465,-1.828153,-1.926741,3.542732E+9
57.825000,-1.512997,-1.415066,-1.879090,-1.974064,3.542732E+9
57.830000,-1.515298,-1.452530,-1.833739,-1.980637,3.542732E+9
57.835000,-1.494266,-1.411122,-1.826838,-2.044719,3.542732E+9
57.840000,-1.540274,-1.388447,-1.768671,-2.090070,3.542732E+9
57.845000,-1.463046,-1.391076,-1.790360,-1.829467,3.542732E+9
57.850000,-1.419667,-1.357885,-1.675669,-1.733179,3.542732E+9
57.855000,-1.428540,-1.427554,-1.618487,-1.617501,3.542732E+9
57.860000,-1.380889,-1.340467,-1.578066,-1.640506,3.542732E+9
57.865000,-1.493608,-1.335538,-1.537316,-1.548161,3.542732E+9
57.870000,-1.359199,-1.355256,-1.659895,-1.549804,3.542732E+9
57.875000,-1.433469,-1.385818,-1.638862,-1.653651,3.542732E+9
57.880000,-1.478820,-1.570836,-1.712475,-1.742381,3.542732E+9
57.885000,-1.527129,-1.582010,-1.783788,-2.131477,3.542732E+9
57.890000,-1.737780,-1.910310,-1.853129,-2.262272,3.542732E+9
57.895000,-2.021387,-2.443347,-2.016129,-2.707565,3.542732E+9
57.900000,-2.513016,-2.971125,-2.318467,-3.129196,3.542732E+9
57.905000,-2.893898,-3.007275,-2.858077,-3.429564,3.542732E+9
57.910000,-2.770004,-2.877466,-3.231072,-3.784156,3.542732E+9
57.915000,-2.491655,-2.900799,-3.121638,-3.981991,3.542732E+9
57.920000,-2.323068,-2.730897,-2.838359,-4.166681,3.542732E+9
57.925000,-2.493298,-2.608319,-2.625407,-3.816690,3.542732E+9
57.930000,-2.315181,-2.495270,-2.502828,-3.171261,3.542732E+9
57.935000,-2.233024,-2.425272,-2.305980,-2.684561,3.542732E+9
57.940000,-2.088756,-2.493298,-2.173871,-2.316824,3.542732E+9
57.945000,-2.004627,-2.269173,-2.010542,-2.147252,3.542732E+9
57.950000,-2.005284,-2.337199,-1.784774,-2.059508,3.542732E+9
57.955000,-1.931342,-2.328655,-1.793975,-2.161383,3.542732E+9
57.960000,-2.071338,-2.341800,-1.835054,-2.153824,3.542732E+9
57.965000,-1.983923,-2.290205,-1.955989,-2.225465,3.542732E+9
57.970000,-2.061808,-2.264572,-1.992796,-2.499542,3.542732E+9
57.975000,-2.130820,-2.409826,-2.170913,-2.785778,3.542732E+9
57.980000,-2.352974,-2.568226,-2.382550,-3.103235,3.542732E+9
57.985000,-2.446304,-2.773619,-2.596816,-3.156144,3.542732E+9
57.990000,-2.459449,-2.667143,-2.709208,-3.231729,3.542732E+9
57.995000,-2.483439,-2.675688,-2.613248,-2.900142,3.542732E+9
58.000000,-2.420343,-2.644468,-2.340157,-2.853476,3.542732E+9
58.005000,-2.426258,-2.599774,-2.070024,-2.645454,3.542732E+9
58.010000,-2.281004,-2.530762,-1.985237,-2.334899,3.542732E+9
58.015000,-2.224808,-2.415413,-1.836040,-2.188659,3.542732E+9
58.020000,-2.131477,-2.343772,-1.863316,-2.033875,3.542732E+9
58.025000,-2.042419,-2.290534,-1.863316,-1.995096,3.542732E+9
58.030000,-2.042748,-2.384193,-1.813364,-1.970120,3.542732E+9
58.035000,-2.037161,-2.260629,-1.811064,-2.307294,3.542732E+9
58.040000,-2.051621,-2.224808,-1.791346,-2.006598,3.542732E+9
58.045000,-1.965191,-2.128191,-1.838012,-2.028288,3.542732E+9
58.050000,-1.967820,-2.023030,-1.881719,-2.039461,3.542732E+9
58.055000,-1.939887,-1.964862,-2.017772,-2.026645,3.542732E+9
58.060000,-1.905709,-1.931999,-1.929370,-2.146923,3.542732E+9
58.065000,-1.873832,-1.907024,-1.977350,-2.123590,3.542732E+9
58.070000,-1.765385,-1.804163,-1.933643,-2.119318,3.542732E+9
58.075000,-1.747639,-1.788717,-1.829467,-2.066409,3.542732E+9
58.080000,-1.635905,-1.717076,-1.764727,-2.042748,3.542732E+9
58.085000,-1.578066,-1.564264,-1.707217,-1.833082,3.542732E+9
58.090000,-1.466989,-1.446614,-1.728249,-1.689143,3.542732E+9
58.095000,-1.445300,-1.371358,-1.637548,-1.650036,3.542732E+9
58.100000,-1.406193,-1.562292,-1.600741,-1.567878,3.542732E+9
58.105000,-1.385161,-1.352955,-1.599098,-1.905709,3.542732E+9
58.110000,-1.392719,-1.354270,-1.601727,-1.532387,3.542732E+9
58.115000,-1.415395,-1.378260,-1.645764,-1.586939,3.542732E+9
58.120000,-1.483421,-1.378260,-1.661866,-1.716419,3.542732E+9
58.125000,-1.533372,-1.408165,-1.719376,-1.746324,3.542732E+9
58.130000,-1.459431,-1.385489,-1.722663,-1.848199,3.542732E+9
58.135000,-1.496237,-1.435441,-1.784774,-1.907024,3.542732E+9
58.140000,-1.514312,-1.433798,-1.821580,-2.087441,3.542732E+9
58.145000,-1.646749,-1.440042,-1.838669,-2.012185,3.542732E+9
58.150000,-1.525814,-1.442342,-1.901437,-2.003969,3.542732E+9
58.155000,-1.510368,-1.419338,-1.811721,-1.949088,3.542732E+9
58.160000,-1.476848,-1.599427,-1.768342,-1.826181,3.542732E+9
58.165000,-1.448586,-1.357227,-1.712147,-1.893550,3.542732E+9
58.170000,-1.376616,-1.362485,-1.615858,-1.671397,3.542732E+9
58.175000,-1.370372,-1.334552,-1.597455,-1.591868,3.542732E+9
58.180000,-1.414737,-1.332580,-1.565249,-1.609614,3.542732E+9
58.185000,-1.400606,-1.339810,-1.605671,-1.559991,3.542732E+9
58.190000,-1.371030,-1.336195,-1.624731,-1.638862,3.542732E+9
58.195000,-1.442671,-1.368729,-1.654965,-1.686185,3.542732E+9
58.200000,-1.458445,-1.394691,-1.704260,-1.804820,3.542732E+9
58.205000,-1.608300,-1.426897,-1.814350,-1.827824,3.542732E+9
58.210000,-1.800876,-1.538959,-1.982280,-1.905381,3.542732E+9
58.215000,-2.141336,-1.797262,-2.150867,-2.039133,3.542732E+9
58.220000,-2.634938,-2.146923,-2.346072,-2.281661,3.542732E+9
58.225000,-3.001031,-2.436774,-2.715452,-2.596488,3.542732E+9
58.230000,-3.012204,-2.680288,-3.022720,-3.109807,3.542732E+9
58.235000,-2.914930,-2.429873,-3.228114,-3.383227,3.542732E+9
58.240000,-2.908029,-2.330955,-3.156144,-3.593222,3.542732E+9
58.245000,-2.816341,-2.386494,-3.102577,-3.466699,3.542732E+9
58.250000,-2.690805,-2.301707,-2.887325,-3.354308,3.542732E+9
58.255000,-2.660571,-2.252084,-2.603389,-2.849861,3.542732E+9
58.260000,-2.556066,-2.102887,-2.412455,-2.476538,3.542732E+9
58.265000,-2.533391,-2.096971,-2.293163,-2.141665,3.542732E+9
58.270000,-2.385836,-2.127862,-2.246498,-1.938572,3.542732E+9
58.275000,-2.577756,-2.188659,-2.062465,-1.868245,3.542732E+9
58.280000,-2.549165,-2.595502,-2.139693,-1.797262,3.542732E+9
58.285000,-2.473580,-2.041104,-2.137393,-1.890921,3.542732E+9
58.290000,-2.477195,-2.047677,-2.189973,-1.995754,3.542732E+9
58.295000,-2.504800,-2.081526,-2.319453,-2.308280,3.542732E+9
58.300000,-2.728597,-2.125233,-2.457478,-2.640853,3.542732E+9
58.305000,-2.747657,-2.238939,-2.779863,-2.805825,3.542732E+9
58.310000,-2.900799,-2.355931,-2.749301,-2.968168,3.542732E+9
58.315000,-2.901127,-2.424286,-2.820942,-2.885353,3.542732E+9
58.320000,-2.923146,-2.444332,-2.692119,-2.763760,3.542732E+9
58.325000,-2.842631,-2.458135,-2.458464,-2.462078,3.542732E+9
58.330000,-2.753244,-2.301379,-2.230723,-2.696063,3.542732E+9
58.335000,-2.641181,-2.275088,-2.065752,-2.064108,3.542732E+9
58.340000,-2.489026,-2.193260,-2.028616,-1.943502,3.542732E+9
58.345000,-2.570526,-2.085141,-1.992796,-1.812050,3.542732E+9
58.350000,-2.368090,-2.045705,-2.097957,-1.790360,3.542732E+9
58.355000,-2.326355,-2.062794,-1.922798,-1.844913,3.542732E+9
58.360000,-2.309594,-2.059508,-1.947116,-1.875147,3.542732E+9
58.365000,-2.247155,-1.974393,-1.939229,-1.921483,3.542732E+9
58.370000,-2.190959,-2.008570,-1.946788,-1.922469,3.542732E+9
58.375000,-2.079883,-1.864302,-1.976036,-2.167627,3.542732E+9
58.380000,-2.036175,-1.794304,-1.927399,-2.062794,3.542732E+9
58.385000,-1.958290,-1.777872,-1.948760,-2.088098,3.542732E+9
58.390000,-1.959604,-1.725949,-1.922798,-2.099929,3.542732E+9
58.395000,-1.837683,-1.694072,-1.961905,-1.977350,3.542732E+9
58.400000,-1.789703,-1.624731,-1.838012,-1.924112,3.542732E+9
58.405000,-1.653322,-1.658580,-1.760784,-1.796933,3.542732E+9
58.410000,-1.512340,-1.456473,-1.678626,-1.886320,3.542732E+9
58.415000,-1.419995,-1.396006,-1.606985,-1.657266,3.542732E+9
58.420000,-1.364457,-1.318778,-1.593183,-1.634919,3.542732E+9
58.425000,-1.402249,-1.295445,-1.588253,-1.600413,3.542732E+9
58.430000,-1.366100,-1.327651,-1.659895,-1.596141,3.542732E+9
58.435000,-1.414080,-1.355584,-1.663181,-1.624403,3.542732E+9
58.440000,-1.497552,-1.431826,-1.679941,-1.706560,3.542732E+9
58.445000,-1.476848,-1.420324,-1.729235,-1.838997,3.542732E+9
58.450000,-1.565249,-1.410465,-1.705245,-1.699001,3.542732E+9
58.455000,-1.489008,-1.405536,-1.808764,-1.840641,3.542732E+9
58.460000,-1.501167,-1.410794,-1.739751,-1.918197,3.542732E+9
58.465000,-1.496895,-1.509054,-1.767028,-1.884677,3.542732E+9
58.470000,-1.469618,-1.397977,-1.796276,-2.089741,3.542732E+9
58.475000,-1.460745,-1.418352,-1.797919,-1.903080,3.542732E+9
58.480000,-1.451544,-1.406193,-1.766370,-1.911953,3.542732E+9
58.485000,-1.478820,-1.362814,-1.753883,-1.825195,3.542732E+9
58.490000,-1.418024,-1.361500,-1.742381,-1.743695,3.542732E+9
58.495000,-1.391405,-1.336195,-1.660552,-1.696701,3.542732E+9
58.500000,-1.408493,-1.374645,-1.592526,-1.673368,3.542732E+9
58.505000,-1.395348,-1.376945,-1.592854,-1.653979,3.542732E+9
58.510000,-1.437084,-1.379574,-1.592854,-1.682899,3.542732E+9
58.515000,-1.481120,-1.453844,-1.682241,-1.698016,3.542732E+9
58.520000,-1.505439,-1.524171,-1.702288,-1.803177,3.542732E+9
58.525000,-1.605999,-1.700316,-1.776887,-1.966177,3.542732E+9
58.530000,-1.799233,-2.060165,-1.860358,-2.335885,3.542732E+9
58.535000,-2.303350,-2.644796,-2.086127,-2.594845,3.542732E+9
58.540000,-2.631980,-2.788736,-2.536349,-2.975398,3.542732E+9
58.545000,-2.623435,-2.698692,-2.846575,-3.302056,3.542732E+9
58.550000,-2.460435,-2.844932,-2.940563,-3.618526,3.542732E+9
58.555000,-2.245183,-2.517945,-2.808782,-3.973447,3.542732E+9
58.560000,-2.273445,-2.522546,-2.612262,-3.675379,3.542732E+9
58.565000,-2.372691,-2.507429,-2.448276,-3.266564,3.542732E+9
58.570000,-2.348044,-2.502171,-2.295792,-2.834416,3.542732E+9
58.575000,-2.158096,-2.491655,-2.172556,-2.412127,3.542732E+9
58.580000,-2.139036,-2.374663,-2.069695,-2.259314,3.542732E+9
58.585000,-2.118989,-2.461750,-1.917868,-2.129834,3.542732E+9
58.590000,-2.098286,-2.460435,-1.860687,-2.292177,3.542732E+9
58.595000,-2.050306,-2.467008,-1.889278,-2.179786,3.542732E+9
58.600000,-2.103215,-2.458464,-1.926413,-2.379592,3.542732E+9
58.605000,-2.110117,-2.388465,-2.017443,-2.527147,3.542732E+9
58.610000,-2.193260,-2.489683,-2.230066,-2.761460,3.542732E+9
58.615000,-2.374006,-2.668458,-2.354288,-2.995773,3.542732E+9
58.620000,-2.559024,-2.767375,-2.518931,-3.125581,3.542732E+9
58.625000,-2.572498,-2.817655,-2.596816,-3.075630,3.542732E+9
58.630000,-2.529776,-2.900799,-2.542921,-2.938591,3.542732E+9
58.635000,-2.467994,-2.772962,-2.342457,-2.844603,3.542732E+9
58.640000,-2.470951,-2.762774,-2.078239,-2.581042,3.542732E+9
58.645000,-2.357903,-2.664514,-1.906695,-2.408840,3.542732E+9
58.650000,-2.327340,-2.546865,-1.844584,-2.242883,3.542732E+9
58.655000,-2.173871,-2.450576,-1.898479,-2.048006,3.542732E+9
58.660000,-2.121619,-2.363818,-1.858058,-2.081854,3.542732E+9
58.665000,-2.029602,-2.314853,-1.858715,-2.009556,3.542732E+9
58.670000,-2.038804,-2.278046,-1.857729,-2.066080,3.542732E+9
58.675000,-2.036832,-2.294478,-1.826181,-2.032231,3.542732E+9
58.680000,-2.018100,-2.174528,-1.835383,-2.155139,3.542732E+9
58.685000,-1.943502,-2.070352,-1.843598,-2.013828,3.542732E+9
58.690000,-1.870217,-2.017114,-1.861673,-2.036504,3.542732E+9
58.695000,-1.838997,-1.916554,-1.853786,-2.041762,3.542732E+9
58.700000,-1.714776,-1.843598,-1.904395,-2.035846,3.542732E+9
58.705000,-1.723649,-1.779844,-1.780830,-2.024344,3.542732E+9
58.710000,-1.652665,-1.850828,-1.806463,-1.931014,3.542732E+9
58.715000,-1.589897,-1.615858,-1.759798,-1.953032,3.542732E+9
58.720000,-1.525157,-1.561306,-1.701302,-1.838340,3.542732E+9
58.725000,-1.413423,-1.445300,-1.694729,-1.742052,3.542732E+9
58.730000,-1.446943,-1.334881,-1.629003,-1.718719,3.542732E+9
58.735000,-1.379903,-1.335209,-1.618487,-1.652665,3.542732E+9
58.740000,-1.384504,-1.345068,-1.638205,-1.652993,3.542732E+9
58.745000,-1.410137,-1.357885,-1.626703,-1.621774,3.542732E+9
58.750000,-1.437741,-1.394034,-1.674354,-1.685199,3.542732E+9
58.755000,-1.484735,-1.404550,-1.660223,-1.684542,3.542732E+9
58.760000,-1.474548,-1.413752,-1.738766,-1.743366,3.542732E+9
58.765000,-1.443328,-1.396334,-1.696701,-1.774915,3.542732E+9
58.770000,-1.448258,-1.565578,-1.761770,-1.817965,3.542732E+9
58.775000,-1.461403,-1.376945,-1.779516,-1.979322,3.542732E+9
58.780000,-1.499195,-1.409151,-1.792003,-1.950403,3.542732E+9
58.785000,-1.447600,-1.388118,-1.796276,-1.979651,3.542732E+9
58.790000,-1.516284,-1.388118,-1.786088,-2.022044,3.542732E+9
58.795000,-1.449572,-1.385818,-1.780501,-1.892564,3.542732E+9
58.800000,-1.456802,-1.359199,-1.745010,-1.824209,3.542732E+9
58.805000,-1.430840,-1.359528,-1.642806,-1.732193,3.542732E+9
58.810000,-1.390419,-1.433141,-1.618816,-1.701959,3.542732E+9
58.815000,-1.388776,-1.345725,-1.575766,-1.591540,3.542732E+9
58.820000,-1.437741,-1.355256,-1.648393,-1.565249,3.542732E+9
58.825000,-1.373330,-1.359528,-1.643463,-1.586282,3.542732E+9
58.830000,-1.460745,-1.424925,-1.649378,-1.606985,3.542732E+9
58.835000,-1.483092,-1.388776,-1.722663,-1.735151,3.542732E+9
58.840000,-1.618816,-1.428211,-1.836368,-1.938243,3.542732E+9
58.845000,-1.783131,-1.562949,-1.982937,-1.910967,3.542732E+9
58.850000,-2.237625,-1.816322,-2.169270,-2.136735,3.542732E+9
58.855000,-2.877795,-2.367433,-2.444990,-2.378607,3.542732E+9
58.860000,-3.022063,-2.711837,-2.809768,-2.794980,3.542732E+9
58.865000,-2.898170,-2.599774,-3.004317,-3.089104,3.542732E+9
58.870000,-2.916902,-2.397338,-2.868264,-3.329989,3.542732E+9
58.875000,-2.766389,-2.246826,-2.982299,-3.322431,3.542732E+9
58.880000,-2.723339,-2.297435,-2.851833,-3.209382,3.542732E+9
58.885000,-2.665829,-2.411141,-2.609633,-2.933004,3.542732E+9
58.890000,-2.661556,-2.292177,-2.441046,-2.525504,3.542732E+9
58.895000,-2.586629,-2.195889,-2.361189,-2.236639,3.542732E+9
58.900000,-2.630008,-2.117675,-2.258000,-2.166969,3.542732E+9
58.905000,-2.513673,-2.195889,-2.219550,-1.995096,3.542732E+9
58.910000,-2.658270,-2.263586,-2.215935,-1.951717,3.542732E+9
58.915000,-2.623764,-2.169598,-2.204762,-1.943173,3.542732E+9
58.920000,-2.625736,-2.146923,-2.249784,-2.088427,3.542732E+9
58.925000,-2.605689,-2.180115,-2.277389,-2.232038,3.542732E+9
58.930000,-2.696391,-2.247155,-2.355931,-2.533062,3.542732E+9
58.935000,-2.804510,-2.370062,-2.531748,-2.621792,3.542732E+9
58.940000,-2.968496,-2.485083,-3.001359,-2.828500,3.542732E+9
58.945000,-2.956994,-2.514002,-2.674702,-2.850847,3.542732E+9
58.950000,-2.976712,-2.588272,-2.693105,-2.715123,3.542732E+9
58.955000,-2.900799,-2.542921,-2.543250,-2.536020,3.542732E+9
58.960000,-2.909343,-2.520903,-2.342129,-2.338185,3.542732E+9
58.965000,-2.722024,-2.399639,-2.164012,-2.275417,3.542732E+9
58.970000,-2.616534,-2.344429,-2.032889,-2.038475,3.542732E+9
58.975000,-2.511373,-2.265887,-1.981951,-1.987209,3.542732E+9
58.980000,-2.563625,-2.200490,-1.979979,-1.987866,3.542732E+9
58.985000,-2.351988,-2.149552,-1.992796,-1.861673,3.542732E+9
58.990000,-2.375649,-2.135750,-1.897493,-1.912610,3.542732E+9
58.995000,-2.262272,-2.108802,-1.862001,-1.885663,3.542732E+9
59.000000,-2.254713,-2.027959,-1.870874,-1.879090,3.542732E+9
59.005000,-2.102229,-1.907352,-1.862330,-1.867260,3.542732E+9
59.010000,-1.983266,-1.694401,-1.878104,-1.941858,3.542732E+9
59.015000,-1.924112,-1.742052,-1.888620,-1.943173,3.542732E+9
59.020000,-1.895850,-1.705574,-2.018100,-2.021387,3.542732E+9
59.025000,-1.792989,-1.662852,-1.871860,-2.026316,3.542732E+9
59.030000,-1.742709,-1.614872,-1.867588,-1.949088,3.542732E+9
59.035000,-1.662524,-1.550133,-1.782802,-1.899465,3.542732E+9
59.040000,-1.604028,-1.499852,-1.699330,-1.821909,3.542732E+9
59.045000,-1.437084,-1.403235,-1.622431,-1.760784,3.542732E+9
59.050000,-1.450887,-1.321735,-1.581352,-1.729564,3.542732E+9
59.055000,-1.341125,-1.297417,-1.597784,-1.584310,3.542732E+9
59.060000,-1.395020,-1.312534,-1.599756,-1.536659,3.542732E+9
59.065000,-1.377274,-1.342110,-1.598112,-1.583653,3.542732E+9
59.070000,-1.411122,-1.376288,-1.667782,-1.643463,3.542732E+9
59.075000,-1.370372,-1.353941,-1.685199,-1.660552,3.542732E+9
59.080000,-1.469290,-1.394691,-1.855429,-1.776887,3.542732E+9
59.085000,-1.425582,-1.390747,-1.705245,-1.880733,3.542732E+9
59.090000,-1.472247,-1.427225,-1.725620,-1.908338,3.542732E+9
59.095000,-1.488350,-1.396663,-1.793647,-2.001012,3.542732E+9
59.100000,-1.515298,-1.455816,-1.828153,-1.976693,3.542732E+9
59.105000,-1.482106,-1.420324,-1.802848,-1.947774,3.542732E+9
59.110000,-1.521542,-1.407508,-1.767685,-1.942844,3.542732E+9
59.115000,-1.414737,-1.383189,-1.712475,-1.831768,3.542732E+9
59.120000,-1.438399,-1.362157,-1.749610,-1.732522,3.542732E+9
59.125000,-1.390747,-1.335866,-1.658909,-1.639848,3.542732E+9
59.130000,-1.361828,-1.367415,-1.622760,-1.625389,3.542732E+9
59.135000,-1.346054,-1.322393,-1.562620,-1.605014,3.542732E+9
59.140000,-1.499195,-1.341453,-1.625389,-1.621445,3.542732E+9
59.145000,-1.355584,-1.348026,-1.612572,-1.662524,3.542732E+9
59.150000,-1.436098,-1.410465,-1.649050,-1.734822,3.542732E+9
59.155000,-1.453187,-1.411451,-1.698673,-1.835383,3.542732E+9
59.160000,-1.515626,-1.466004,-1.742381,-1.943173,3.542732E+9
59.165000,-1.494923,-1.530743,-1.774586,-1.989181,3.542732E+9
59.170000,-1.650036,-1.740080,-1.738766,-2.147252,3.542732E+9
59.175000,-1.769985,-2.165655,-1.865616,-2.418371,3.542732E+9
59.180000,-2.311238,-2.900142,-2.029602,-2.882724,3.542732E+9
59.185000,-2.721038,-2.964224,-2.443675,-3.112108,3.542732E+9
59.190000,-2.699678,-2.861363,-2.992158,-3.387499,3.542732E+9
59.195000,-2.428230,-2.821928,-2.962581,-3.649417,3.542732E+9
59.200000,-2.155467,-2.614891,-2.734841,-3.881102,3.542732E+9
59.205000,-2.211992,-2.470951,-2.585972,-3.795000,3.542732E+9
59.210000,-2.285276,-2.520903,-2.465693,-3.291539,3.542732E+9
59.215000,-2.187344,-2.455177,-2.306965,-2.804182,3.542732E+9
59.220000,-2.312881,-2.533720,-2.204104,-2.564611,3.542732E+9
59.225000,-2.044391,-2.424286,-2.033217,-2.315510,3.542732E+9
59.230000,-2.078897,-2.427244,-1.894207,-2.219550,3.542732E+9
59.235000,-2.065423,-2.536677,-1.860358,-2.203776,3.542732E+9
59.240000,-2.119318,-2.535034,-1.915897,-2.559353,3.542732E+9
59.245000,-2.088427,-2.536349,-1.912939,-2.397338,3.542732E+9
59.250000,-2.131806,-2.589258,-2.015471,-2.641510,3.542732E+9
59.255000,-2.152838,-2.524189,-2.171570,-2.780192,3.542732E+9
59.260000,-2.377292,-2.739113,-2.982299,-3.119666,3.542732E+9
59.265000,-2.495927,-2.829158,-2.584329,-3.228771,3.542732E+9
59.270000,-2.537335,-2.841974,-2.683903,-3.155158,3.542732E+9
59.275000,-2.499542,-2.800567,-2.573812,-3.036523,3.542732E+9
59.280000,-2.538320,-3.118023,-2.334242,-2.845589,3.542732E+9
59.285000,-2.396024,-2.785450,-2.059179,-2.552452,3.542732E+9
59.290000,-2.393066,-2.776905,-1.863645,-2.306965,3.542732E+9
59.295000,-2.213963,-2.566254,-1.768014,-2.133778,3.542732E+9
59.300000,-2.395367,-2.431516,-1.783131,-2.297107,3.542732E+9
59.305000,-1.956975,-2.318796,-1.781487,-1.951060,3.542732E+9
59.310000,-2.011528,-2.269830,-1.828481,-1.978008,3.542732E+9
59.315000,-1.969135,-2.229409,-1.834068,-1.975379,3.542732E+9
59.320000,-2.000354,-2.156453,-1.854772,-2.058522,3.542732E+9
59.325000,-1.908010,-2.099929,-1.799562,-2.058522,3.542732E+9
59.330000,-1.869231,-2.013828,-1.829796,-2.131149,3.542732E+9
59.335000,-1.765385,-1.846556,-1.868245,-2.032231,3.542732E+9
59.340000,-1.795947,-1.841298,-1.883362,-2.085141,3.542732E+9
59.345000,-1.677969,-1.760126,-1.824209,-2.069038,3.542732E+9
59.350000,-1.876790,-1.706889,-1.851485,-2.037489,3.542732E+9
59.355000,-1.589897,-1.621774,-1.752897,-1.942516,3.542732E+9
59.360000,-1.577080,-1.658251,-1.773600,-1.807778,3.542732E+9
59.365000,-1.463046,-1.491308,-1.698673,-1.703274,3.542732E+9
59.370000,-1.512997,-1.423610,-1.625717,-1.673697,3.542732E+9
59.375000,-1.291502,-1.309248,-1.585624,-1.631961,3.542732E+9
59.380000,-1.380889,-1.298074,-1.607643,-1.621774,3.542732E+9
59.385000,-1.312862,-1.293802,-1.613229,-1.617501,3.542732E+9
59.390000,-1.359856,-1.341782,-1.688814,-1.651679,3.542732E+9
59.395000,-1.402249,-1.366429,-1.659566,-1.713461,3.542732E+9
59.400000,-1.497223,-1.449572,-1.726935,-1.815008,3.542732E+9
59.405000,-1.454830,-1.425254,-1.708860,-1.805477,3.542732E+9
59.410000,-1.484735,-1.449572,-1.776887,-1.821251,3.542732E+9
59.415000,-1.456145,-1.405536,-1.735479,-1.866931,3.542732E+9
59.420000,-1.509054,-1.475862,-1.775572,-1.877776,3.542732E+9
59.425000,-1.452530,-1.381874,-1.771628,-1.894536,3.542732E+9
59.430000,-1.625389,-1.413423,-1.814350,-1.698344,3.542732E+9
59.435000,-1.437084,-1.390090,-1.758483,-1.874161,3.542732E+9
59.440000,-1.471590,-1.358870,-1.756840,-1.856743,3.542732E+9
59.445000,-1.405207,-1.334881,-1.691114,-1.804491,3.542732E+9
59.450000,-1.380231,-1.365443,-1.673368,-1.812707,3.542732E+9
59.455000,-1.392062,-1.323050,-1.607971,-1.645435,3.542732E+9
59.460000,-1.426568,-1.364129,-1.828810,-1.653322,3.542732E+9
59.465000,-1.374645,-1.351969,-1.547175,-1.643463,3.542732E+9
59.470000,-1.448915,-1.360185,-1.632947,-1.615530,3.542732E+9
59.475000,-1.429526,-1.368729,-1.662524,-1.658909,3.542732E+9
59.480000,-1.511683,-1.427225,-1.738437,-1.722006,3.542732E+9
59.485000,-1.562949,-1.483749,-1.811393,-1.831768,3.542732E+9
59.490000,-1.838669,-1.643792,-1.946459,-1.982937,3.542732E+9
59.495000,-2.163683,-1.956975,-2.123590,-2.201475,3.542732E+9
59.500000,-2.739442,-2.368419,-2.498228,-2.535691,3.542732E+9
59.505000,-2.900799,-2.736155,-2.831129,-2.978684,3.542732E+9
59.510000,-2.904414,-2.805168,-3.138069,-3.532754,3.542732E+9
59.515000,-2.857420,-2.534706,-3.219241,-3.793029,3.542732E+9
59.520000,-2.838688,-2.530762,-3.246846,-3.850210,3.542732E+9
59.525000,-2.768690,-2.523204,-3.025021,-3.691811,3.542732E+9
59.530000,-2.674044,-2.574798,-2.772962,-3.311257,3.542732E+9
59.535000,-2.518603,-2.276074,-2.527804,-2.853476,3.542732E+9
59.540000,-2.465693,-2.187673,-2.400625,-2.393066,3.542732E+9
59.545000,-2.313209,-2.118989,-2.201475,-2.098286,3.542732E+9
59.550000,-2.430530,-2.168284,-2.058193,-2.054250,3.542732E+9
59.555000,-2.363818,-2.218236,-2.033546,-1.918526,3.542732E+9
59.560000,-2.393724,-2.152510,-2.075939,-1.862330,3.542732E+9
59.565000,-2.315838,-2.073310,-2.093028,-1.929370,3.542732E+9
59.570000,-2.404240,-2.108473,-2.200161,-2.182086,3.542732E+9
59.575000,-2.407855,-2.118004,-2.261943,-2.488369,3.542732E+9
59.580000,-2.502171,-2.194903,-2.436774,-2.916244,3.542732E+9
59.585000,-2.614562,-2.296449,-2.590244,-2.973426,3.542732E+9
59.590000,-2.741413,-2.424286,-2.712823,-3.036194,3.542732E+9
59.595000,-2.707893,-2.436774,-2.696063,-2.859063,3.542732E+9
59.600000,-2.782492,-2.445647,-2.661556,-2.629022,3.542732E+9
59.605000,-2.650054,-2.390109,-2.324054,-2.438417,3.542732E+9
59.610000,-2.581042,-2.316167,-2.127205,-2.266873,3.542732E+9
59.615000,-2.393066,-2.228423,-2.006598,-2.081854,3.542732E+9
59.620000,-2.330298,-2.240254,-2.010870,-1.958947,3.542732E+9
59.625000,-2.227109,-2.073639,-1.924112,-1.928056,3.542732E+9
59.630000,-2.287248,-2.111102,-1.884677,-1.949417,3.542732E+9
59.635000,-2.183072,-2.100258,-1.876790,-1.939229,3.542732E+9
59.640000,-2.325369,-2.038804,-1.892893,-2.024344,3.542732E+9
59.645000,-2.172885,-1.992139,-1.882376,-1.948760,3.542732E+9
59.650000,-2.124576,-1.950403,-1.904395,-1.988852,3.542732E+9
59.655000,-1.992796,-1.839983,-1.912939,-1.985895,3.542732E+9
59.660000,-2.054578,-1.800876,-1.997725,-2.030917,3.542732E+9
59.665000,-1.917540,-1.772286,-1.932657,-2.041104,3.542732E+9
59.670000,-1.903080,-1.753554,-1.938901,-2.119975,3.542732E+9
59.675000,-1.802848,-1.691114,-1.859044,-2.026973,3.542732E+9
59.680000,-1.771300,-1.639848,-2.067723,-1.952375,3.542732E+9
59.685000,-1.608300,-1.536001,-1.731207,-1.863973,3.542732E+9
59.690000,-1.615530,-1.478820,-1.728907,-1.781816,3.542732E+9
59.695000,-1.442671,-1.381546,-1.644120,-1.706560,3.542732E+9
59.700000,-1.426568,-1.388118,-1.599098,-1.645106,3.542732E+9
59.705000,-1.374973,-1.335538,-1.574122,-1.615201,3.542732E+9
59.710000,-1.611258,-1.357227,-1.622431,-1.558020,3.542732E+9
59.715000,-1.381217,-1.332580,-1.623745,-1.574122,3.542732E+9
59.720000,-1.496237,-1.378588,-1.656937,-1.675340,3.542732E+9
59.725000,-1.416709,-1.413423,-1.642149,-1.731207,3.542732E+9
59.730000,-1.444971,-1.392391,-1.741066,-1.864631,3.542732E+9
59.735000,-1.438070,-1.354270,-1.735151,-1.845899,3.542732E+9
59.740000,-1.458445,-1.423610,-1.795618,-1.974393,3.542732E+9
59.745000,-1.466661,-1.410794,-1.774586,-2.002655,3.542732E+9
59.750000,-1.679284,-1.420324,-1.856743,-2.009227,3.542732E+9
59.755000,-1.452530,-1.398963,-1.798576,-1.976364,3.542732E+9
59.760000,-1.533044,-1.421639,-1.802520,-1.901437,3.542732E+9
59.765000,-1.442342,-1.378917,-1.748296,-1.800219,3.542732E+9
59.770000,-1.502153,-1.370372,-1.654965,-1.991810,3.542732E+9
59.775000,-1.373002,-1.339810,-1.576423,-1.638534,3.542732E+9
59.780000,-1.403235,-1.327322,-1.591540,-1.592197,3.542732E+9
59.785000,-1.349012,-1.349669,-1.553747,-1.546189,3.542732E+9
59.790000,-1.379574,-1.333566,-1.580695,-1.670739,3.542732E+9
59.795000,-1.381874,-1.363471,-1.618816,-1.666467,3.542732E+9
59.800000,-1.450229,-1.421310,-1.838340,-1.717076,3.542732E+9
59.805000,-1.492294,-1.475534,-1.761770,-1.860687,3.542732E+9
59.810000,-1.704917,-1.698344,-1.866602,-2.053921,3.542732E+9
59.815000,-1.938901,-2.074953,-1.962891,-2.312552,3.542732E+9
59.820000,-2.378607,-2.625079,-2.195889,-2.587286,3.542732E+9
59.825000,-2.708551,-2.805168,-2.540621,-2.910986,3.542732E+9
59.830000,-2.864650,-2.777891,-2.929061,-3.305999,3.542732E+9
59.835000,-2.594187,-2.645454,-3.016805,-3.550500,3.542732E+9
59.840000,-2.434145,-2.557710,-2.934976,-3.705613,3.542732E+9
59.845000,-2.384851,-2.485740,-2.726296,-3.656976,3.542732E+9
59.850000,-2.464707,-2.477853,-2.572827,-3.380269,3.542732E+9
59.855000,-2.313867,-2.400625,-2.367105,-2.853805,3.542732E+9
59.860000,-2.274102,-2.371048,-2.304665,-2.448276,3.542732E+9
59.865000,-2.139036,-2.301050,-2.094671,-2.249784,3.542732E+9
59.870000,-2.178800,-2.291520,-1.991153,-2.096643,3.542732E+9
59.875000,-2.116360,-2.311238,-1.914911,-2.037161,3.542732E+9
59.880000,-2.140022,-2.370062,-1.918854,-2.039133,3.542732E+9
59.885000,-2.089741,-2.265887,-1.890921,-2.120304,3.542732E+9
59.890000,-1.988852,-2.247155,-1.945473,-2.281990,3.542732E+9
59.895000,-2.143308,-2.287576,-2.070024,-2.497570,3.542732E+9
59.900000,-2.386165,-2.432502,-2.281990,-2.829158,3.542732E+9
59.905000,-2.438089,-2.563625,-2.455506,-2.954365,3.542732E+9
59.910000,-2.526818,-2.606675,-2.674373,-3.005303,3.542732E+9
59.915000,-2.480153,-2.581371,-2.565597,-2.906057,3.542732E+9
59.920000,-2.463722,-2.545879,-2.445976,-2.783807,3.542732E+9
59.925000,-2.372034,-2.525833,-2.205090,-2.544564,3.542732E+9
59.930000,-2.376306,-2.523861,-1.990495,-2.427244,3.542732E+9
59.935000,-2.244854,-2.408512,-1.857401,-2.174856,3.542732E+9
59.940000,-2.198189,-2.347058,-1.993453,-2.030260,3.542732E+9
59.945000,-2.042419,-2.256357,-1.830782,-1.909324,3.542732E+9
59.950000,-2.074625,-2.207062,-1.844913,-1.882705,3.542732E+9
59.955000,-2.007256,-2.168613,-1.804163,-1.881391,3.542732E+9
59.960000,-2.026645,-2.226123,-1.799562,-1.886649,3.542732E+9
59.965000,-1.947116,-2.060493,-1.771957,-1.914582,3.542732E+9
59.970000,-1.940872,-2.028616,-1.838669,-1.928056,3.542732E+9
59.975000,-1.839983,-1.880405,-1.884348,-1.969135,3.542732E+9
59.980000,-1.957304,-1.897822,-1.925098,-2.088756,3.542732E+9
59.985000,-1.813693,-1.865945,-1.923127,-2.092042,3.542732E+9
59.990000,-1.832754,-1.803177,-1.988524,-2.128191,3.542732E+9
59.995000,-1.746653,-1.754868,-1.847542,-2.073639,3.542732E+9
60.000000,-1.692100,-1.719705,-1.809749,-2.039133,3.542732E+9
60.005000,-1.583324,-1.615201,-1.709189,-1.845899,3.542732E+9
60.010000,-1.528114,-1.545203,-1.508068,-1.766042,3.542732E+9
60.015000,-1.398963,-1.421639,-1.619473,-1.645764,3.542732E+9
60.020000,-1.428211,-1.372344,-1.652993,-1.559334,3.542732E+9
60.025000,-1.360842,-1.333237,-1.590883,-1.571165,3.542732E+9
60.030000,-1.363800,-1.383189,-1.615858,-1.578395,3.542732E+9
60.035000,-1.357556,-1.356899,-1.629989,-1.605014,3.542732E+9
60.040000,-1.479477,-1.384504,-1.699659,-1.695058,3.542732E+9
60.045000,-1.417038,-1.395677,-1.675997,-1.760126,3.542732E+9
60.050000,-1.471262,-1.397977,-1.734822,-1.825852,3.542732E+9
60.055000,-1.457459,-1.390090,-1.724306,-1.903409,3.542732E+9
60.060000,-1.496237,-1.416709,-1.804491,-1.995754,3.542732E+9
60.065000,-1.479477,-1.406193,-1.795290,-1.955661,3.542732E+9
60.070000,-1.523185,-1.430512,-1.921812,-1.960919,3.542732E+9
60.075000,-1.448258,-1.407179,-1.774915,-1.918854,3.542732E+9
60.080000,-1.497223,-1.313520,-1.751582,-1.803177,3.542732E+9
60.085000,-1.394362,-1.354270,-1.712475,-1.750596,3.542732E+9
60.090000,-1.406850,-1.369715,-1.662195,-1.698673,3.542732E+9
60.095000,-1.368401,-1.321407,-1.612901,-1.637876,3.542732E+9
60.100000,-1.423610,-1.341453,-1.617501,-1.669425,3.542732E+9
60.105000,-1.383846,-1.337510,-1.584639,-1.626703,3.542732E+9
60.110000,-1.491308,-1.394034,-1.701959,-1.810407,3.542732E+9
60.115000,-1.541588,-1.417366,-1.745667,-1.733836,3.542732E+9
60.120000,-1.736465,-1.545203,-1.894536,-1.834725,3.542732E+9
60.125000,-2.087112,-1.753554,-2.052606,-1.945802,3.542732E+9
60.130000,-2.693434,-2.063780,-2.376635,-2.180772,3.542732E+9
60.135000,-3.043424,-2.473252,-2.700992,-2.565925,3.542732E+9
60.140000,-2.998730,-2.757188,-3.038166,-3.033236,3.542732E+9
60.145000,-2.873194,-2.403911,-3.183092,-3.424963,3.542732E+9
60.150000,-2.964882,-2.198846,-3.251447,-3.647774,3.542732E+9
60.155000,-2.777563,-2.154481,-3.160088,-3.395715,3.542732E+9
60.160000,-2.750615,-2.271145,-2.919859,-3.196565,3.542732E+9
60.165000,-2.681932,-2.291848,-2.613577,-2.824228,3.542732E+9
60.170000,-2.664514,-2.118332,-2.491655,-2.136078,3.542732E+9
60.175000,-2.469637,-1.964534,-2.289877,-2.037161,3.542732E+9
60.180000,-2.423629,-2.053592,-2.128848,-1.963877,3.542732E+9
60.185000,-2.406540,-2.118661,-2.043733,-1.851485,3.542732E+9
60.190000,-2.547193,-2.147252,-2.124576,-1.768999,3.542732E+9
60.195000,-2.488697,-2.036175,-2.088756,-1.766370,3.542732E+9
60.200000,-2.519260,-2.147580,-2.238282,-1.880076,3.542732E+9
60.205000,-2.474566,-2.049649,-2.335885,-2.176828,3.542732E+9
60.210000,-2.619821,-2.109459,-2.466351,-2.541607,3.542732E+9
60.215000,-2.709536,-2.230723,-2.637567,-2.800895,3.542732E+9
60.220000,-3.135769,-2.356260,-2.745686,-2.902113,3.542732E+9
60.225000,-2.831129,-2.380250,-2.732869,-2.940563,3.542732E+9
60.230000,-2.953379,-2.423300,-2.660571,-2.812726,3.542732E+9
60.235000,-2.819956,-2.386494,-2.435131,-2.497570,3.542732E+9
60.240000,-2.774276,-2.331941,-2.331284,-2.300721,3.542732E+9
60.245000,-2.591230,-2.256685,-2.056879,-2.051292,3.542732E+9
60.250000,-2.493627,-2.146594,-2.018429,-2.154153,3.542732E+9
60.255000,-2.357246,-2.058850,-1.994110,-1.766042,3.542732E+9
60.260000,-2.326026,-2.038147,-1.961905,-1.763413,3.542732E+9
60.265000,-2.221850,-2.007913,-1.872846,-1.778201,3.542732E+9
60.270000,-2.256685,-2.025330,-1.922798,-1.840969,3.542732E+9
60.275000,-2.137721,-1.985566,-1.884677,-1.874818,3.542732E+9
60.280000,-2.204433,-1.918197,-1.951389,-1.896179,3.542732E+9
60.285000,-2.032889,-1.848856,-1.922141,-1.996082,3.542732E+9
60.290000,-2.003312,-1.868245,-1.949417,-2.045705,3.542732E+9
60.295000,-1.915897,-1.755526,-1.949088,-2.047348,3.542732E+9
60.300000,-2.100586,-1.728907,-1.970778,-1.873832,3.542732E+9
60.305000,-1.836040,-1.726278,-1.909981,-1.994768,3.542732E+9
60.310000,-1.815993,-1.656937,-1.845241,-1.941201,3.542732E+9
60.315000,-1.659895,-1.566235,-1.772943,-1.835054,3.542732E+9
60.320000,-1.552762,-1.469618,-1.754540,-1.738437,3.542732E+9
60.325000,-1.403235,-1.349340,-1.617173,-1.674683,3.542732E+9
60.330000,-1.366758,-1.349669,-1.608300,-1.674354,3.542732E+9
60.335000,-1.310891,-1.295774,-1.568207,-1.599098,3.542732E+9
60.340000,-1.355913,-1.316149,-1.672054,-1.577080,3.542732E+9
60.345000,-1.358542,-1.348354,-1.610600,-1.608957,3.542732E+9
60.350000,-1.467318,-1.418681,-1.668110,-1.646749,3.542732E+9
60.355000,-1.422624,-1.371030,-1.681256,-1.715433,3.542732E+9
60.360000,-1.691443,-1.420324,-1.705574,-1.799562,3.542732E+9
60.365000,-1.460088,-1.415723,-1.707546,-1.830782,3.542732E+9
60.370000,-1.528114,-1.416052,-1.774586,-1.889935,3.542732E+9
60.375000,-1.490979,-1.410794,-1.779516,-1.908667,3.542732E+9
60.380000,-1.490651,-1.452201,-1.840969,-2.075282,3.542732E+9
60.385000,-1.466004,-1.396991,-1.795618,-1.939229,3.542732E+9
60.390000,-1.475862,-1.404879,-1.802191,-1.926084,3.542732E+9
60.395000,-1.405864,-1.363471,-1.747310,-1.885334,3.542732E+9
60.400000,-1.482764,-1.361171,-1.751582,-1.764727,3.542732E+9
60.405000,-1.374973,-1.340467,-1.653979,-1.713790,3.542732E+9
60.410000,-1.394362,-1.370701,-1.611586,-1.655622,3.542732E+9
60.415000,-1.365772,-1.345068,-1.575766,-1.595155,3.542732E+9
60.420000,-1.440370,-1.380231,-1.584310,-1.638862,3.542732E+9
60.425000,-1.390419,-1.408165,-1.577737,-1.631633,3.542732E+9
60.430000,-1.455487,-1.446286,-1.681256,-1.717405,3.542732E+9
60.435000,-1.446286,-1.540274,-1.690457,-1.858387,3.542732E+9
60.440000,-1.548818,-1.899137,-1.792332,-2.131477,3.542732E+9
60.445000,-1.670411,-2.205419,-1.816979,-2.464050,3.542732E+9
60.450000,-2.076596,-2.927418,-1.986552,-2.995773,3.542732E+9
60.455000,-2.513016,-3.158116,-2.390109,-3.407217,3.542732E+9
60.460000,-2.746014,-3.072672,-2.956337,-3.677351,3.542732E+9
60.465000,-2.357246,-2.938591,-3.072343,-3.958987,3.542732E+9
60.470000,-1.942516,-2.911972,-2.801224,-4.227478,3.542732E+9
60.475000,-2.077254,-2.715780,-2.483768,-4.133818,3.542732E+9
60.480000,-2.160725,-2.577427,-2.317153,-3.601766,3.542732E+9
60.485000,-2.095985,-2.529119,-2.150538,-2.915916,3.542732E+9
60.490000,-2.049320,-2.576770,-2.108802,-2.511701,3.542732E+9
60.495000,-1.881719,-2.460107,-1.954346,-2.238611,3.542732E+9
60.500000,-1.872846,-2.270159,-1.797262,-2.214292,3.542732E+9
60.505000,-1.835054,-2.429873,-1.702945,-2.121290,3.542732E+9
60.510000,-1.895850,-2.531419,-1.718062,-2.227766,3.542732E+9
60.515000,-1.864302,-2.478510,-1.782802,-2.381236,3.542732E+9
60.520000,-1.950731,-2.435459,-1.885334,-2.575127,3.542732E+9
60.525000,-1.926413,-2.476538,-2.001340,-2.922160,3.542732E+9
60.530000,-2.143965,-3.007932,-2.204762,-3.260320,3.542732E+9
60.535000,-2.301050,-2.837373,-2.477853,-3.310271,3.542732E+9
60.540000,-2.449591,-2.944178,-2.601089,-3.258019,3.542732E+9
60.545000,-2.363490,-2.869250,-2.556724,-3.142670,3.542732E+9
60.550000,-2.361847,-2.808454,-2.335885,-3.119995,3.542732E+9
60.555000,-2.238611,-2.754230,-2.075610,-2.623435,3.542732E+9
60.560000,-2.264572,-2.700663,-1.840641,-2.470623,3.542732E+9
60.565000,-2.094342,-2.620806,-1.731536,-2.219550,3.542732E+9
60.570000,-2.058193,-2.517617,-1.775572,-2.141336,3.542732E+9
60.575000,-1.924441,-2.372363,-1.733508,-2.043405,3.542732E+9
60.580000,-1.920497,-2.354617,-1.801205,-2.160068,3.542732E+9
60.585000,-1.894536,-2.311238,-1.759469,-2.097957,3.542732E+9
60.590000,-1.982280,-2.323397,-1.759798,-2.211334,3.542732E+9
60.595000,-1.911296,-2.239596,-1.765056,-2.112417,3.542732E+9
60.600000,-1.911953,-2.132463,-1.884020,-2.065752,3.542732E+9
60.605000,-1.818951,-2.038475,-1.874818,-2.040776,3.542732E+9
60.610000,-1.837354,-1.983266,-1.840641,-2.055235,3.542732E+9
60.615000,-1.751911,-1.899137,-1.858058,-2.096643,3.542732E+9
60.620000,-1.767356,-1.906366,-1.849842,-2.104530,3.542732E+9
60.625000,-1.634590,-1.766042,-1.800548,-2.018100,3.542732E+9
60.630000,-1.686842,-1.685528,-1.771957,-2.018758,3.542732E+9
60.635000,-1.524171,-1.584639,-1.698344,-1.869560,3.542732E+9
60.640000,-1.447929,-1.508725,-1.642477,-1.809749,3.542732E+9
60.645000,-1.373330,-1.374316,-1.607314,-1.712147,3.542732E+9
60.650000,-1.392719,-1.356899,-1.609286,-1.722663,3.542732E+9
60.655000,-1.345068,-1.349669,-1.603699,-1.610929,3.542732E+9
60.660000,-1.395677,-1.355256,-1.494923,-1.598112,3.542732E+9
60.665000,-1.402249,-1.344411,-1.615201,-1.620459,3.542732E+9
60.670000,-1.470276,-1.404879,-1.670082,-1.644778,3.542732E+9
60.675000,-1.453187,-1.397320,-1.665810,-1.694072,3.542732E+9
60.680000,-1.506096,-1.424268,-1.708532,-1.757826,3.542732E+9
60.685000,-1.411451,-1.380889,-1.699001,-1.851157,3.542732E+9
60.690000,-1.501167,-1.395348,-1.741395,-1.992467,3.542732E+9
60.695000,-1.466989,-1.402578,-1.799562,-1.962891,3.542732E+9
60.700000,-1.510368,-1.417695,-1.885991,-1.976693,3.542732E+9
60.705000,-1.471262,-1.398306,-1.788060,-1.974064,3.542732E+9
60.710000,-1.469947,-1.263897,-1.753225,-2.001998,3.542732E+9
60.715000,-1.425582,-1.365443,-1.722006,-1.815336,3.542732E+9
60.720000,-1.439713,-1.360842,-1.761441,-1.670739,3.542732E+9
60.725000,-1.390090,-1.337181,-1.612243,-1.655294,3.542732E+9
60.730000,-1.404221,-1.395677,-1.559663,-1.591868,3.542732E+9
60.735000,-1.377274,-1.341453,-1.549147,-1.576094,3.542732E+9
60.740000,-1.463374,-1.341453,-1.596469,-1.573465,3.542732E+9
60.745000,-1.380560,-1.353612,-1.620459,-1.610929,3.542732E+9
60.750000,-1.478491,-1.347040,-1.702945,-1.721348,3.542732E+9
60.755000,-1.513655,-1.377931,-1.758812,-1.792989,3.542732E+9
60.760000,-1.686842,-1.466989,-1.928385,-1.979979,3.542732E+9
60.765000,-2.032560,-1.662852,-2.095985,-2.015471,3.542732E+9
60.770000,-2.611276,-1.990495,-2.476538,-2.215606,3.542732E+9
60.775000,-3.100934,-2.385508,-2.771976,-2.501843,3.542732E+9
60.780000,-3.134783,-2.756202,-3.163045,-2.947793,3.542732E+9
60.785000,-2.997416,-2.541278,-3.279051,-3.422663,3.542732E+9
60.790000,-3.109807,-2.378607,-3.312572,-3.631343,3.542732E+9
60.795000,-2.947464,-2.305980,-3.241259,-3.566931,3.542732E+9
60.800000,-2.869908,-2.349687,-3.039809,-3.453883,3.542732E+9
60.805000,-2.673716,-2.290534,-2.705593,-3.016148,3.542732E+9
60.810000,-2.581700,-2.043405,-2.588601,-2.536349,3.542732E+9
60.815000,-2.425272,-1.903080,-2.324711,-2.166312,3.542732E+9
60.820000,-2.368419,-1.940872,-2.191945,-1.991810,3.542732E+9
60.825000,-2.399639,-2.044719,-2.092699,-1.776229,3.542732E+9
60.830000,-2.501185,-2.053921,-2.094014,-1.671397,3.542732E+9
60.835000,-2.469637,-1.936272,-2.097300,-1.596141,3.542732E+9
60.840000,-2.635266,-1.922798,-2.211334,-1.681256,3.542732E+9
60.845000,-2.410155,-1.930028,-2.189973,-2.005284,3.542732E+9
60.850000,-2.589587,-2.248141,-2.363161,-2.385836,3.542732E+9
60.855000,-2.623435,-2.106830,-2.553766,-2.701649,3.542732E+9
60.860000,-2.796952,-2.258328,-2.757188,-2.904742,3.542732E+9
60.865000,-2.849533,-2.304994,-2.801553,-2.984928,3.542732E+9
60.870000,-3.092061,-2.362175,-2.769347,-2.879109,3.542732E+9
60.875000,-2.838359,-2.328326,-2.582028,-2.647097,3.542732E+9
60.880000,-2.844274,-2.264901,-2.377292,-2.412455,3.542732E+9
60.885000,-2.642167,-2.217250,-2.158425,-2.125891,3.542732E+9
60.890000,-2.548837,-2.128848,-2.087112,-1.987209,3.542732E+9
60.895000,-2.395038,-2.083169,-2.008899,-1.802520,3.542732E+9
60.900000,-2.387151,-2.034203,-2.002655,-2.062137,3.542732E+9
60.905000,-2.300393,-2.002983,-1.883362,-1.737780,3.542732E+9
60.910000,-2.319125,-2.067395,-1.863645,-1.839983,3.542732E+9
60.915000,-2.219550,-1.973078,-1.856415,-1.809092,3.542732E+9
60.920000,-2.190302,-1.897493,-1.981951,-1.861016,3.542732E+9
60.925000,-2.091056,-1.832096,-1.919512,-1.949417,3.542732E+9
60.930000,-2.056550,-1.795618,-2.004627,-2.028945,3.542732E+9
60.935000,-1.985895,-1.746653,-2.000026,-2.077582,3.542732E+9
60.940000,-2.023358,-1.778201,-2.011528,-2.121947,3.542732E+9
60.945000,-1.928713,-1.759141,-1.961247,-2.119975,3.542732E+9
60.950000,-1.949417,-1.702945,-1.907681,-2.250770,3.542732E+9
60.955000,-1.771957,-1.631961,-1.825195,-1.894864,3.542732E+9
60.960000,-1.700973,-1.546846,-1.747639,-1.815336,3.542732E+9
60.965000,-1.525157,-1.452530,-1.622760,-1.712804,3.542732E+9
60.970000,-1.449901,-1.379574,-1.575437,-1.536330,3.542732E+9
60.975000,-1.348354,-1.303332,-1.551776,-1.532715,3.542732E+9
60.980000,-1.358542,-1.331923,-1.582995,-1.533044,3.542732E+9
60.985000,-1.337838,-1.302346,-1.580366,-1.541917,3.542732E+9
60.990000,-1.425911,-1.327979,-1.679284,-1.601399,3.542732E+9
60.995000,-1.404550,-1.353284,-1.653651,-1.686514,3.542732E+9
61.000000,-1.475205,-1.440699,-1.704917,-1.766370,3.542732E+9
61.005000,-1.427554,-1.398635,-1.722006,-1.839983,3.542732E+9
61.010000,-1.584967,-1.405864,-1.772614,-1.769328,3.542732E+9
61.015000,-1.496237,-1.426239,-1.787731,-1.976036,3.542732E+9
61.020000,-1.516284,-1.442342,-1.824209,-1.993125,3.542732E+9
61.025000,-1.499852,-1.421639,-1.817308,-1.970778,3.542732E+9
61.030000,-1.502153,-1.408493,-1.829139,-1.997068,3.542732E+9
61.035000,-1.421639,-1.368729,-1.740737,-1.844913,3.542732E+9
61.040000,-1.420981,-1.382203,-1.564921,-1.739094,3.542732E+9
61.045000,-1.363471,-1.335538,-1.667782,-1.678298,3.542732E+9
61.050000,-1.429854,-1.328308,-1.659566,-1.630318,3.542732E+9
61.055000,-1.354270,-1.322721,-1.580366,-1.626374,3.542732E+9
61.060000,-1.406522,-1.385818,-1.583981,-1.634262,3.542732E+9
61.065000,-1.402249,-1.417366,-1.607971,-1.696372,3.542732E+9
61.070000,-1.549475,-1.495580,-1.685199,-1.856743,3.542732E+9
61.075000,-1.598112,-1.668439,-1.769985,-1.943173,3.542732E+9
61.080000,-1.827495,-2.035189,-1.907681,-2.212649,3.542732E+9
61.085000,-2.277717,-2.581042,-2.049320,-2.584986,3.542732E+9
61.090000,-2.695077,-2.708879,-2.462407,-3.037180,3.542732E+9
61.095000,-2.553109,-2.656298,-2.831787,-3.207410,3.542732E+9
61.100000,-2.398653,-2.595831,-2.988871,-3.433508,3.542732E+9
61.105000,-2.111431,-2.316167,-2.742071,-3.603738,3.542732E+9
61.110000,-2.273774,-2.438089,-2.580056,-3.479187,3.542732E+9
61.115000,-2.255371,-2.422314,-2.392080,-3.090089,3.542732E+9
61.120000,-2.271802,-2.463722,-2.238611,-2.710851,3.542732E+9
61.125000,-2.204762,-2.494613,-2.099929,-2.432502,3.542732E+9
61.130000,-2.140350,-2.361189,-1.994110,-2.321425,3.542732E+9
61.135000,-2.047348,-2.393724,-1.891578,-2.182086,3.542732E+9
61.140000,-2.152838,-2.473252,-1.888620,-2.190631,3.542732E+9
61.145000,-2.058850,-2.446304,-1.869231,-2.206405,3.542732E+9
61.150000,-2.110445,-2.415084,-1.915568,-2.426915,3.542732E+9
61.155000,-2.067723,-2.385836,-1.999697,-2.457149,3.542732E+9
61.160000,-2.203119,-2.529447,-2.168941,-2.722024,3.542732E+9
61.165000,-2.330298,-2.657942,-2.308937,-2.950093,3.542732E+9
61.170000,-2.516302,-2.789722,-2.534048,-3.072015,3.542732E+9
61.175000,-2.473580,-2.778220,-2.546536,-3.044410,3.542732E+9
61.180000,-2.546536,-2.782164,-2.485083,-2.944835,3.542732E+9
61.185000,-2.428887,-2.782492,-2.285276,-2.778549,3.542732E+9
61.190000,-2.447290,-2.804839,-2.093356,-2.551794,3.542732E+9
61.195000,-2.327340,-2.651369,-1.906695,-2.324054,3.542732E+9
61.200000,-2.115375,-2.575456,-1.841626,-2.003969,3.542732E+9
61.205000,-2.149881,-2.523861,-1.827167,-2.052278,3.542732E+9
61.210000,-2.164340,-2.405883,-1.850828,-2.039461,3.542732E+9
61.215000,-2.057536,-2.357903,-1.859701,-1.971764,3.542732E+9
61.220000,-2.111760,-2.335228,-1.874818,-1.985566,3.542732E+9
61.225000,-2.016457,-2.277389,-1.812050,-2.068709,3.542732E+9
61.230000,-2.044391,-2.239268,-1.813693,-2.214949,3.542732E+9
61.235000,-1.905052,-2.100915,-1.846227,-2.057207,3.542732E+9
61.240000,-1.924441,-2.025659,-1.918854,-2.052278,3.542732E+9
61.245000,-1.849185,-1.978993,-1.902423,-2.087770,3.542732E+9
61.250000,-1.874489,-1.923127,-1.903409,-2.094671,3.542732E+9
61.255000,-1.761112,-1.830124,-1.828153,-2.065752,3.542732E+9
61.260000,-1.726606,-1.834397,-1.818622,-1.950403,3.542732E+9
61.265000,-1.614215,-1.661209,-1.768014,-1.862987,3.542732E+9
61.270000,-1.633933,-1.582010,-1.703602,-1.793975,3.542732E+9
61.275000,-1.446286,-1.470604,-1.620459,-1.728907,3.542732E+9
61.280000,-1.387461,-1.389104,-1.625060,-1.675997,3.542732E+9
61.285000,-1.335209,-1.317792,-1.604356,-1.604685,3.542732E+9
61.290000,-1.367086,-1.320750,-1.646749,-1.768014,3.542732E+9
61.295000,-1.335866,-1.343754,-1.607314,-1.638205,3.542732E+9
61.300000,-1.418681,-1.406522,-1.649050,-1.693086,3.542732E+9
61.305000,-1.432812,-1.380560,-1.670739,-1.715433,3.542732E+9
61.310000,-1.514969,-1.433798,-1.758155,-1.766042,3.542732E+9
61.315000,-1.468633,-1.405536,-1.727921,-1.807778,3.542732E+9
61.320000,-1.500838,-1.442014,-1.739094,-1.860687,3.542732E+9
61.325000,-1.455816,-1.416381,-1.748624,-1.905709,3.542732E+9
61.330000,-1.562292,-1.410794,-1.794961,-2.016457,3.542732E+9
61.335000,-1.462717,-1.403235,-1.802848,-1.919512,3.542732E+9
61.340000,-1.488679,-1.390747,-1.678298,-1.878433,3.542732E+9
61.345000,-1.412437,-1.354270,-1.742052,-1.848199,3.542732E+9
61.350000,-1.403564,-1.361500,-1.728907,-1.860030,3.542732E+9
61.355000,-1.366100,-1.346054,-1.672711,-1.697030,3.542732E+9
61.360000,-1.391076,-1.346054,-1.704917,-1.639520,3.542732E+9
61.365000,-1.361828,-1.340467,-1.577737,-1.656937,3.542732E+9
61.370000,-1.418352,-1.381874,-1.558348,-1.631633,3.542732E+9
61.375000,-1.398635,-1.358542,-1.609943,-1.609286,3.542732E+9
61.380000,-1.702945,-1.419338,-1.660223,-1.642806,3.542732E+9
61.385000,-1.466332,-1.424925,-1.693086,-1.717733,3.542732E+9
61.390000,-1.588911,-1.459431,-1.784116,-1.848856,3.542732E+9
61.395000,-1.683556,-1.559334,-1.895850,-1.936272,3.542732E+9
61.400000,-2.020401,-1.873175,-2.110117,-2.225137,3.542732E+9
61.405000,-2.591887,-2.320111,-2.325369,-2.455177,3.542732E+9
61.410000,-2.984599,-2.818641,-2.728268,-2.865307,3.542732E+9
61.415000,-2.907043,-2.880095,-3.033565,-3.333604,3.542732E+9
61.420000,-2.909343,-2.647754,-3.223184,-3.635944,3.542732E+9
61.425000,-2.756202,-2.558367,-3.100277,-3.754908,3.542732E+9
61.430000,-2.739113,-2.549165,-2.932347,-3.692139,3.542732E+9
61.435000,-2.605032,-2.534048,-2.681274,-3.378626,3.542732E+9
61.440000,-2.591230,-2.398982,-2.485083,-2.936291,3.542732E+9
61.445000,-2.389123,-2.236967,-2.338514,-2.379921,3.542732E+9
61.450000,-2.354288,-2.140022,-2.190302,-2.120633,3.542732E+9
61.455000,-2.271802,-2.155139,-2.029931,-1.992139,3.542732E+9
61.460000,-2.365790,-2.293820,-2.021715,-1.906038,3.542732E+9
61.465000,-2.294478,-2.213306,-2.013171,-1.830453,3.542732E+9
61.470000,-2.356917,-2.291191,-2.066080,-1.948431,3.542732E+9
61.475000,-2.290863,-2.152510,-2.083826,-2.101572,3.542732E+9
61.480000,-2.365790,-2.190631,-2.452220,-2.396353,3.542732E+9
61.485000,-2.432830,-2.272459,-2.325697,-2.739442,3.542732E+9
61.490000,-2.688175,-2.420014,-2.582685,-2.983942,3.542732E+9
61.495000,-2.679302,-2.503486,-2.670101,-3.013519,3.542732E+9
61.500000,-2.753901,-2.671415,-2.700006,-2.907700,3.542732E+9
61.505000,-2.741742,-2.576113,-2.565268,-2.737470,3.542732E+9
61.510000,-2.780520,-2.572827,-2.348044,-2.532734,3.542732E+9
61.515000,-2.565925,-2.435131,-2.128520,-2.300064,3.542732E+9
61.520000,-2.588601,-2.346072,-1.985237,-2.172885,3.542732E+9
61.525000,-2.262600,-2.225465,-1.905709,-1.971106,3.542732E+9
61.530000,-2.261615,-2.180443,-1.866274,-1.974393,3.542732E+9
61.535000,-2.169927,-2.142651,-1.857729,-1.903737,3.542732E+9
61.540000,-2.201147,-2.151524,-1.918197,-1.890592,3.542732E+9
61.545000,-2.160068,-2.075610,-1.834725,-1.934300,3.542732E+9
61.550000,-2.180115,-2.065423,-1.825852,-2.072653,3.542732E+9
61.555000,-2.035846,-1.989510,-1.825195,-1.973078,3.542732E+9
61.560000,-2.013171,-1.890264,-1.901766,-1.994110,3.542732E+9
61.565000,-1.961905,-1.842612,-1.925427,-1.983923,3.542732E+9
61.570000,-2.120633,-1.813693,-1.954018,-2.018429,3.542732E+9
61.575000,-1.852800,-1.748624,-1.888292,-2.050635,3.542732E+9
61.580000,-1.794961,-1.751911,-1.859701,-2.001998,3.542732E+9
61.585000,-1.679284,-1.632618,-1.815665,-1.926413,3.542732E+9
61.590000,-1.657594,-1.558677,-1.778201,-1.877776,3.542732E+9
61.595000,-1.502153,-1.460745,-1.677969,-1.799562,3.542732E+9
61.600000,-1.461403,-1.383189,-1.608628,-1.770643,3.542732E+9
61.605000,-1.355913,-1.320092,-1.557034,-1.684542,3.542732E+9
61.610000,-1.396006,-1.314506,-1.633604,-1.619145,3.542732E+9
61.615000,-1.364457,-1.312205,-1.603042,-1.544546,3.542732E+9
61.620000,-1.393377,-1.354270,-1.615201,-1.582338,3.542732E+9
61.625000,-1.412108,-1.378588,-1.623088,-1.625060,3.542732E+9
61.630000,-1.454501,-1.399620,-1.723649,-1.675669,3.542732E+9
61.635000,-1.420981,-1.393705,-1.693743,-1.755526,3.542732E+9
61.640000,-1.472576,-1.410137,-1.743695,-1.834068,3.542732E+9
61.645000,-1.432155,-1.396991,-1.751911,-1.929042,3.542732E+9
61.650000,-1.704260,-1.428868,-1.797262,-1.997725,3.542732E+9
61.655000,-1.476848,-1.404221,-1.814679,-2.024673,3.542732E+9
61.660000,-1.508068,-1.413094,-1.831439,-2.014814,3.542732E+9
61.665000,-1.467318,-1.378260,-1.776887,-1.947445,3.542732E+9
61.670000,-1.462389,-1.373659,-1.760784,-2.095000,3.542732E+9
61.675000,-1.396991,-1.366100,-1.677969,-1.764399,3.542732E+9
61.680000,-1.414409,-1.373330,-1.656937,-1.628018,3.542732E+9
61.685000,-1.370372,-1.337838,-1.599098,-1.587268,3.542732E+9
61.690000,-1.401264,-1.343096,-1.592197,-1.556048,3.542732E+9
61.695000,-1.359528,-1.337181,-1.551776,-1.585953,3.542732E+9
61.700000,-1.394362,-1.388118,-1.607643,-1.624403,3.542732E+9
61.705000,-1.406193,-1.393048,-1.646421,-1.703274,3.542732E+9
61.710000,-1.534030,-1.464360,-1.723320,-1.926084,3.542732E+9
61.715000,-1.532387,-1.587596,-1.775572,-2.021715,3.542732E+9
61.720000,-1.751253,-1.887635,-1.938572,-2.261615,3.542732E+9
61.725000,-2.047348,-2.416728,-2.029602,-2.585314,3.542732E+9
61.730000,-2.602403,-2.911972,-2.333584,-3.054926,3.542732E+9
61.735000,-2.800895,-2.883381,-2.773619,-3.231729,3.542732E+9
61.740000,-2.589587,-2.748972,-3.100606,-3.469328,3.542732E+9
61.745000,-2.335885,-2.648083,-2.913287,-3.690496,3.542732E+9
61.750000,-2.291191,-2.582028,-2.670429,-3.745706,3.542732E+9
61.755000,-2.259643,-2.437760,-2.473580,-3.432850,3.542732E+9
61.760000,-2.218564,-2.406211,-2.303022,-2.961924,3.542732E+9
61.765000,-2.112088,-2.346401,-2.154481,-2.538649,3.542732E+9
61.770000,-2.085141,-2.311566,-2.047020,-2.332927,3.542732E+9
61.775000,-1.948760,-2.242883,-1.917868,-2.129834,3.542732E+9
61.780000,-2.026973,-2.318467,-1.834725,-2.068381,3.542732E+9
61.785000,-1.993782,-2.380250,-1.805477,-2.112088,3.542732E+9
61.790000,-2.020729,-2.371048,-1.845899,-2.304665,3.542732E+9
61.795000,-1.983923,-2.306308,-1.877447,-2.308609,3.542732E+9
61.800000,-2.072653,-2.340486,-2.012514,-2.565268,3.542732E+9
61.805000,-2.156453,-2.463064,-2.163683,-2.843289,3.542732E+9
61.810000,-2.582685,-2.663857,-2.429873,-3.051311,3.542732E+9
61.815000,-2.420014,-2.688175,-2.580385,-3.066428,3.542732E+9
61.820000,-2.524518,-2.904085,-2.648411,-3.012533,3.542732E+9
61.825000,-2.431516,-2.689490,-2.493627,-2.892583,3.542732E+9
61.830000,-2.422972,-2.736155,-2.244854,-2.726954,3.542732E+9
61.835000,-2.329641,-2.609304,-2.001669,-2.495270,3.542732E+9
61.840000,-2.423629,-2.581042,-1.849185,-2.316824,3.542732E+9
61.845000,-2.135750,-2.454520,-1.788389,-2.121619,3.542732E+9
61.850000,-2.192931,-2.382550,-1.788389,-2.071010,3.542732E+9
61.855000,-2.041104,-2.324711,-1.794633,-1.965520,3.542732E+9
61.860000,-2.078897,-2.323068,-1.837354,-1.957304,3.542732E+9
61.865000,-2.036175,-2.272459,-1.810078,-1.983923,3.542732E+9
61.870000,-2.057207,-2.229409,-1.820266,-2.112088,3.542732E+9
61.875000,-1.963877,-2.120304,-1.844256,-2.017772,3.542732E+9
61.880000,-1.914582,-2.051621,-1.881062,-2.074296,3.542732E+9
61.885000,-1.866274,-1.982937,-1.905709,-2.102887,3.542732E+9
61.890000,-1.923784,-1.936929,-1.957633,-2.133121,3.542732E+9
61.895000,-1.808435,-1.878104,-1.896179,-2.157110,3.542732E+9
61.900000,-1.810407,-1.907352,-1.880405,-2.074625,3.542732E+9
61.905000,-1.675997,-1.744681,-1.793647,-2.006927,3.542732E+9
61.910000,-1.677641,-1.630318,-1.740737,-1.919840,3.542732E+9
61.915000,-1.524171,-1.571822,-1.679941,-1.777215,3.542732E+9
61.920000,-1.481778,-1.503139,-1.663181,-1.660881,3.542732E+9
61.925000,-1.382860,-1.370701,-1.592526,-1.604028,3.542732E+9
61.930000,-1.414409,-1.368072,-1.619802,-1.578395,3.542732E+9
61.935000,-1.323050,-1.344411,-1.561963,-1.542574,3.542732E+9
61.940000,-1.402907,-1.384504,-1.642806,-1.584310,3.542732E+9
61.945000,-1.390090,-1.368072,-1.641491,-1.666467,3.542732E+9
61.950000,-1.444314,-1.395348,-1.716419,-1.748624,3.542732E+9
61.955000,-1.438727,-1.406850,-1.704588,-1.845899,3.542732E+9
61.960000,-1.485064,-1.459760,-1.753225,-1.884020,3.542732E+9
61.965000,-1.440699,-1.404879,-1.775572,-1.935943,3.542732E+9
61.970000,-1.593512,-1.413752,-1.804163,-1.854114,3.542732E+9
61.975000,-1.474548,-1.426897,-1.800219,-1.972092,3.542732E+9
61.980000,-1.510697,-1.422624,-1.794304,-1.946788,3.542732E+9
61.985000,-1.449572,-1.383189,-1.745667,-1.860687,3.542732E+9
61.990000,-1.450887,-1.364129,-1.755854,-1.871860,3.542732E+9
61.995000,-1.378588,-1.330280,-1.672054,-1.697358,3.542732E+9
62.000000,-1.390419,-1.343425,-1.467318,-1.643792,3.542732E+9
62.005000,-1.347697,-1.323379,-1.586939,-1.649378,3.542732E+9
62.010000,-1.417695,-1.336195,-1.629989,-1.605342,3.542732E+9
62.015000,-1.412437,-1.349669,-1.644120,-1.633604,3.542732E+9
62.020000,-1.540274,-1.415395,-1.727921,-1.681584,3.542732E+9
62.025000,-1.644449,-1.476191,-1.838340,-1.763741,3.542732E+9
62.030000,-2.026645,-1.587596,-2.061479,-1.884348,3.542732E+9
62.035000,-2.455506,-1.811393,-2.307623,-2.055235,3.542732E+9
62.040000,-3.046053,-2.185701,-2.768690,-2.342786,3.542732E+9
62.045000,-3.086474,-2.654327,-3.097319,-2.853147,3.542732E+9
62.050000,-3.045067,-2.611933,-3.327031,-3.460455,3.542732E+9
62.055000,-3.062156,-2.220207,-3.393743,-3.628714,3.542732E+9
62.060000,-2.967182,-2.145608,-3.457169,-3.556086,3.542732E+9
62.065000,-2.758502,-2.139365,-3.142013,-3.361866,3.542732E+9
62.070000,-2.717752,-2.328326,-2.807797,-3.052626,3.542732E+9
62.075000,-2.598788,-2.063780,-2.534377,-2.535691,3.542732E+9
62.080000,-2.526818,-1.925427,-2.382222,-2.089741,3.542732E+9
62.085000,-2.377621,-1.903080,-2.161383,-1.893550,3.542732E+9
62.090000,-2.444332,-1.929699,-2.042748,-1.811721,3.542732E+9
62.095000,-2.423300,-2.021387,-2.049649,-1.668768,3.542732E+9
62.100000,-2.481468,-1.928713,-2.067723,-1.591868,3.542732E+9
62.105000,-2.399639,-1.897822,-2.146594,-1.659895,3.542732E+9
62.110000,-2.537992,-1.909653,-2.301050,-1.953360,3.542732E+9
62.115000,-2.509730,-1.953360,-2.397010,-2.323726,3.542732E+9
62.120000,-2.648083,-2.077582,-2.626722,-2.714466,3.542732E+9
62.125000,-2.728597,-2.193917,-2.754559,-2.938920,3.542732E+9
62.130000,-2.885353,-2.276732,-2.730897,-3.097977,3.542732E+9
62.135000,-2.843617,-2.316496,-2.792680,-2.907371,3.542732E+9
62.140000,-2.880095,-2.306637,-2.710851,-2.674373,3.542732E+9
62.145000,-2.777891,-2.272459,-2.375978,-2.401611,3.542732E+9
62.150000,-2.741742,-2.601417,-2.192931,-2.147580,3.542732E+9
62.155000,-2.527804,-2.103873,-2.053921,-1.889278,3.542732E+9
62.160000,-2.412784,-2.021387,-2.005941,-1.730221,3.542732E+9
62.165000,-2.327998,-1.969135,-1.965848,-1.670082,3.542732E+9
62.170000,-2.331284,-1.930685,-1.905381,-1.800876,3.542732E+9
62.175000,-2.222179,-1.960919,-1.890264,-1.742381,3.542732E+9
62.180000,-2.250113,-1.916225,-1.894207,-1.794633,3.542732E+9
62.185000,-2.151195,-1.872518,-1.886649,-1.922469,3.542732E+9
62.190000,-2.149552,-1.859701,-1.950403,-2.005612,3.542732E+9
62.195000,-1.988195,-1.784774,-1.957633,-2.019743,3.542732E+9
62.200000,-2.033546,-1.732522,-2.028288,-2.134435,3.542732E+9
62.205000,-1.958947,-1.766042,-1.995096,-2.094671,3.542732E+9
62.210000,-1.948431,-1.758483,-2.248469,-2.102229,3.542732E+9
62.215000,-1.841626,-1.683885,-1.895850,-1.987209,3.542732E+9
62.220000,-1.798576,-1.626703,-1.895522,-1.860358,3.542732E+9
62.225000,-1.590883,-1.516941,-1.750596,-1.774258,3.542732E+9
62.230000,-1.543889,-1.457459,-1.672383,-1.711161,3.542732E+9
62.235000,-1.388118,-1.349340,-1.586939,-1.645435,3.542732E+9
62.240000,-1.416052,-1.286243,-1.554733,-1.610929,3.542732E+9
62.245000,-1.336852,-1.297088,-1.573137,-1.558677,3.542732E+9
62.250000,-1.402907,-1.340139,-1.614872,-1.573794,3.542732E+9
62.255000,-1.374645,-1.348683,-1.605999,-1.599427,3.542732E+9
62.260000,-1.432812,-1.346711,-1.672383,-1.799891,3.542732E+9
62.265000,-1.430840,-1.388118,-1.674683,-1.736137,3.542732E+9
62.270000,-1.491637,-1.446943,-1.725620,-1.804491,3.542732E+9
62.275000,-1.487364,-1.396991,-1.742381,-1.880405,3.542732E+9
62.280000,-1.556048,-1.442342,-1.823223,-1.903409,3.542732E+9
62.285000,-1.477506,-1.439056,-1.804820,-1.949088,3.542732E+9
62.290000,-1.557034,-1.461074,-1.847542,-1.961247,3.542732E+9
62.295000,-1.477834,-1.423939,-1.833739,-1.966506,3.542732E+9
62.300000,-1.497552,-1.385161,-1.792661,-1.938243,3.542732E+9
62.305000,-1.405536,-1.350983,-1.719705,-1.825195,3.542732E+9
62.310000,-1.387790,-1.329294,-1.779844,-1.772286,3.542732E+9
62.315000,-1.359528,-1.319764,-1.622431,-1.648393,3.542732E+9
62.320000,-1.375959,-1.336195,-1.644449,-1.655294,3.542732E+9
62.325000,-1.364129,-1.342768,-1.547832,-1.597126,3.542732E+9
62.330000,-1.411122,-1.389433,-1.640177,-1.600084,3.542732E+9
62.335000,-1.410465,-1.408822,-1.598112,-1.628346,3.542732E+9
62.340000,-1.481778,-1.524171,-1.665153,-1.682570,3.542732E+9
62.345000,-1.475862,-1.591540,-1.707546,-1.879747,3.542732E+9
62.350000,-1.671068,-1.889278,-1.779187,-2.189316,3.542732E+9
62.355000,-1.876461,-2.482453,-1.896179,-2.592873,3.542732E+9
62.360000,-2.410155,-2.995115,-2.205748,-3.087460,3.542732E+9
62.365000,-2.742071,-3.005960,-2.745028,-3.441395,3.542732E+9
62.370000,-2.673387,-2.921831,-3.126567,-3.760494,3.542732E+9
62.375000,-2.350673,-2.905400,-3.007275,-4.049689,3.542732E+9
62.380000,-2.205090,-2.831787,-2.775591,-4.164052,3.542732E+9
62.385000,-2.304336,-2.658599,-2.561982,-3.820634,3.542732E+9
62.390000,-2.506443,-2.644796,-2.418699,-3.225485,3.542732E+9
62.395000,-2.136735,-2.542593,-2.203776,-2.692119,3.542732E+9
62.400000,-2.053921,-2.626393,-2.081197,-2.352316,3.542732E+9
62.405000,-1.933314,-2.401939,-1.897493,-2.188988,3.542732E+9
62.410000,-1.973407,-2.467994,-1.763413,-2.128191,3.542732E+9
62.415000,-1.890592,-2.490998,-1.743038,-2.135092,3.542732E+9
62.420000,-1.953032,-2.481796,-1.792661,-2.258328,3.542732E+9
62.425000,-1.883362,-2.417056,-1.807778,-2.385836,3.542732E+9
62.430000,-1.948760,-2.386165,-1.999040,-2.662542,3.542732E+9
62.435000,-2.017443,-2.544893,-2.074625,-2.925117,3.542732E+9
62.440000,-2.240582,-2.699020,-2.329312,-3.037180,3.542732E+9
62.445000,-2.392738,-2.815684,-2.512687,-3.241588,3.542732E+9
62.450000,-2.464379,-2.879438,-2.620478,-3.265906,3.542732E+9
62.455000,-2.361847,-2.772633,-2.498228,-2.971783,3.542732E+9
62.460000,-2.373349,-2.786436,-2.280675,-2.805825,3.542732E+9
62.465000,-2.272459,-2.740099,-1.989181,-2.568883,3.542732E+9
62.470000,-2.258986,-2.644139,-1.826510,-2.382550,3.542732E+9
62.475000,-2.093685,-2.533391,-1.762427,-2.164669,3.542732E+9
62.480000,-2.015800,-2.573155,-1.753225,-2.067395,3.542732E+9
62.485000,-1.887635,-2.331613,-1.768014,-2.007913,3.542732E+9
62.490000,-1.981622,-2.355603,-1.784774,-2.050306,3.542732E+9
62.495000,-1.918526,-2.267859,-1.753883,-2.066080,3.542732E+9
62.500000,-1.988852,-2.214949,-1.778530,-2.104858,3.542732E+9
62.505000,-1.877776,-2.123919,-1.792661,-2.023030,3.542732E+9
62.510000,-1.914254,-2.039461,-1.827824,-2.055564,3.542732E+9
62.515000,-1.799562,-1.946459,-1.868574,-2.026645,3.542732E+9
62.520000,-1.814679,-1.921483,-1.895850,-2.357246,3.542732E+9
62.525000,-1.743366,-1.842284,-1.829467,-2.072653,3.542732E+9
62.530000,-1.725949,-1.779516,-1.845241,-2.104201,3.542732E+9
62.535000,-1.626046,-1.692100,-1.786745,-1.980308,3.542732E+9
62.540000,-1.574451,-1.643463,-1.821909,-1.889935,3.542732E+9
62.545000,-1.450887,-1.526471,-1.684542,-1.837354,3.542732E+9
62.550000,-1.463703,-1.499524,-1.667124,-1.768014,3.542732E+9
62.555000,-1.354927,-1.349997,-1.622102,-1.694401,3.542732E+9
62.560000,-1.354270,-1.358542,-1.628346,-1.622760,3.542732E+9
62.565000,-1.351312,-1.329951,-1.599427,-1.596469,3.542732E+9
62.570000,-1.421310,-1.332909,-1.609614,-1.637219,3.542732E+9
62.575000,-1.402249,-1.371687,-1.598770,-1.610272,3.542732E+9
62.580000,-1.462389,-1.394691,-1.676983,-1.652008,3.542732E+9
62.585000,-1.455816,-1.402249,-1.648721,-1.734165,3.542732E+9
62.590000,-1.453516,-1.413423,-1.699330,-1.852800,3.542732E+9
62.595000,-1.446943,-1.385161,-1.747639,-1.870874,3.542732E+9
62.600000,-1.448915,-1.432155,-1.858387,-1.920826,3.542732E+9
62.605000,-1.469618,-1.413094,-1.824209,-2.007913,3.542732E+9
62.610000,-1.530086,-1.461074,-1.818294,-2.024016,3.542732E+9
62.615000,-1.449243,-1.393048,-1.797590,-1.977350,3.542732E+9
62.620000,-1.561963,-1.387790,-1.762427,-2.183401,3.542732E+9
62.625000,-1.430512,-1.373330,-1.679284,-1.770971,3.542732E+9
62.630000,-1.447929,-1.357227,-1.658580,-1.694729,3.542732E+9
62.635000,-1.365443,-1.329294,-1.569193,-1.599098,3.542732E+9
62.640000,-1.376945,-1.321407,-1.565249,-1.628018,3.542732E+9
62.645000,-1.352955,-1.342439,-1.556705,-1.570836,3.542732E+9
62.650000,-1.396006,-1.370372,-1.689471,-1.583324,3.542732E+9
62.655000,-1.427883,-1.349669,-1.647078,-1.641820,3.542732E+9
62.660000,-1.494923,-1.487364,-1.670739,-1.705574,3.542732E+9
62.665000,-1.489993,-1.408165,-1.756840,-1.818951,3.542732E+9
62.670000,-1.722334,-1.515298,-1.907681,-1.925427,3.542732E+9
62.675000,-2.018758,-1.748624,-2.049977,-2.069695,3.542732E+9
62.680000,-2.688833,-2.156782,-2.325040,-2.309266,3.542732E+9
62.685000,-3.006289,-2.641839,-2.678645,-2.584000,3.542732E+9
62.690000,-2.999059,-2.765403,-3.050982,-3.036194,3.542732E+9
62.695000,-2.959623,-2.547851,-3.104878,-3.357594,3.542732E+9
62.700000,-2.922160,-2.459449,-3.096333,-3.582377,3.542732E+9
62.705000,-2.748972,-2.378935,-2.992158,-3.481159,3.542732E+9
62.710000,-2.819627,-2.463722,-2.874180,-3.244217,3.542732E+9
62.715000,-2.698692,-2.356588,-2.566583,-2.896198,3.542732E+9
62.720000,-2.659585,-2.328655,-2.437103,-2.455834,3.542732E+9
62.725000,-2.496585,-2.164012,-2.313867,-2.179786,3.542732E+9
62.730000,-2.556395,-2.182086,-2.218893,-2.071010,3.542732E+9
62.735000,-2.575127,-2.269502,-2.181100,-1.955004,3.542732E+9
62.740000,-2.631980,-2.228094,-2.163683,-1.864302,3.542732E+9
62.745000,-2.519917,-2.120961,-2.130163,-1.855758,3.542732E+9
62.750000,-2.581371,-2.106830,-2.034860,-2.022701,3.542732E+9
62.755000,-2.534377,-2.138050,-2.235324,-2.247812,3.542732E+9
62.760000,-2.622450,-2.202790,-2.413113,-2.904414,3.542732E+9
62.765000,-2.739442,-2.280018,-2.538649,-2.696391,3.542732E+9
62.770000,-2.860049,-2.383865,-2.649069,-2.939577,3.542732E+9
62.775000,-2.822914,-2.442689,-2.660899,-2.828500,3.542732E+9
62.780000,-2.824885,-2.440389,-2.775591,-2.677659,3.542732E+9
62.785000,-2.770004,-2.382879,-2.419685,-2.444661,3.542732E+9
62.790000,-2.763103,-2.330955,-2.263586,-2.258000,3.542732E+9
62.795000,-2.542264,-2.246169,-2.030588,-2.079883,3.542732E+9
62.800000,-2.433816,-2.314853,-1.956975,-1.927727,3.542732E+9
62.805000,-2.329969,-2.106502,-1.913596,-1.867588,3.542732E+9
62.810000,-2.356260,-2.067066,-1.894536,-1.839983,3.542732E+9
62.815000,-2.222508,-2.066080,-1.881719,-1.786088,3.542732E+9
62.820000,-2.263586,-2.022373,-1.856415,-1.824866,3.542732E+9
62.825000,-2.143637,-1.973078,-1.818294,-1.856415,3.542732E+9
62.830000,-2.136078,-1.901766,-1.857729,-1.891578,3.542732E+9
62.835000,-1.942187,-1.797262,-1.882705,-1.865945,3.542732E+9
62.840000,-1.941201,-1.697030,-1.933314,-1.934957,3.542732E+9
62.845000,-1.846227,-1.698344,-1.891907,-2.014485,3.542732E+9
62.850000,-1.819608,-1.703931,-1.914911,-2.106502,3.542732E+9
62.855000,-1.734493,-1.612901,-1.852800,-2.022373,3.542732E+9
62.860000,-1.703274,-1.602385,-1.887635,-1.927727,3.542732E+9
62.865000,-1.621116,-1.532058,-1.744352,-1.843927,3.542732E+9
62.870000,-1.570179,-1.646421,-1.725292,-1.783459,3.542732E+9
62.875000,-1.424596,-1.381874,-1.608628,-1.685528,3.542732E+9
62.880000,-1.371030,-1.333566,-1.592197,-1.614872,3.542732E+9
62.885000,-1.363143,-1.307276,-1.582010,-1.568536,3.542732E+9
62.890000,-1.430183,-1.329622,-1.617830,-1.600741,3.542732E+9
62.895000,-1.374316,-1.329951,-1.610929,-1.595812,3.542732E+9
62.900000,-1.425254,-1.365443,-1.715433,-1.675669,3.542732E+9
62.905000,-1.419338,-1.400606,-1.692429,-1.737780,3.542732E+9
62.910000,-1.450558,-1.397320,-1.719705,-1.867588,3.542732E+9
62.915000,-1.443657,-1.376945,-1.710832,-1.908667,3.542732E+9
62.920000,-1.479806,-1.434127,-1.814679,-1.935614,3.542732E+9
62.925000,-1.470933,-1.427554,-1.780830,-1.930685,3.542732E+9
62.930000,-1.567878,-1.452530,-1.832096,-1.947445,3.542732E+9
62.935000,-1.471919,-1.417038,-1.781487,-1.886320,3.542732E+9
62.940000,-1.582667,-1.407836,-1.735479,-1.747310,3.542732E+9
62.945000,-1.427554,-1.356570,-1.695387,-1.770643,3.542732E+9
62.950000,-1.433469,-1.364129,-1.689800,-1.714776,3.542732E+9
62.955000,-1.382860,-1.331594,-1.639191,-1.649707,3.542732E+9
62.960000,-1.387133,-1.351312,-1.644449,-1.752568,3.542732E+9
62.965000,-1.366758,-1.359528,-1.588253,-1.669753,3.542732E+9
62.970000,-1.416052,-1.406850,-1.469947,-1.691443,3.542732E+9
62.975000,-1.450229,-1.447929,-1.677969,-1.804491,3.542732E+9
62.980000,-1.584967,-1.564921,-1.774915,-1.871532,3.542732E+9
62.985000,-1.631633,-1.762756,-1.805477,-2.059179,3.542732E+9
62.990000,-2.062137,-2.357246,-1.939229,-2.368419,3.542732E+9
62.995000,-2.549494,-2.679302,-2.201147,-2.678645,3.542732E+9
63.000000,-2.705921,-2.621792,-2.627050,-3.041452,3.542732E+9
63.005000,-2.490341,-2.607333,-2.835730,-3.247503,3.542732E+9
63.010000,-2.284290,-2.415742,-2.830472,-3.471629,3.542732E+9
63.015000,-2.091056,-2.256685,-2.637567,-3.433508,3.542732E+9
63.020000,-2.255371,-2.341800,-2.507758,-3.282009,3.542732E+9
63.025000,-2.273445,-2.431187,-2.277717,-2.873194,3.542732E+9
63.030000,-2.305651,-2.549822,-2.237953,-2.565597,3.542732E+9
63.035000,-2.151852,-2.443018,-2.053592,-2.339171,3.542732E+9
63.040000,-2.109788,-2.355274,-1.995425,-2.214292,3.542732E+9
63.045000,-2.144623,-2.455177,-1.918197,-2.206405,3.542732E+9
63.050000,-2.167955,-2.571183,-1.910639,-2.265558,3.542732E+9
63.055000,-2.153167,-2.502500,-1.926413,-2.338185,3.542732E+9
63.060000,-2.317153,-2.517617,-2.001669,-2.516631,3.542732E+9
63.065000,-2.252084,-2.535363,-2.126219,-2.602732,3.542732E+9
63.070000,-2.487712,-2.702964,-2.322411,-2.856762,3.542732E+9
63.075000,-2.492970,-2.792680,-2.453534,-2.989200,3.542732E+9
63.080000,-2.585314,-2.810754,-2.536677,-3.075630,3.542732E+9
63.085000,-2.534377,-2.797280,-2.492641,-3.027321,3.542732E+9
63.090000,-2.589258,-2.807468,-2.389780,-2.977041,3.542732E+9
63.095000,-2.475224,-2.782492,-2.168284,-2.586958,3.542732E+9
63.100000,-2.486068,-2.799581,-1.992467,-2.456163,3.542732E+9
63.105000,-2.366447,-2.673387,-1.865945,-2.245183,3.542732E+9
63.110000,-2.289877,-2.605361,-1.894207,-2.099929,3.542732E+9
63.115000,-2.168613,-2.465693,-1.853786,-2.013171,3.542732E+9
63.120000,-2.115046,-2.390766,-1.844256,-1.987538,3.542732E+9
63.125000,-2.078568,-2.335885,-1.833739,-1.992796,3.542732E+9
63.130000,-2.105187,-2.342457,-1.822895,-2.017443,3.542732E+9
63.135000,-2.022044,-2.236310,-1.804820,-2.023687,3.542732E+9
63.140000,-2.077582,-2.156782,-1.838997,-2.076925,3.542732E+9
63.145000,-1.871203,-1.993782,-1.847870,-2.023687,3.542732E+9
63.150000,-1.896508,-1.927070,-1.868903,-2.070352,3.542732E+9
63.155000,-1.749610,-1.832754,-1.855429,-2.059836,3.542732E+9
63.160000,-1.770643,-1.785431,-1.877776,-2.435131,3.542732E+9
63.165000,-1.666139,-1.691114,-1.780830,-1.960919,3.542732E+9
63.170000,-1.627032,-1.652993,-1.785102,-1.926084,3.542732E+9
63.175000,-1.523842,-1.544874,-1.680270,-1.807120,3.542732E+9
63.180000,-1.331923,-1.415066,-1.717076,-1.710175,3.542732E+9
63.185000,-1.359199,-1.346711,-1.625389,-1.627360,3.542732E+9
63.190000,-1.374645,-1.340796,-1.608957,-1.634262,3.542732E+9
63.195000,-1.317792,-1.313520,-1.583981,-1.626046,3.542732E+9
63.200000,-1.461074,-1.350655,-1.608957,-1.625389,3.542732E+9
63.205000,-1.379903,-1.346383,-1.636233,-1.675669,3.542732E+9
63.210000,-1.451544,-1.386804,-1.686185,-1.702945,3.542732E+9
63.215000,-1.438399,-1.389762,-1.674026,-1.744681,3.542732E+9
63.220000,-1.489336,-1.413752,-1.729235,-1.881719,3.542732E+9
63.225000,-1.449572,-1.401264,-1.704260,-1.867260,3.542732E+9
63.230000,-1.497881,-1.437413,-1.775901,-1.902752,3.542732E+9
63.235000,-1.489993,-1.411780,-1.809421,-1.925427,3.542732E+9
63.240000,-1.529758,-1.419010,-1.835711,-1.925427,3.542732E+9
63.245000,-1.465346,-1.403893,-1.749610,-1.921155,3.542732E+9
63.250000,-1.463703,-1.408493,-1.743366,-1.865945,3.542732E+9
63.255000,-1.387461,-1.355584,-1.693415,-1.774258,3.542732E+9
63.260000,-1.429854,-1.326008,-1.661209,-1.765385,3.542732E+9
63.265000,-1.356570,-1.319435,-1.603370,-1.678626,3.542732E+9
63.270000,-1.364786,-1.333566,-1.611915,-1.648393,3.542732E+9
63.275000,-1.366100,-1.323050,-1.577737,-1.616844,3.542732E+9
63.280000,-1.410137,-1.391733,-1.623417,-1.690786,3.542732E+9
63.285000,-1.409808,-1.382860,-1.629661,-1.666796,3.542732E+9
63.290000,-1.465675,-1.410465,-1.740080,-1.705903,3.542732E+9
63.295000,-1.503796,-1.413423,-1.760126,-1.776558,3.542732E+9
63.300000,-1.647735,-1.533701,-1.835711,-1.848528,3.542732E+9
63.305000,-1.806792,-1.609614,-1.989510,-1.980308,3.542732E+9
63.310000,-2.341143,-1.858387,-2.224151,-2.409498,3.542732E+9
63.315000,-2.887654,-2.354945,-2.577099,-2.540949,3.542732E+9
63.320000,-3.001688,-2.835401,-2.990186,-3.016148,3.542732E+9
63.325000,-2.960609,-2.730240,-3.209711,-3.444024,3.542732E+9
63.330000,-3.013190,-2.522546,-3.305999,-3.866970,3.542732E+9
63.335000,-2.795966,-2.358560,-3.211354,-3.695097,3.542732E+9
63.340000,-2.700335,-2.404897,-2.941549,-3.582705,3.542732E+9
63.345000,-2.566583,-2.367105,-2.626065,-3.186707,3.542732E+9
63.350000,-2.614891,-2.234338,-2.532405,-2.635266,3.542732E+9
63.355000,-2.490341,-2.141665,-2.334899,-2.259971,3.542732E+9
63.360000,-2.387808,-2.179129,-2.202790,-2.068381,3.542732E+9
63.365000,-2.343443,-2.162369,-2.102558,-1.958947,3.542732E+9
63.370000,-2.438746,-2.239268,-2.139036,-1.884348,3.542732E+9
63.375000,-2.404240,-2.110445,-2.125233,-1.874818,3.542732E+9
63.380000,-2.442032,-2.143965,-2.133778,-2.033546,3.542732E+9
63.385000,-2.361189,-2.105187,-2.214949,-2.278703,3.542732E+9
63.390000,-2.531419,-2.139036,-2.332270,-2.635266,3.542732E+9
63.395000,-2.587286,-2.267530,-2.501843,-2.842303,3.542732E+9
63.400000,-2.726625,-2.376963,-2.715780,-2.992486,3.542732E+9
63.405000,-2.798595,-2.460764,-2.744042,-3.001031,3.542732E+9
63.410000,-2.880752,-2.519917,-2.706250,-2.972111,3.542732E+9
63.415000,-2.783478,-2.490669,-2.533391,-2.589915,3.542732E+9
63.420000,-2.734841,-2.433159,-2.327998,-2.424615,3.542732E+9
63.425000,-2.576770,-2.346401,-2.111431,-2.195560,3.542732E+9
63.430000,-2.488040,-2.237953,-2.087441,-2.040776,3.542732E+9
63.435000,-2.281004,-2.148895,-1.950403,-1.931014,3.542732E+9
63.440000,-2.295135,-2.108145,-1.935614,-1.866602,3.542732E+9
63.445000,-2.190302,-2.048663,-1.901108,-1.893550,3.542732E+9
63.450000,-2.254385,-2.130820,-1.931671,-1.908338,3.542732E+9
63.455000,-2.152510,-2.021387,-1.891249,-1.919840,3.542732E+9
63.460000,-2.144294,-1.975707,-1.884020,-1.955661,3.542732E+9
63.465000,-2.054578,-1.887635,-1.900451,-1.981951,3.542732E+9
63.470000,-2.076925,-1.831439,-1.934300,-2.043405,3.542732E+9
63.475000,-1.921155,-1.780173,-1.929699,-1.969463,3.542732E+9
63.480000,-1.959604,-1.752568,-2.109788,-2.047348,3.542732E+9
63.485000,-1.843598,-1.721677,-1.859044,-2.031574,3.542732E+9
63.490000,-1.767356,-1.661209,-1.863973,-2.027959,3.542732E+9
63.495000,-1.663838,-1.564592,-1.797919,-1.870546,3.542732E+9
63.500000,-1.591540,-1.530086,-1.726606,-1.866602,3.542732E+9
63.505000,-1.468304,-1.424596,-1.645106,-1.792332,3.542732E+9
63.510000,-1.444971,-1.359199,-1.667124,-1.718719,3.542732E+9
63.515000,-1.344082,-1.308262,-1.613887,-1.647078,3.542732E+9
63.520000,-1.405536,-1.350983,-1.605671,-1.609943,3.542732E+9
63.525000,-1.384504,-1.335209,-1.598770,-1.590225,3.542732E+9
63.530000,-1.265868,-1.387133,-1.610272,-1.613558,3.542732E+9
63.535000,-1.438399,-1.372673,-1.629661,-1.626703,3.542732E+9
63.540000,-1.492951,-1.373659,-1.674354,-1.714118,3.542732E+9
63.545000,-1.460088,-1.396991,-1.698344,-1.755526,3.542732E+9
63.550000,-1.469290,-1.391405,-1.768671,-2.077911,3.542732E+9
63.555000,-1.489008,-1.406850,-1.748624,-1.946459,3.542732E+9
63.560000,-1.491637,-1.436427,-1.822237,-2.028616,3.542732E+9
63.565000,-1.473562,-1.413094,-1.828810,-1.996411,3.542732E+9
63.570000,-1.489336,-1.393377,-1.886649,-1.961905,3.542732E+9
63.575000,-1.449572,-1.400606,-1.755197,-1.908995,3.542732E+9
63.580000,-1.450229,-1.420324,-1.710832,-1.800876,3.542732E+9
63.585000,-1.409808,-1.347697,-1.663510,-1.701302,3.542732E+9
63.590000,-1.461731,-1.346711,-1.631633,-1.739751,3.542732E+9
63.595000,-1.363471,-1.331923,-1.572151,-1.577409,3.542732E+9
63.600000,-1.419667,-1.346711,-1.571165,-1.600084,3.542732E+9
63.605000,-1.384175,-1.350655,-1.581024,-1.582995,3.542732E+9
63.610000,-1.414409,-1.356899,-1.634262,-1.706231,3.542732E+9
63.615000,-1.410465,-1.360185,-1.670411,-1.717405,3.542732E+9
63.620000,-1.420653,-1.397320,-1.777215,-1.824209,3.542732E+9
63.625000,-1.453516,-1.436756,-1.732522,-1.911624,3.542732E+9
63.630000,-1.546846,-1.415066,-1.753883,-2.043076,3.542732E+9
63.635000,-1.646749,-1.795618,-1.856415,-2.213635,3.542732E+9
63.640000,-1.900451,-2.266215,-1.917868,-2.500528,3.542732E+9
63.645000,-2.298421,-2.922160,-2.077582,-2.883381,3.542732E+9
63.650000,-2.856434,-3.094690,-2.558038,-3.280695,3.542732E+9
63.655000,-2.877137,-2.978684,-3.025678,-3.496276,3.542732E+9
63.660000,-2.586958,-2.905400,-3.146285,-3.808146,3.542732E+9
63.665000,-2.314853,-2.756202,-2.852819,-4.045745,3.542732E+9
63.670000,-2.329312,-2.616534,-2.691133,-3.991193,3.542732E+9
63.675000,-2.231709,-2.432173,-2.518274,-3.363181,3.542732E+9
63.680000,-2.203447,-2.402597,-2.379921,-2.866293,3.542732E+9
63.685000,-2.118332,-2.411141,-2.183729,-2.487383,3.542732E+9
63.690000,-2.051621,-2.336542,-2.028288,-2.259971,3.542732E+9
63.695000,-2.013828,-2.348044,-1.869889,-2.115703,3.542732E+9
63.700000,-2.031903,-2.468651,-1.810735,-2.026645,3.542732E+9
63.705000,-1.952375,-2.360861,-1.803834,-2.039461,3.542732E+9
63.710000,-2.045048,-2.302365,-1.785431,-2.416070,3.542732E+9
63.715000,-1.902423,-2.236967,-1.807778,-2.307623,3.542732E+9
63.720000,-2.061479,-2.311895,-1.955989,-2.650383,3.542732E+9
63.725000,-2.207719,-2.486726,-2.248469,-2.896855,3.542732E+9
63.730000,-2.428887,-2.636581,-2.605361,-3.099291,3.542732E+9
63.735000,-2.449919,-2.685875,-2.675688,-3.106521,3.542732E+9
63.740000,-2.472923,-2.663528,-2.669115,-3.540969,3.542732E+9
63.745000,-2.364476,-2.656298,-2.445318,-2.920517,3.542732E+9
63.750000,-2.311566,-2.659256,-2.159082,-2.761788,3.542732E+9
63.755000,-2.310909,-2.580714,-1.935286,-2.377621,3.542732E+9
63.760000,-2.235324,-2.537006,-1.794633,-2.187344,3.542732E+9
63.765000,-2.116689,-2.399310,-1.735808,-2.012842,3.542732E+9
63.770000,-2.088427,-2.296778,-1.796933,-1.902752,3.542732E+9
63.775000,-1.979979,-2.252084,-1.839326,-1.895193,3.542732E+9
63.780000,-2.025330,-2.181758,-1.808106,-1.921812,3.542732E+9
63.785000,-2.010542,-2.211663,-1.814679,-2.005612,3.542732E+9
63.790000,-2.003969,-2.217907,-1.816651,-2.031245,3.542732E+9
63.795000,-1.936600,-2.069695,-1.866602,-2.030260,3.542732E+9
63.800000,-1.937915,-1.964534,-1.909653,-2.138379,3.542732E+9
63.805000,-1.872846,-1.944816,-1.926413,-2.120304,3.542732E+9
63.810000,-1.904395,-1.916883,-1.911953,-2.207391,3.542732E+9
63.815000,-1.811393,-1.867260,-1.889935,-2.188330,3.542732E+9
63.820000,-1.770314,-1.824209,-1.879419,-2.084155,3.542732E+9
63.825000,-1.708203,-1.722991,-1.813693,-1.933643,3.542732E+9
63.830000,-1.629661,-1.665810,-1.720362,-1.894207,3.542732E+9
63.835000,-1.526800,-1.571493,-1.636891,-1.722334,3.542732E+9
63.840000,-1.439385,-1.463703,-1.667453,-1.628346,3.542732E+9
63.845000,-1.407836,-1.359528,-1.594826,-1.552433,3.542732E+9
63.850000,-1.410137,-1.512012,-1.621116,-1.524499,3.542732E+9
63.855000,-1.337838,-1.339481,-1.611586,-1.576094,3.542732E+9
63.860000,-1.422296,-1.370701,-1.611915,-1.648393,3.542732E+9
63.865000,-1.445957,-1.396991,-1.694401,-1.723977,3.542732E+9
63.870000,-1.505768,-1.391405,-1.701959,-1.805477,3.542732E+9
63.875000,-1.497881,-1.403235,-1.736465,-1.822895,3.542732E+9
63.880000,-1.471919,-1.399292,-1.773929,-1.907352,3.542732E+9
63.885000,-1.473562,-1.405864,-1.767356,-1.931671,3.542732E+9
63.890000,-1.514969,-1.431169,-1.798247,-1.979651,3.542732E+9
63.895000,-1.509054,-1.442014,-1.813364,-1.951060,3.542732E+9
63.900000,-1.526800,-1.436756,-1.821580,-1.901766,3.542732E+9
63.905000,-1.467318,-1.404879,-1.771300,-1.854114,3.542732E+9
63.910000,-1.440042,-1.399292,-1.698673,-1.770643,3.542732E+9
63.915000,-1.391076,-1.341453,-1.690457,-1.698344,3.542732E+9
63.920000,-1.466004,-1.324036,-1.613229,-1.732193,3.542732E+9
63.925000,-1.378260,-1.344411,-1.593183,-1.676655,3.542732E+9
63.930000,-1.382532,-1.336852,-1.577080,-1.640506,3.542732E+9
63.935000,-1.434455,-1.365443,-1.638534,-1.630975,3.542732E+9
63.940000,-1.448915,-1.368401,-1.675669,-1.719376,3.542732E+9
63.945000,-1.551118,-1.414409,-1.715762,-1.715104,3.542732E+9
63.950000,-1.661866,-1.470933,-1.884677,-1.779516,3.542732E+9
63.955000,-1.904723,-1.597455,-2.001012,-1.863316,3.542732E+9
63.960000,-2.383207,-1.875475,-2.231709,-2.047677,3.542732E+9
63.965000,-2.995773,-2.247484,-2.594845,-2.397996,3.542732E+9
63.970000,-3.139712,-2.697048,-2.974412,-2.786107,3.542732E+9
63.975000,-3.062485,-2.647754,-3.222856,-3.304356,3.542732E+9
63.980000,-3.134126,-2.375649,-3.314872,-3.661248,3.542732E+9
63.985000,-3.026007,-2.314195,-3.336890,-3.583034,3.542732E+9
63.990000,-2.915258,-2.265558,-3.176519,-3.441723,3.542732E+9
63.995000,-2.773619,-2.340486,-2.813383,-3.127882,3.542732E+9
64.000000,-2.620806,-2.146594,-2.577099,-2.738456,3.542732E+9
64.005000,-2.572498,-1.994439,-2.409498,-2.155139,3.542732E+9
64.010000,-2.438417,-1.989181,-2.153824,-1.960262,3.542732E+9
64.015000,-2.456492,-2.051621,-2.040776,-1.833739,3.542732E+9
64.020000,-2.509072,-2.169270,-2.084155,-1.706560,3.542732E+9
64.025000,-2.469308,-2.003641,-2.078568,-1.632947,3.542732E+9
64.030000,-2.469308,-2.084812,-2.134435,-1.720362,3.542732E+9
64.035000,-2.410155,-1.978008,-2.211992,-1.996082,3.542732E+9
64.040000,-2.484425,-2.011528,-2.293492,-2.306308,3.542732E+9
64.045000,-2.616863,-2.114389,-2.495599,-2.711508,3.542732E+9
64.050000,-2.846904,-2.244197,-2.699349,-2.970140,3.542732E+9
64.055000,-2.868922,-2.361518,-2.859063,-2.954365,3.542732E+9
64.060000,-2.942863,-2.377621,-2.770333,-2.935962,3.542732E+9
64.065000,-2.877466,-2.424286,-2.636581,-2.683246,3.542732E+9
64.070000,-2.803196,-2.330955,-2.404568,-2.469966,3.542732E+9
64.075000,-2.679631,-2.287576,-2.155796,-2.190302,3.542732E+9
64.080000,-2.523861,-2.166969,-2.056221,-2.086455,3.542732E+9
64.085000,-2.391752,-2.057207,-1.976364,-1.796276,3.542732E+9
64.090000,-2.307951,-2.007584,-1.925756,-1.756840,3.542732E+9
64.095000,-2.258657,-1.995425,-1.898808,-1.717405,3.542732E+9
64.100000,-2.202133,-1.963219,-1.940872,-1.735808,3.542732E+9
64.105000,-2.197861,-1.932328,-1.878433,-1.845570,3.542732E+9
64.110000,-2.151195,-1.916225,-1.868245,-1.838997,3.542732E+9
64.115000,-2.091056,-1.862987,-1.904066,-1.921812,3.542732E+9
64.120000,-2.025987,-1.794633,-1.906038,-1.968477,3.542732E+9
64.125000,-1.985237,-1.770314,-1.971764,-2.064766,3.542732E+9
64.130000,-1.982937,-1.701631,-1.940872,-2.155139,3.542732E+9
64.135000,-1.913596,-1.695058,-1.984909,-2.046034,3.542732E+9
64.140000,-1.847870,-1.658251,-1.891578,-2.037818,3.542732E+9
64.145000,-1.735808,-1.599756,-1.832754,-1.932328,3.542732E+9
64.150000,-1.670739,-1.517927,-1.792332,-1.834397,3.542732E+9
64.155000,-1.525485,-1.435112,-1.682570,-1.733508,3.542732E+9
64.160000,-1.398963,-1.384504,-1.591211,-1.743695,3.542732E+9
64.165000,-1.431497,-1.315491,-1.587268,-1.636233,3.542732E+9
64.170000,-1.378260,-1.322721,-1.661209,-1.560977,3.542732E+9
64.175000,-1.405864,-1.324693,-1.582010,-1.544874,3.542732E+9
64.180000,-1.428540,-1.399949,-1.599427,-1.594497,3.542732E+9
64.185000,-1.475205,-1.385489,-1.668768,-1.669425,3.542732E+9
64.190000,-1.474219,-1.337838,-1.677312,-1.720691,3.542732E+9
64.195000,-1.531072,-1.422296,-1.785431,-1.780830,3.542732E+9
64.200000,-1.530415,-1.407508,-1.749610,-1.894864,3.542732E+9
64.205000,-1.543231,-1.423939,-1.802520,-1.898151,3.542732E+9
64.210000,-1.538631,-1.430840,-1.871860,-2.171242,3.542732E+9
64.215000,-1.513326,-1.432812,-1.843927,-1.987209,3.542732E+9
64.220000,-1.500181,-1.422624,-1.809749,-2.011528,3.542732E+9
64.225000,-1.513655,-1.387461,-1.778530,-1.942516,3.542732E+9
64.230000,-1.461074,-1.380560,-1.754211,-1.867917,3.542732E+9
64.235000,-1.421310,-1.360842,-1.701959,-1.729564,3.542732E+9
64.240000,-1.440370,-1.365114,-1.628675,-1.635905,3.542732E+9
64.245000,-1.397320,-1.400935,-1.609614,-1.603699,3.542732E+9
64.250000,-1.410794,-1.339153,-1.540931,-1.641163,3.542732E+9
64.255000,-1.412766,-1.387790,-1.600741,-1.566235,3.542732E+9
64.260000,-1.416052,-1.396006,-1.794304,-1.644449,3.542732E+9
64.265000,-1.460088,-1.463046,-1.671397,-1.728907,3.542732E+9
64.270000,-1.495251,-1.595483,-1.720362,-2.043733,3.542732E+9
64.275000,-1.699659,-1.940215,-1.791018,-2.165326,3.542732E+9
64.280000,-1.940872,-2.509730,-1.948102,-2.633623,3.542732E+9
64.285000,-2.403582,-3.004974,-2.216264,-3.112108,3.542732E+9
64.290000,-2.793337,-2.945164,-2.722353,-3.477544,3.542732E+9
64.295000,-2.663528,-2.927418,-3.100606,-3.879787,3.542732E+9
64.300000,-2.398324,-2.923146,-3.017462,-4.033257,3.542732E+9
64.305000,-2.291520,-2.833758,-2.802867,-4.133490,3.542732E+9
64.310000,-2.386165,-2.689161,-2.579399,-3.847253,3.542732E+9
64.315000,-2.303350,-2.584000,-2.422314,-3.174876,3.542732E+9
64.320000,-2.221193,-2.498228,-2.287576,-2.722024,3.542732E+9
64.325000,-2.074296,-2.501185,-2.117675,-2.368090,3.542732E+9
64.330000,-1.982608,-2.375978,-1.952703,-2.307294,3.542732E+9
64.335000,-1.961905,-2.358889,-1.817308,-2.096971,3.542732E+9
64.340000,-1.937915,-2.413770,-1.775243,-2.147580,3.542732E+9
64.345000,-2.008899,-2.401611,-1.793647,-2.187673,3.542732E+9
64.350000,-1.936929,-2.370391,-1.830453,-2.274760,3.542732E+9
64.355000,-1.990167,-2.352974,-1.981622,-2.496585,3.542732E+9
64.360000,-2.144623,-2.732212,-2.085469,-2.807468,3.542732E+9
64.365000,-2.277717,-2.645125,-2.334899,-2.997744,3.542732E+9
64.370000,-2.438089,-2.830143,-2.574141,-3.133797,3.542732E+9
64.375000,-2.434802,-2.710194,-2.639538,-3.145956,3.542732E+9
64.380000,-2.755873,-2.718409,-2.544893,-3.270507,3.542732E+9
64.385000,-2.360532,-2.689819,-2.441375,-2.769347,3.542732E+9
64.390000,-2.338185,-2.608647,-2.006927,-2.602075,3.542732E+9
64.395000,-2.235981,-2.565925,-1.860030,-2.343115,3.542732E+9
64.400000,-2.148237,-2.468322,-1.915239,-2.207719,3.542732E+9
64.405000,-2.057536,-2.585643,-1.782145,-2.017114,3.542732E+9
64.410000,-1.936929,-2.252742,-1.798576,-1.952046,3.542732E+9
64.415000,-1.944816,-2.277060,-1.773272,-1.935286,3.542732E+9
64.420000,-1.952375,-2.227766,-1.735808,-2.020729,3.542732E+9
64.425000,-2.005284,-2.171570,-1.741395,-2.005612,3.542732E+9
64.430000,-1.933971,-2.107816,-1.912939,-1.932328,3.542732E+9
64.435000,-1.882376,-1.983594,-1.863316,-1.955661,3.542732E+9
64.440000,-1.843927,-1.910967,-1.901108,-1.989838,3.542732E+9
64.445000,-1.839326,-1.895522,-1.922798,-2.093685,3.542732E+9
64.450000,-1.782473,-1.884677,-1.894207,-2.141665,3.542732E+9
64.455000,-1.779187,-1.798576,-1.895850,-2.218236,3.542732E+9
64.460000,-1.655294,-1.748296,-1.843270,-2.049649,3.542732E+9
64.465000,-1.628018,-1.637876,-1.892564,-1.930356,3.542732E+9
64.470000,-1.570508,-1.549147,-1.699330,-1.894536,3.542732E+9
64.475000,-1.480135,-1.451544,-1.694072,-1.720691,3.542732E+9
64.480000,-1.419338,-1.358213,-1.653651,-1.656280,3.542732E+9
64.485000,-1.421967,-1.376288,-1.610600,-1.575766,3.542732E+9
64.490000,-1.362157,-1.363471,-1.591540,-1.611258,3.542732E+9
64.495000,-1.437084,-1.346054,-1.609943,-1.584310,3.542732E+9
64.500000,-1.454501,-1.365114,-1.718391,-1.563278,3.542732E+9
64.505000,-1.479477,-1.385489,-1.661209,-1.671068,3.542732E+9
64.510000,-1.457131,-1.463374,-1.671068,-1.751253,3.542732E+9
64.515000,-1.471590,-1.398635,-1.724306,-1.927070,3.542732E+9
64.520000,-1.450558,-1.334223,-1.753883,-1.955661,3.542732E+9
64.525000,-1.524499,-1.432812,-1.992467,-2.006927,3.542732E+9
64.530000,-1.553090,-1.425911,-1.862330,-2.045705,3.542732E+9
64.535000,-1.543231,-1.427225,-1.852800,-1.998383,3.542732E+9
64.540000,-1.515626,-1.397320,-1.811721,-2.234667,3.542732E+9
64.545000,-1.504782,-1.416381,-1.760126,-1.876133,3.542732E+9
64.550000,-1.435441,-1.387790,-1.704260,-1.758155,3.542732E+9
64.555000,-1.436098,-1.345068,-1.642149,-1.655622,3.542732E+9
64.560000,-1.438727,-1.344082,-1.648064,-1.616844,3.542732E+9
64.565000,-1.371687,-1.344082,-1.571822,-1.600084,3.542732E+9
64.570000,-1.397320,-1.367415,-1.569193,-1.559006,3.542732E+9
64.575000,-1.429854,-1.368729,-1.659895,-1.657594,3.542732E+9
64.580000,-1.531072,-1.387461,-1.701631,-1.730221,3.542732E+9
64.585000,-1.628675,-1.441685,-1.857072,-1.765385,3.542732E+9
64.590000,-1.885991,-1.567550,-2.173542,-1.909653,3.542732E+9
64.595000,-2.344429,-1.873832,-2.221193,-2.062137,3.542732E+9
64.600000,-2.990843,-2.295463,-2.590244,-2.414756,3.542732E+9
64.605000,-3.201824,-2.741085,-2.975398,-2.826528,3.542732E+9
64.610000,-3.026664,-2.668458,-3.331632,-3.312243,3.542732E+9
64.615000,-3.106521,-2.374992,-3.298112,-3.557401,3.542732E+9
64.620000,-2.952722,-2.263915,-3.282009,-3.548199,3.542732E+9
64.625000,-2.824885,-2.265558,-3.072015,-3.469657,3.542732E+9
64.630000,-2.746343,-2.342457,-2.732212,-3.060184,3.542732E+9
64.635000,-2.648083,-2.154153,-2.538649,-2.627708,3.542732E+9
64.640000,-2.667472,-2.031903,-2.398653,-2.191617,3.542732E+9
64.645000,-2.494284,-2.015471,-2.333584,-1.951389,3.542732E+9
64.650000,-2.534048,-2.047677,-2.124248,-1.876461,3.542732E+9
64.655000,-2.580385,-2.237953,-2.170913,-1.764070,3.542732E+9
64.660000,-2.576113,-2.060165,-2.168941,-1.745338,3.542732E+9
64.665000,-2.588929,-2.033217,-2.185373,-1.803834,3.542732E+9
64.670000,-2.600103,-2.024673,-2.257671,-2.090399,3.542732E+9
64.675000,-2.814041,-2.097629,-2.392080,-2.521560,3.542732E+9
64.680000,-2.756859,-2.188330,-2.772633,-2.723339,3.542732E+9
64.685000,-2.914930,-2.297107,-2.784135,-2.957323,3.542732E+9
64.690000,-2.988214,-2.402925,-2.921502,-2.955680,3.542732E+9
64.695000,-3.007603,-2.446304,-2.815684,-2.897841,3.542732E+9
64.700000,-2.986900,-2.658599,-2.651698,-2.652355,3.542732E+9
64.705000,-2.911644,-2.374334,-2.429873,-2.838359,3.542732E+9
64.710000,-2.790379,-2.313538,-2.194903,-2.195560,3.542732E+9
64.715000,-2.598131,-2.206733,-2.064108,-1.986881,3.542732E+9
64.720000,-2.898827,-2.111431,-1.998054,-1.828810,3.542732E+9
64.725000,-2.438746,-2.062794,-2.071338,-1.747967,3.542732E+9
64.730000,-2.394052,-2.024673,-1.920497,-1.752568,3.542732E+9
64.735000,-2.332927,-2.028945,-1.948431,-1.723977,3.542732E+9
64.740000,-2.283961,-1.953360,-1.939229,-1.795290,3.542732E+9
64.745000,-2.252084,-1.983594,-1.884020,-1.875804,3.542732E+9
64.750000,-2.152510,-1.891249,-1.914254,-2.063123,3.542732E+9
64.755000,-2.013171,-1.788389,-1.934300,-1.982280,3.542732E+9
64.760000,-1.980637,-1.721020,-1.981294,-2.048991,3.542732E+9
64.765000,-2.006598,-1.708532,-1.960262,-2.106830,3.542732E+9
64.770000,-1.760784,-1.646421,-2.009227,-2.053264,3.542732E+9
64.775000,-1.799233,-1.631304,-1.913268,-2.020729,3.542732E+9
64.780000,-1.725292,-1.684870,-1.844256,-1.895193,3.542732E+9
64.785000,-1.621116,-1.502153,-1.761441,-1.932985,3.542732E+9
64.790000,-1.538302,-1.431826,-1.667453,-1.711161,3.542732E+9
64.795000,-1.400278,-1.347697,-1.615858,-1.658580,3.542732E+9
64.800000,-1.431169,-1.295445,-1.585953,-1.622431,3.542732E+9
64.805000,-1.415395,-1.316806,-1.633276,-1.539945,3.542732E+9
64.810000,-1.398635,-1.344082,-1.603042,-1.572151,3.542732E+9
64.815000,-1.402578,-1.370044,-1.625389,-1.589568,3.542732E+9
64.820000,-1.430840,-1.261925,-1.639520,-1.762756,3.542732E+9
64.825000,-1.487364,-1.398963,-1.696044,-1.751253,3.542732E+9
64.830000,-1.482764,-1.400935,-1.828481,-1.816979,3.542732E+9
64.835000,-1.525157,-1.403235,-1.766042,-1.900122,3.542732E+9
64.840000,-1.503796,-1.660552,-1.799233,-1.934300,3.542732E+9
64.845000,-1.512340,-1.442999,-1.836040,-2.097957,3.542732E+9
64.850000,-1.531072,-1.437741,-1.847870,-1.958947,3.542732E+9
64.855000,-1.460745,-1.451215,-1.743038,-1.944487,3.542732E+9
64.860000,-1.480792,-1.385161,-1.767028,-1.931014,3.542732E+9
64.865000,-1.425254,-1.381546,-1.735808,-1.807120,3.542732E+9
64.870000,-1.375302,-1.348026,-1.687828,-1.721677,3.542732E+9
64.875000,-1.399949,-1.349012,-1.623417,-1.645106,3.542732E+9
64.880000,-1.382532,-1.363143,-1.612243,-1.636562,3.542732E+9
64.885000,-1.400278,-1.331923,-1.559663,-1.646421,3.542732E+9
64.890000,-1.382203,-1.354270,-1.623745,-1.616516,3.542732E+9
64.895000,-1.411122,-1.381217,-1.636891,-1.646421,3.542732E+9
64.900000,-1.458774,-1.441028,-1.681256,-1.681913,3.542732E+9
64.905000,-1.450887,-1.555719,-1.726935,-1.863316,3.542732E+9
64.910000,-1.588911,-1.568864,-1.773272,-2.024344,3.542732E+9
64.915000,-1.652993,-1.790689,-1.905709,-2.133449,3.542732E+9
64.920000,-1.900122,-2.184387,-1.900780,-2.460764,3.542732E+9
64.925000,-2.434802,-2.996101,-2.165983,-2.940563,3.542732E+9
64.930000,-2.916902,-3.046053,-2.673716,-3.443695,3.542732E+9
64.935000,-2.972440,-2.955351,-3.150229,-3.643173,3.542732E+9
64.940000,-2.686204,-2.958966,-3.425949,-3.938940,3.542732E+9
64.945000,-2.497570,-2.801224,-3.023378,-4.195929,3.542732E+9
64.950000,-2.565597,-2.741413,-2.889297,-3.990207,3.542732E+9
64.955000,-2.496256,-2.619492,-2.676345,-3.461770,3.542732E+9
64.960000,-2.404240,-2.607333,-2.512359,-2.926760,3.542732E+9
64.965000,-2.371048,-2.530762,-2.377949,-2.614891,3.542732E+9
64.970000,-2.392738,-2.381893,-2.165326,-2.224151,3.542732E+9
64.975000,-2.112417,-2.414427,-2.145280,-2.173213,3.542732E+9
64.980000,-2.130492,-2.427244,-1.861016,-2.182086,3.542732E+9
64.985000,-2.114060,-2.394381,-1.906695,-2.114717,3.542732E+9
64.990000,-2.022373,-2.296778,-1.864631,-2.164998,3.542732E+9
64.995000,-2.014157,-2.583014,-1.910310,-2.305651,3.542732E+9
65.000000,-2.132792,-2.334242,-2.044391,-2.612919,3.542732E+9
65.005000,-2.290534,-2.566583,-2.259643,-2.905071,3.542732E+9
65.010000,-2.395367,-2.584986,-2.541935,-3.117366,3.542732E+9
65.015000,-2.685875,-2.639210,-2.666157,-3.013190,3.542732E+9
65.020000,-2.426258,-2.572827,-2.623764,-2.995773,3.542732E+9
65.025000,-2.446961,-2.557381,-2.379264,-2.864650,3.542732E+9
65.030000,-2.331941,-2.521889,-2.156782,-2.537006,3.542732E+9
65.035000,-2.347058,-2.472595,-1.908995,-2.311238,3.542732E+9
65.040000,-2.158096,-2.360861,-1.839655,-2.086455,3.542732E+9
65.045000,-2.095328,-2.245183,-1.834725,-1.998383,3.542732E+9
65.050000,-1.923127,-2.202133,-1.812379,-1.869889,3.542732E+9
65.055000,-1.890264,-2.067723,-1.831768,-1.968477,3.542732E+9
65.060000,-1.877776,-2.065094,-1.794633,-1.890921,3.542732E+9
65.065000,-1.888620,-2.017114,-1.777872,-1.949417,3.542732E+9
65.070000,-1.930356,-1.971435,-1.756183,-1.936272,3.542732E+9
65.075000,-1.826181,-1.884677,-1.843598,-1.892235,3.542732E+9
65.080000,-1.773272,-1.785760,-1.842284,-1.946131,3.542732E+9
65.085000,-1.795947,-1.885663,-1.900122,-1.984252,3.542732E+9
65.090000,-1.723320,-1.715433,-1.911624,-2.064766,3.542732E+9
65.095000,-1.710832,-1.731864,-1.865616,-2.083498,3.542732E+9
65.100000,-1.649378,-1.665810,-1.858058,-2.070352,3.542732E+9
65.105000,-1.717405,-1.596469,-1.804491,-2.004955,3.542732E+9
65.110000,-1.577737,-1.517598,-1.852800,-1.843598,3.542732E+9
65.115000,-1.447929,-1.429197,-1.685856,-1.765056,3.542732E+9
65.120000,-1.392719,-1.358542,-1.660881,-1.673040,3.542732E+9
65.125000,-1.364129,-1.303004,-1.608957,-1.971106,3.542732E+9
65.130000,-1.368072,-1.354927,-1.618816,-1.584967,3.542732E+9
65.135000,-1.373659,-1.364129,-1.635247,-1.606657,3.542732E+9
65.140000,-1.468304,-1.343425,-1.626703,-1.632290,3.542732E+9
65.145000,-1.344082,-1.401921,-1.701631,-1.655622,3.542732E+9
65.150000,-1.476520,-1.401264,-1.652336,-1.709518,3.542732E+9
65.155000,-1.469947,-1.451872,-1.686842,-1.765056,3.542732E+9
65.160000,-1.481449,-1.412108,-1.762427,-1.897493,3.542732E+9
65.165000,-1.737451,-1.403893,-1.758155,-1.951717,3.542732E+9
65.170000,-1.529429,-1.432155,-1.885991,-1.972421,3.542732E+9
65.175000,-1.546189,-1.422953,-1.834397,-2.022044,3.542732E+9
65.180000,-1.549147,-1.415066,-1.781487,-1.942187,3.542732E+9
65.185000,-1.490322,-1.382860,-1.792989,-2.436774,3.542732E+9
65.190000,-1.463046,-1.389762,-1.730550,-1.792661,3.542732E+9
65.195000,-1.411451,-1.358542,-1.675012,-1.712147,3.542732E+9
65.200000,-1.459431,-1.349012,-1.621116,-1.666796,3.542732E+9
65.205000,-1.407179,-1.354598,-1.636562,-1.625389,3.542732E+9
65.210000,-1.424596,-1.353612,-1.592526,-1.556376,3.542732E+9
65.215000,-1.425911,-1.371358,-1.610600,-1.591540,3.542732E+9
65.220000,-1.440699,-1.398635,-1.658909,-1.676326,3.542732E+9
65.225000,-1.553090,-1.388447,-1.697030,-1.751253,3.542732E+9
65.230000,-1.561635,-1.427225,-1.838997,-1.787731,3.542732E+9
65.235000,-1.699001,-1.544546,-1.970120,-1.925756,3.542732E+9
65.240000,-2.068052,-1.896508,-2.040447,-2.100586,3.542732E+9
65.245000,-2.650383,-2.312881,-2.298092,-2.439403,3.542732E+9
65.250000,-3.004317,-2.753573,-2.691462,-2.632966,3.542732E+9
65.255000,-2.914273,-2.829815,-3.056569,-3.173890,3.542732E+9
65.260000,-2.956009,-2.651369,-3.140698,-3.576790,3.542732E+9
65.265000,-2.885025,-2.745686,-3.079902,-3.724345,3.542732E+9
65.270000,-2.748315,-2.512687,-3.003660,-3.760494,3.542732E+9
65.275000,-2.752915,-2.599446,-2.781506,-3.352665,3.542732E+9
65.280000,-2.650712,-2.422314,-2.571841,-2.990843,3.542732E+9
65.285000,-2.632308,-2.269502,-2.407197,-2.516960,3.542732E+9
65.290000,-2.472923,-2.226123,-2.328655,-2.203119,3.542732E+9
65.295000,-2.503486,-2.268187,-2.162040,-2.085469,3.542732E+9
65.300000,-2.560667,-2.388137,-2.150867,-1.938572,3.542732E+9
65.305000,-2.550808,-2.294149,-2.124248,-2.120961,3.542732E+9
65.310000,-2.501185,-2.255371,-2.092042,-1.954018,3.542732E+9
65.315000,-2.470623,-2.247484,-2.136735,-2.160068,3.542732E+9
65.320000,-2.616863,-2.233024,-2.241240,-2.414099,3.542732E+9
65.325000,-2.629679,-2.344758,-2.489683,-2.678317,3.542732E+9
65.330000,-2.801224,-2.475552,-2.584986,-2.908686,3.542732E+9
65.335000,-2.905400,-2.596159,-2.759488,-2.978027,3.542732E+9
65.340000,-2.912301,-2.632308,-2.781178,-2.960609,3.542732E+9
65.345000,-2.941877,-2.717095,-2.654327,-2.749629,3.542732E+9
65.350000,-2.800895,-2.527476,-2.448276,-2.970468,3.542732E+9
65.355000,-2.690147,-2.476210,-2.157768,-2.340814,3.542732E+9
65.360000,-2.546208,-2.382879,-1.979979,-2.196546,3.542732E+9
65.365000,-2.497570,-2.267859,-1.881391,-2.054907,3.542732E+9
65.370000,-2.348044,-2.200161,-2.016786,-1.872518,3.542732E+9
65.375000,-2.287905,-2.138707,-1.899465,-1.802520,3.542732E+9
65.380000,-2.238282,-2.109459,-1.895193,-1.774258,3.542732E+9
65.385000,-2.231052,-2.063123,-1.847213,-1.866602,3.542732E+9
65.390000,-2.131149,-2.081197,-1.818294,-1.844913,3.542732E+9
65.395000,-2.067395,-1.915239,-1.868245,-1.933971,3.542732E+9
65.400000,-1.989181,-1.793975,-1.880405,-1.900780,3.542732E+9
65.405000,-1.884020,-1.780501,-1.897165,-2.025987,3.542732E+9
65.410000,-1.845899,-1.710175,-1.886649,-2.056221,3.542732E+9
65.415000,-1.804163,-1.633276,-1.977679,-2.047677,3.542732E+9
65.420000,-1.752239,-1.630975,-1.932328,-2.040118,3.542732E+9
65.425000,-1.712147,-1.683227,-1.815665,-1.965848,3.542732E+9
65.430000,-1.631961,-1.537973,-1.765056,-1.993453,3.542732E+9
65.435000,-1.514641,-1.461731,-1.669753,-1.765385,3.542732E+9
65.440000,-1.420324,-1.372673,-1.632290,-1.677641,3.542732E+9
65.445000,-1.417366,-1.298403,-1.569522,-1.662524,3.542732E+9
65.450000,-1.365114,-1.313848,-1.605999,-1.559663,3.542732E+9
65.455000,-1.350983,-1.313191,-1.607643,-1.571493,3.542732E+9
65.460000,-1.398306,-1.363800,-1.611915,-1.592526,3.542732E+9
65.465000,-1.423282,-1.306947,-1.651679,-1.704260,3.542732E+9
65.470000,-1.523514,-1.398306,-1.691114,-1.688157,3.542732E+9
65.475000,-1.477177,-1.394034,-1.779187,-1.831110,3.542732E+9
65.480000,-1.471590,-1.423610,-1.720034,-1.936272,3.542732E+9
65.485000,-1.496566,-1.536659,-1.779844,-1.922469,3.542732E+9
65.490000,-1.528443,-1.414737,-1.834068,-2.053264,3.542732E+9
65.495000,-1.494923,-1.431169,-1.823552,-1.952375,3.542732E+9
65.500000,-1.516941,-1.423939,-1.784116,-1.938901,3.542732E+9
65.505000,-1.507411,-1.398963,-1.754211,-1.916554,3.542732E+9
65.510000,-1.471262,-1.388776,-1.763413,-1.770643,3.542732E+9
65.515000,-1.433469,-1.366100,-1.728907,-1.711489,3.542732E+9
65.520000,-1.435770,-1.362814,-1.655294,-1.642806,3.542732E+9
65.525000,-1.388447,-1.370044,-1.594497,-1.670411,3.542732E+9
65.530000,-1.404221,-1.337838,-1.563278,-1.628018,3.542732E+9
65.535000,-1.387790,-1.339810,-1.647407,-1.619473,3.542732E+9
65.540000,-1.397977,-1.374316,-1.651679,-1.668110,3.542732E+9
65.545000,-1.432483,-1.425254,-1.656280,-1.736794,3.542732E+9
65.550000,-1.462060,-1.518256,-1.730221,-1.849842,3.542732E+9
65.555000,-1.568536,-1.551776,-1.758155,-2.012185,3.542732E+9
65.560000,-1.585296,-1.759469,-1.865616,-2.071996,3.542732E+9
65.565000,-1.782802,-2.210677,-1.701959,-2.450248,3.542732E+9
65.570000,-2.353302,-2.896527,-2.019743,-2.814369,3.542732E+9
65.575000,-2.666486,-2.907700,-2.432502,-3.222856,3.542732E+9
65.580000,-2.550808,-2.825214,-2.849861,-3.366796,3.542732E+9
65.585000,-2.398324,-2.821599,-3.012861,-3.633972,3.542732E+9
65.590000,-2.093685,-2.573484,-2.675030,-3.790071,3.542732E+9
65.595000,-2.200161,-2.499542,-2.497570,-3.623784,3.542732E+9
65.600000,-2.281004,-2.533391,-2.381564,-3.165346,3.542732E+9
65.605000,-2.250770,-2.585314,-2.228423,-2.753573,3.542732E+9
65.610000,-2.179786,-2.576770,-2.118661,-2.493955,3.542732E+9
65.615000,-2.126877,-2.418042,-1.974393,-2.309594,3.542732E+9
65.620000,-2.058850,-2.466351,-1.938901,-2.172885,3.542732E+9
65.625000,-2.148895,-2.548508,-1.838340,-2.262929,3.542732E+9
65.630000,-2.071996,-2.547522,-1.848199,-2.266544,3.542732E+9
65.635000,-2.073639,-2.522546,-1.886649,-2.391752,3.542732E+9
65.640000,-2.116689,-2.537006,-1.949745,-2.560010,3.542732E+9
65.645000,-2.251427,-2.625079,-2.133121,-2.977698,3.542732E+9
65.650000,-2.322740,-2.788079,-2.348701,-3.016148,3.542732E+9
65.655000,-2.463722,-2.854791,-2.513345,-3.158444,3.542732E+9
65.660000,-2.481468,-2.835401,-2.557710,-3.130511,3.542732E+9
65.665000,-2.489683,-2.885025,-2.495270,-2.963238,3.542732E+9
65.670000,-2.397010,-2.795966,-2.237625,-2.715452,3.542732E+9
65.675000,-2.387480,-2.784464,-1.999040,-2.475552,3.542732E+9
65.680000,-2.293820,-2.708879,-1.834725,-2.278703,3.542732E+9
65.685000,-2.221522,-2.638552,-1.732850,-2.158425,3.542732E+9
65.690000,-2.065423,-2.408840,-1.750268,-2.116032,3.542732E+9
65.695000,-2.494613,-2.391423,-1.765713,-1.864959,3.542732E+9
65.700000,-1.943173,-2.292177,-1.900451,-1.962233,3.542732E+9
65.705000,-2.055893,-2.254385,-1.809749,-2.051949,3.542732E+9
65.710000,-1.946459,-2.170256,-1.772614,-1.981294,3.542732E+9
65.715000,-1.893879,-2.102887,-1.801862,-1.996411,3.542732E+9
65.720000,-1.834397,-2.020072,-1.815008,-1.978993,3.542732E+9
65.725000,-1.781159,-1.881062,-1.856415,-2.101572,3.542732E+9
65.730000,-1.722991,-1.802520,-1.835711,-2.008570,3.542732E+9
65.735000,-1.694729,-1.780501,-2.022044,-2.099600,3.542732E+9
65.740000,-1.687499,-1.718062,-1.786745,-2.042419,3.542732E+9
65.745000,-1.657923,-1.648393,-1.826838,-1.913925,3.542732E+9
65.750000,-1.589568,-1.582667,-1.777215,-1.841626,3.542732E+9
65.755000,-1.504453,-1.551118,-1.697030,-1.763084,3.542732E+9
65.760000,-1.420653,-1.395348,-1.652665,-1.715433,3.542732E+9
65.765000,-1.437084,-1.313191,-1.607314,-1.649378,3.542732E+9
65.770000,-1.321735,-1.310562,-1.637876,-1.608300,3.542732E+9
65.775000,-1.386804,-1.326336,-1.628018,-1.619802,3.542732E+9
65.780000,-1.397649,-1.408165,-1.627360,-1.639848,3.542732E+9
65.785000,-1.435441,-1.395677,-1.670411,-1.798905,3.542732E+9
65.790000,-1.453844,-1.398306,-1.682899,-1.720691,3.542732E+9
65.795000,-1.480792,-1.408822,-1.567878,-1.741066,3.542732E+9
65.800000,-1.467647,-1.402907,-1.706231,-1.831768,3.542732E+9
65.805000,-1.501167,-1.405536,-1.748953,-1.878104,3.542732E+9
65.810000,-1.473562,-1.413752,-1.776229,-1.912282,3.542732E+9
65.815000,-1.492622,-1.427883,-1.796933,-1.922141,3.542732E+9
65.820000,-1.481120,-1.394691,-1.786745,-1.942844,3.542732E+9
65.825000,-1.506425,-1.388776,-1.762427,-1.983923,3.542732E+9
65.830000,-1.438399,-1.398963,-1.718062,-1.824209,3.542732E+9
65.835000,-1.415723,-1.336524,-1.716090,-1.778530,3.542732E+9
65.840000,-1.403893,-1.353284,-1.652993,-1.700973,3.542732E+9
65.845000,-1.405207,-1.512012,-1.646421,-1.679612,3.542732E+9
65.850000,-1.388118,-1.343096,-1.591211,-1.632947,3.542732E+9
65.855000,-1.445300,-1.362157,-1.649378,-1.621774,3.542732E+9
65.860000,-1.465675,-1.393705,-1.722334,-1.657923,3.542732E+9
65.865000,-1.672054,-1.472905,-1.815336,-1.724635,3.542732E+9
65.870000,-1.811393,-1.531729,-1.994110,-1.842612,3.542732E+9
65.875000,-2.281332,-1.744681,-2.200818,-2.060165,3.542732E+9
65.880000,-2.921502,-2.180772,-2.537992,-2.312881,3.542732E+9
65.885000,-3.166332,-2.669444,-2.950422,-2.782821,3.542732E+9
65.890000,-3.030936,-2.769676,-3.208067,-3.275108,3.542732E+9
65.895000,-3.067414,-2.386494,-3.300741,-3.680309,3.542732E+9
65.900000,-2.923803,-2.191288,-3.282338,-3.579419,3.542732E+9
65.905000,-2.780849,-2.182415,-3.118680,-3.448953,3.542732E+9
65.910000,-2.678645,-2.279361,-2.738456,-3.100606,3.542732E+9
65.915000,-2.740099,-2.217250,-2.567240,-2.625407,3.542732E+9
65.920000,-2.628036,-2.088427,-2.428230,-2.173871,3.542732E+9
65.925000,-2.531091,-2.096314,-2.225137,-1.959276,3.542732E+9
65.930000,-2.444990,-2.012842,-2.126219,-1.929042,3.542732E+9
65.935000,-2.519260,-2.169598,-2.146923,-1.817965,3.542732E+9
65.940000,-2.541278,-2.067723,-2.161054,-1.778858,3.542732E+9
65.945000,-2.650712,-2.004627,-2.198189,-1.959933,3.542732E+9
65.950000,-2.513016,-2.032560,-2.276074,-2.138707,3.542732E+9
65.955000,-2.573155,-2.087112,-2.398324,-2.467665,3.542732E+9
65.960000,-2.680946,-2.147252,-2.555081,-2.720381,3.542732E+9
65.965000,-2.879438,-2.285933,-2.757516,-2.947136,3.542732E+9
65.970000,-2.934319,-2.411798,-2.807139,-2.935305,3.542732E+9
65.975000,-2.925446,-2.306965,-2.735827,-2.871222,3.542732E+9
65.980000,-2.879438,-2.405554,-2.590573,-2.593859,3.542732E+9
65.985000,-2.860377,-2.341143,-2.386165,-2.416728,3.542732E+9
65.990000,-2.645782,-2.249455,-2.143637,-2.195889,3.542732E+9
65.995000,-2.566254,-2.168941,-2.065423,-1.969792,3.542732E+9
66.000000,-2.381564,-2.095657,-1.994439,-1.850828,3.542732E+9
66.005000,-2.417385,-2.193588,-1.998711,-1.816979,3.542732E+9
66.010000,-2.236310,-1.978665,-1.929370,-1.819608,3.542732E+9
66.015000,-2.181429,-2.019086,-1.881391,-1.799562,3.542732E+9
66.020000,-2.130492,-1.930685,-1.863973,-1.879747,3.542732E+9
66.025000,-2.309594,-1.865288,-1.872518,-1.983266,3.542732E+9
66.030000,-2.010213,-1.842284,-1.822895,-1.893221,3.542732E+9
66.035000,-1.986223,-1.746324,-1.891907,-1.939229,3.542732E+9
66.040000,-1.901766,-1.692100,-1.900780,-1.961905,3.542732E+9
66.045000,-1.881062,-1.667453,-1.949088,-2.019415,3.542732E+9
66.050000,-1.766042,-1.629661,-1.894864,-1.979651,3.542732E+9
66.055000,-1.739423,-1.588253,-1.859372,-2.042419,3.542732E+9
66.060000,-1.647407,-1.543231,-1.790360,-1.906038,3.542732E+9
66.065000,-1.579052,-1.483092,-1.890264,-1.857729,3.542732E+9
66.070000,-1.439056,-1.380231,-1.666139,-1.762756,3.542732E+9
66.075000,-1.431497,-1.340139,-1.686514,-1.647735,3.542732E+9
66.080000,-1.327979,-1.294459,-1.590883,-1.636562,3.542732E+9
66.085000,-1.390090,-1.353612,-1.577080,-1.607971,3.542732E+9
66.090000,-1.341125,-1.344082,-1.569522,-1.582338,3.542732E+9
66.095000,-1.463703,-1.345068,-1.624074,-1.613558,3.542732E+9
66.100000,-1.421967,-1.375302,-1.663510,-1.625060,3.542732E+9
66.105000,-1.505439,-1.407508,-1.705245,-1.725620,3.542732E+9
66.110000,-1.463046,-1.395677,-1.693743,-1.788389,3.542732E+9
66.115000,-1.493280,-1.409479,-1.749939,-1.975379,3.542732E+9
66.120000,-1.460088,-1.418681,-1.773929,-1.944487,3.542732E+9
66.125000,-1.555391,-1.434784,-1.669425,-1.948431,3.542732E+9
66.130000,-1.508068,-1.414080,-1.825852,-2.008241,3.542732E+9
66.135000,-1.496566,-1.422953,-1.819937,-1.985895,3.542732E+9
66.140000,-1.432483,-1.368072,-1.758483,-1.927399,3.542732E+9
66.145000,-1.468304,-1.377931,-1.725949,-1.811721,3.542732E+9
66.150000,-1.371687,-1.341125,-1.660552,-1.701631,3.542732E+9
66.155000,-1.445629,-1.344082,-1.608957,-1.659895,3.542732E+9
66.160000,-1.378588,-1.343096,-1.581681,-1.581024,3.542732E+9
66.165000,-1.425911,-1.344411,-1.612901,-1.561963,3.542732E+9
66.170000,-1.403235,-1.360185,-1.573465,-1.554405,3.542732E+9
66.175000,-1.394362,-1.435112,-1.612901,-1.651350,3.542732E+9
66.180000,-1.405536,-1.382532,-1.646421,-1.713461,3.542732E+9
66.185000,-1.490322,-1.418024,-1.759469,-1.828481,3.542732E+9
66.190000,-1.489993,-1.501495,-1.771300,-1.973078,3.542732E+9
66.195000,-1.609943,-1.738437,-1.885991,-2.113074,3.542732E+9
66.200000,-1.770643,-1.978993,-1.934300,-2.382550,3.542732E+9
66.205000,-2.350673,-2.663857,-2.106830,-2.737141,3.542732E+9
66.210000,-2.710851,-2.903756,-2.448933,-3.039809,3.542732E+9
66.215000,-2.793008,-2.811740,-2.910000,-3.291211,3.542732E+9
66.220000,-2.584000,-2.801881,-3.040138,-3.538340,3.542732E+9
66.225000,-2.362175,-2.573155,-2.862020,-3.834107,3.542732E+9
66.230000,-2.226780,-2.442032,-2.622121,-3.670121,3.542732E+9
66.235000,-2.304665,-2.429873,-2.473580,-3.319473,3.542732E+9
66.240000,-2.157439,-2.336213,-2.280675,-2.795309,3.542732E+9
66.245000,-2.036504,-2.409169,-2.197203,-2.479167,3.542732E+9
66.250000,-2.022701,-2.291848,-2.017772,-2.276732,3.542732E+9
66.255000,-2.073310,-2.472595,-1.909981,-2.157439,3.542732E+9
66.260000,-2.037489,-2.401611,-1.863973,-2.168284,3.542732E+9
66.265000,-2.091385,-2.477195,-1.913268,-2.222836,3.542732E+9
66.270000,-2.058522,-2.411141,-1.909324,-2.276403,3.542732E+9
66.275000,-2.142322,-2.381236,-1.960262,-2.529776,3.542732E+9
66.280000,-2.151195,-2.419357,-2.097629,-2.690805,3.542732E+9
66.285000,-2.365133,-2.593202,-2.336542,-2.974083,3.542732E+9
66.290000,-2.437431,-2.699678,-2.521232,-3.063142,3.542732E+9
66.295000,-2.553766,-2.744371,-2.655970,-3.130511,3.542732E+9
66.300000,-2.503486,-2.756859,-2.574798,-3.047368,3.542732E+9
66.305000,-2.481796,-2.745028,-2.403582,-2.986242,3.542732E+9
66.310000,-2.365133,-2.676673,-2.141336,-2.605361,3.542732E+9
66.315000,-2.375649,-2.696063,-1.932328,-2.424615,3.542732E+9
66.320000,-2.211334,-2.541935,-1.800548,-2.192602,3.542732E+9
66.325000,-2.180772,-2.452548,-1.821251,-2.047348,3.542732E+9
66.330000,-2.043733,-2.353959,-1.790689,-1.963219,3.542732E+9
66.335000,-2.057207,-2.299078,-1.828810,-1.921155,3.542732E+9
66.340000,-2.010542,-2.274102,-1.851814,-1.975707,3.542732E+9
66.345000,-2.113074,-2.302693,-1.855758,-2.002326,3.542732E+9
66.350000,-1.994768,-2.210020,-1.820266,-2.018429,3.542732E+9
66.355000,-2.081197,-2.121619,-1.846556,-2.222836,3.542732E+9
66.360000,-1.859701,-1.990824,-1.889278,-2.056879,3.542732E+9
66.365000,-1.902752,-1.918854,-1.921155,-2.120633,3.542732E+9
66.370000,-1.771300,-1.858058,-1.869231,-2.115375,3.542732E+9
66.375000,-1.752239,-1.815336,-1.885991,-2.128520,3.542732E+9
66.380000,-1.644120,-1.726935,-1.815336,-2.017772,3.542732E+9
66.385000,-1.644449,-1.629661,-1.777544,-1.958947,3.542732E+9
66.390000,-1.545203,-1.564921,-1.709518,-1.810735,3.542732E+9
66.395000,-1.453187,-1.524171,-1.702616,-1.706560,3.542732E+9
66.400000,-1.374316,-1.394691,-1.595155,-1.634262,3.542732E+9
66.405000,-1.407508,-1.186669,-1.588253,-1.572151,3.542732E+9
66.410000,-1.329294,-1.336195,-1.584967,-1.561963,3.542732E+9
66.415000,-1.394034,-1.371358,-1.598112,-1.575766,3.542732E+9
66.420000,-1.395020,-1.361171,-1.633276,-1.679941,3.542732E+9
66.425000,-1.467975,-1.385489,-1.698673,-1.771300,3.542732E+9
66.430000,-1.442671,-1.396663,-1.715433,-1.773929,3.542732E+9
66.435000,-1.477506,-1.423939,-1.772943,-1.861673,3.542732E+9
66.440000,-1.438727,-1.396006,-1.739423,-1.916554,3.542732E+9
66.445000,-1.482106,-1.472247,-1.808435,-1.988195,3.542732E+9
66.450000,-1.455159,-1.411451,-1.794304,-1.940544,3.542732E+9
66.455000,-1.491637,-1.431169,-1.887306,-1.903409,3.542732E+9
66.460000,-1.459431,-1.391076,-1.756840,-1.925756,3.542732E+9
66.465000,-1.506096,-1.444643,-1.745338,-1.824866,3.542732E+9
66.470000,-1.408493,-1.377931,-1.700973,-1.740737,3.542732E+9
66.475000,-1.447929,-1.343096,-1.655951,-1.779844,3.542732E+9
66.480000,-1.379245,-1.346711,-1.611915,-1.657266,3.542732E+9
66.485000,-1.375959,-1.325350,-1.587925,-1.656937,3.542732E+9
66.490000,-1.369058,-1.324693,-1.578395,-1.632947,3.542732E+9
66.495000,-1.418024,-1.365772,-1.642806,-1.730878,3.542732E+9
66.500000,-1.402249,-1.371030,-1.660881,-1.682241,3.542732E+9
66.505000,-1.513326,-1.399620,-1.825852,-1.763741,3.542732E+9
66.510000,-1.535673,-1.431497,-1.792661,-1.866931,3.542732E+9
66.515000,-1.714118,-1.442671,-1.904395,-1.918526,3.542732E+9
66.520000,-1.955332,-1.784774,-2.045048,-2.079883,3.542732E+9
66.525000,-2.515316,-2.115046,-2.290205,-2.349687,3.542732E+9
66.530000,-2.915258,-2.576441,-2.648083,-2.684561,3.542732E+9
66.535000,-2.977698,-2.891269,-3.002345,-3.197223,3.542732E+9
66.540000,-2.873194,-2.629022,-3.197551,-3.570875,3.542732E+9
66.545000,-2.891269,-2.498228,-3.284967,-3.745377,3.542732E+9
66.550000,-2.732212,-2.400625,-3.118352,-3.705942,3.542732E+9
66.555000,-2.632308,-2.388794,-2.864321,-3.577119,3.542732E+9
66.560000,-2.480482,-2.305322,-2.593202,-3.037837,3.542732E+9
66.565000,-2.371377,-2.090727,-2.483768,-2.506115,3.542732E+9
66.570000,-2.269502,-2.014485,-2.208048,-2.161383,3.542732E+9
66.575000,-2.281661,-2.079225,-2.047677,-1.971106,3.542732E+9
66.580000,-2.257014,-2.164998,-1.953032,-1.826510,3.542732E+9
66.585000,-2.351330,-2.203447,-1.981951,-1.724635,3.542732E+9
66.590000,-2.285933,-2.072653,-2.011856,-1.712475,3.542732E+9
66.595000,-2.726954,-2.081197,-2.039133,-1.689471,3.542732E+9
66.600000,-2.244526,-2.036175,-2.111102,-2.222179,3.542732E+9
66.605000,-2.429544,-2.104201,-2.277717,-2.674373,3.542732E+9
66.610000,-2.500857,-2.230066,-2.497242,-2.898827,3.542732E+9
66.615000,-2.641181,-2.348373,-2.765732,-3.079573,3.542732E+9
66.620000,-2.686861,-2.433488,-2.762117,-3.044410,3.542732E+9
66.625000,-2.763432,-2.473580,-2.729911,-3.069714,3.542732E+9
66.630000,-2.675359,-2.447947,-2.457149,-2.637895,3.542732E+9
66.635000,-2.655970,-2.418699,-2.216592,-2.471609,3.542732E+9
66.640000,-2.462078,-2.309594,-2.007913,-2.149881,3.542732E+9
66.645000,-2.348044,-2.192931,-2.064766,-1.972750,3.542732E+9
66.650000,-2.219550,-2.111431,-1.891907,-1.856743,3.542732E+9
66.655000,-2.251098,-2.106502,-1.875147,-1.791346,3.542732E+9
66.660000,-2.139693,-2.079225,-1.832096,-1.819937,3.542732E+9
66.665000,-2.263915,-2.191617,-1.870217,-1.876790,3.542732E+9
66.670000,-2.109131,-2.037818,-1.848856,-1.928056,3.542732E+9
66.675000,-2.126219,-1.996411,-1.882048,-1.995425,3.542732E+9
66.680000,-2.001998,-1.897165,-1.912610,-2.019415,3.542732E+9
66.685000,-2.025002,-1.833082,-1.972092,-2.117675,3.542732E+9
66.690000,-1.926084,-1.806135,-1.955004,-2.083826,3.542732E+9
66.695000,-1.971764,-1.806463,-1.936929,-2.146923,3.542732E+9
66.700000,-1.848528,-1.763741,-1.898808,-2.086127,3.542732E+9
66.705000,-1.820594,-1.703931,-1.904723,-2.072324,3.542732E+9
66.710000,-1.724306,-1.620459,-1.804163,-1.872846,3.542732E+9
66.715000,-1.613887,-1.577737,-1.736794,-1.821251,3.542732E+9
66.720000,-1.483421,-1.455159,-1.615530,-1.725620,3.542732E+9
66.725000,-1.440699,-1.380231,-1.646092,-1.654308,3.542732E+9
66.730000,-1.327979,-1.308590,-1.563606,-1.585953,3.542732E+9
66.735000,-1.373987,-1.364129,-1.587925,-1.543889,3.542732E+9
66.740000,-1.343425,-1.320421,-1.592854,-1.571822,3.542732E+9
66.745000,-1.517598,-1.370044,-1.637548,-1.548161,3.542732E+9
66.750000,-1.438727,-1.378260,-1.649050,-1.671725,3.542732E+9
66.755000,-1.496895,-1.399292,-1.697358,-1.799562,3.542732E+9
66.760000,-1.442999,-1.386804,-1.713790,-1.815336,3.542732E+9
66.765000,-1.505439,-1.387790,-1.792003,-2.014485,3.542732E+9
66.770000,-1.491308,-1.420653,-1.768671,-1.962233,3.542732E+9
66.775000,-1.522856,-1.489008,-1.881719,-1.964862,3.542732E+9
66.780000,-1.501824,-1.418024,-1.805477,-1.970778,3.542732E+9
66.785000,-1.543889,-1.408165,-1.844256,-1.942516,3.542732E+9
66.790000,-1.415395,-1.376288,-1.744681,-1.878762,3.542732E+9
66.795000,-1.466661,-1.407508,-1.713790,-1.767685,3.542732E+9
66.800000,-1.397649,-1.330937,-1.649050,-1.690786,3.542732E+9
66.805000,-1.446943,-1.335209,-1.623745,-1.659237,3.542732E+9
66.810000,-1.369387,-1.326008,-1.551118,-1.581681,3.542732E+9
66.815000,-1.396663,-1.352298,-1.586610,-1.591540,3.542732E+9
66.820000,-1.383189,-1.368072,-1.576094,-1.604028,3.542732E+9
66.825000,-1.452858,-1.410794,-1.655294,-1.723977,3.542732E+9
66.830000,-1.479806,-1.510368,-1.704588,-1.860687,3.542732E+9
66.835000,-1.587596,-1.705574,-1.833411,-2.039790,3.542732E+9
66.840000,-1.722991,-2.043076,-1.854114,-2.357574,3.542732E+9
66.845000,-2.201475,-2.806153,-2.039461,-2.793994,3.542732E+9
66.850000,-2.618177,-2.972111,-2.442689,-3.177176,3.542732E+9
66.855000,-2.933004,-2.909343,-2.970140,-3.303699,3.542732E+9
66.860000,-2.540292,-2.827843,-3.106850,-3.792043,3.542732E+9
66.865000,-2.330955,-2.758831,-2.934976,-4.034572,3.542732E+9
66.870000,-2.263586,-2.604046,-2.686204,-3.947156,3.542732E+9
66.875000,-2.358889,-2.516631,-2.549822,-3.258019,3.542732E+9
66.880000,-2.235981,-2.416728,-2.345744,-2.889297,3.542732E+9
66.885000,-2.214949,-2.503157,-2.234010,-2.540949,3.542732E+9
66.890000,-1.999368,-2.314524,-2.042419,-2.247155,3.542732E+9
66.895000,-1.991153,-2.282318,-1.909653,-2.081526,3.542732E+9
66.900000,-1.954018,-2.290863,-1.773600,-2.047020,3.542732E+9
66.905000,-1.952375,-2.554752,-1.800548,-2.069695,3.542732E+9
66.910000,-1.946788,-2.296778,-1.826510,-2.134764,3.542732E+9
66.915000,-1.985237,-2.316824,-1.858058,-2.314195,3.542732E+9
66.920000,-2.028288,-2.295463,-1.965191,-2.589258,3.542732E+9
66.925000,-2.374992,-2.494941,-2.215278,-3.137083,3.542732E+9
66.930000,-2.346401,-2.622121,-2.465036,-3.058541,3.542732E+9
66.935000,-2.520246,-2.670758,-2.636252,-3.174219,3.542732E+9
66.940000,-2.425929,-2.648411,-2.652026,-3.058212,3.542732E+9
66.945000,-2.449919,-2.624421,-2.517945,-2.896527,3.542732E+9
66.950000,-2.347058,-2.601417,-2.201475,-2.665500,3.542732E+9
66.955000,-2.347387,-2.570198,-1.961247,-2.906714,3.542732E+9
66.960000,-2.199832,-2.496256,-1.831439,-2.229738,3.542732E+9
66.965000,-2.154153,-2.385836,-1.815336,-2.143637,3.542732E+9
66.970000,-1.971106,-2.251427,-1.786417,-1.960262,3.542732E+9
66.975000,-1.950731,-2.225137,-1.915897,-1.936272,3.542732E+9
66.980000,-1.920169,-2.177814,-1.760126,-1.931999,3.542732E+9
66.985000,-2.009556,-2.136735,-1.786745,-1.921155,3.542732E+9
66.990000,-1.907024,-2.089741,-1.763413,-1.919840,3.542732E+9
66.995000,-1.931342,-2.079554,-1.803506,-1.936600,3.542732E+9
67.000000,-1.820594,-1.927727,-1.855758,-1.988852,3.542732E+9
67.005000,-1.890921,-1.906038,-1.920497,-2.042419,3.542732E+9
67.010000,-1.786088,-1.821580,-1.895193,-2.114389,3.542732E+9
67.015000,-1.847542,-1.830453,-1.897165,-2.209363,3.542732E+9
67.020000,-1.698344,-1.737451,-1.857401,-2.102229,3.542732E+9
67.025000,-1.677312,-1.664167,-1.868245,-2.003641,3.542732E+9
67.030000,-1.549804,-1.554076,-1.718391,-1.900122,3.542732E+9
67.035000,-1.451872,-1.488022,-1.688814,-1.829467,3.542732E+9
67.040000,-1.366429,-1.371687,-1.608300,-1.666139,3.542732E+9
67.045000,-1.374316,-1.329951,-1.704917,-1.566564,3.542732E+9
67.050000,-1.311877,-1.326665,-1.574122,-1.556705,3.542732E+9
67.055000,-1.404550,-1.346383,-1.590225,-1.532715,3.542732E+9
67.060000,-1.380231,-1.357227,-1.599427,-1.554076,3.542732E+9
67.065000,-1.495909,-1.421310,-1.655294,-1.610929,3.542732E+9
67.070000,-1.435441,-1.393048,-1.657594,-1.713790,3.542732E+9
67.075000,-1.508725,-1.407836,-1.710503,-1.880076,3.542732E+9
67.080000,-1.451544,-1.403564,-1.719376,-1.907024,3.542732E+9
67.085000,-1.513983,-1.410794,-1.836368,-1.960919,3.542732E+9
67.090000,-1.495580,-1.407179,-1.826181,-2.002655,3.542732E+9
67.095000,-1.500510,-1.609614,-1.872189,-2.090070,3.542732E+9
67.100000,-1.459760,-1.402249,-1.793647,-1.983594,3.542732E+9
67.105000,-1.478163,-1.392719,-1.870546,-1.881062,3.542732E+9
67.110000,-1.411780,-1.368729,-1.718719,-1.771628,3.542732E+9
67.115000,-1.448915,-1.425582,-1.681256,-1.668768,3.542732E+9
67.120000,-1.386475,-1.340796,-1.592197,-1.637219,3.542732E+9
67.125000,-1.498538,-1.346711,-1.559663,-1.487036,3.542732E+9
67.130000,-1.364129,-1.325350,-1.555062,-1.552104,3.542732E+9
67.135000,-1.480792,-1.355913,-1.604356,-1.588911,3.542732E+9
67.140000,-1.400278,-1.364786,-1.613558,-1.649378,3.542732E+9
67.145000,-1.504782,-1.382532,-1.722663,-1.811393,3.542732E+9
67.150000,-1.539945,-1.404550,-1.788389,-1.786417,3.542732E+9
67.155000,-1.760784,-1.502810,-2.038804,-1.869231,3.542732E+9
67.160000,-2.126219,-1.773600,-2.125233,-2.051292,3.542732E+9
67.165000,-2.813712,-2.258986,-2.438089,-2.258986,3.542732E+9
67.170000,-3.112108,-2.617520,-2.794651,-2.593859,3.542732E+9
67.175000,-3.058870,-2.754230,-3.092718,-3.085817,3.542732E+9
67.180000,-3.008589,-2.482125,-3.206753,-3.432193,3.542732E+9
67.185000,-3.066757,-2.358889,-3.230414,-3.629700,3.542732E+9
67.190000,-2.818641,-2.299736,-3.077273,-3.486417,3.542732E+9
67.195000,-2.782821,-2.377292,-2.873523,-3.276094,3.542732E+9
67.200000,-2.636909,-2.251427,-2.584000,-2.834744,3.542732E+9
67.205000,-2.599117,-2.056221,-2.460435,-2.361189,3.542732E+9
67.210000,-2.434474,-1.988524,-2.256685,-2.084812,3.542732E+9
67.215000,-2.441375,-2.042090,-2.271802,-1.939229,3.542732E+9
67.220000,-2.467337,-2.142651,-2.124248,-1.787403,3.542732E+9
67.225000,-2.591230,-2.091713,-2.178800,-1.684870,3.542732E+9
67.230000,-2.432502,-1.997397,-2.096643,-1.739751,3.542732E+9
67.235000,-2.473252,-2.057536,-2.149223,-1.906038,3.542732E+9
67.240000,-2.459449,-2.020072,-2.232038,-2.197532,3.542732E+9
67.245000,-2.622450,-2.119318,-2.406869,-2.541935,3.542732E+9
67.250000,-2.732540,-2.253070,-2.604046,-2.791037,3.542732E+9
67.255000,-2.914273,-2.363490,-2.737470,-3.023378,3.542732E+9
67.260000,-2.879438,-2.427572,-2.748315,-2.944506,3.542732E+9
67.265000,-2.939248,-2.459121,-2.565597,-2.731226,3.542732E+9
67.270000,-2.796623,-2.354945,-2.435459,-2.489683,3.542732E+9
67.275000,-2.718738,-2.277717,-2.234010,-2.640196,3.542732E+9
67.280000,-2.555738,-2.220865,-2.034532,-2.038475,3.542732E+9
67.285000,-2.431516,-2.136078,-1.974721,-1.913925,3.542732E+9
67.290000,-2.339828,-2.064108,-1.915897,-1.779187,3.542732E+9
67.295000,-2.327340,-2.039133,-2.002983,-1.726278,3.542732E+9
67.300000,-2.221193,-1.996082,-1.880405,-1.735479,3.542732E+9
67.305000,-2.293492,-1.986552,-1.881391,-1.774915,3.542732E+9
67.310000,-2.119647,-1.960590,-1.814350,-1.865945,3.542732E+9
67.315000,-2.123262,-1.906695,-1.834397,-1.879090,3.542732E+9
67.320000,-1.991481,-1.788717,-1.907352,-1.924770,3.542732E+9
67.325000,-2.217907,-1.756183,-1.934629,-1.957961,3.542732E+9
67.330000,-1.881391,-1.697030,-1.918526,-2.036175,3.542732E+9
67.335000,-1.911624,-1.700973,-1.924770,-2.123262,3.542732E+9
67.340000,-1.781159,-1.664167,-1.886977,-2.033546,3.542732E+9
67.345000,-1.742709,-1.612572,-1.919512,-1.937586,3.542732E+9
67.350000,-1.664495,-1.544546,-1.777544,-1.839983,3.542732E+9
67.355000,-1.551447,-1.619145,-1.686842,-1.819280,3.542732E+9
67.360000,-1.418352,-1.377602,-1.598770,-1.693415,3.542732E+9
67.365000,-1.407836,-1.322064,-1.675340,-1.605014,3.542732E+9
67.370000,-1.331594,-1.294459,-1.576751,-1.559991,3.542732E+9
67.375000,-1.388776,-1.354598,-1.570508,-1.555719,3.542732E+9
67.380000,-1.380560,-1.350655,-1.605014,-1.589897,3.542732E+9
67.385000,-1.435112,-1.387790,-1.648064,-1.625717,3.542732E+9
67.390000,-1.408165,-1.366758,-1.668768,-1.701631,3.542732E+9
67.395000,-1.493280,-1.390747,-1.698344,-1.838997,3.542732E+9
67.400000,-1.440699,-1.399292,-1.708532,-1.856086,3.542732E+9
67.405000,-1.493608,-1.408493,-1.807778,-1.895850,3.542732E+9
67.410000,-1.486707,-1.409808,-1.801862,-1.941858,3.542732E+9
67.415000,-1.495580,-1.471919,-1.841626,-2.004627,3.542732E+9
67.420000,-1.493608,-1.408165,-1.806792,-1.952703,3.542732E+9
67.425000,-1.558348,-1.412766,-1.833082,-1.899137,3.542732E+9
67.430000,-1.413752,-1.379903,-1.717405,-1.851485,3.542732E+9
67.435000,-1.449572,-1.408165,-1.698673,-1.750925,3.542732E+9
67.440000,-1.392391,-1.349340,-1.647407,-1.659566,3.542732E+9
67.445000,-1.430183,-1.341125,-1.609614,-1.669096,3.542732E+9
67.450000,-1.342110,-1.337181,-1.552104,-1.612243,3.542732E+9
67.455000,-1.384175,-1.366100,-1.655622,-1.635247,3.542732E+9
67.460000,-1.378260,-1.394691,-1.599427,-1.630647,3.542732E+9
67.465000,-1.471590,-1.381874,-1.722991,-1.772614,3.542732E+9
67.470000,-1.511026,-1.584639,-1.724306,-1.927399,3.542732E+9
67.475000,-1.636562,-1.889935,-1.861344,-2.168613,3.542732E+9
67.480000,-1.914911,-2.469308,-1.893879,-2.541607,3.542732E+9
67.485000,-2.582357,-3.011876,-2.178800,-3.001688,3.542732E+9
67.490000,-2.779863,-2.906385,-2.678974,-3.333933,3.542732E+9
67.495000,-2.403254,-2.899813,-3.001359,-3.601766,3.542732E+9
67.500000,-2.252084,-2.714466,-2.902442,-3.778240,3.542732E+9
67.505000,-2.180443,-2.528462,-2.709536,-3.896547,3.542732E+9
67.510000,-2.285276,-2.526818,-2.456163,-3.521252,3.542732E+9
67.515000,-2.264572,-2.545222,-2.310909,-3.028307,3.542732E+9
67.520000,-2.169270,-2.544893,-2.154153,-2.611276,3.542732E+9
67.525000,-2.064108,-2.533391,-2.078568,-2.366776,3.542732E+9
67.530000,-1.901108,-2.302365,-1.913268,-2.163683,3.542732E+9
67.535000,-1.981622,-2.404568,-1.840969,-2.127862,3.542732E+9
67.540000,-1.956975,-2.488040,-1.757169,-2.192602,3.542732E+9
67.545000,-2.047677,-2.509401,-1.817637,-2.257342,3.542732E+9
67.550000,-2.015143,-2.458464,-1.866602,-2.392080,3.542732E+9
67.555000,-2.120304,-2.542921,-1.993125,-2.602732,3.542732E+9
67.560000,-2.180115,-2.611276,-2.166969,-2.909015,3.542732E+9
67.565000,-2.551794,-2.770333,-2.397996,-3.386185,3.542732E+9
67.570000,-2.409498,-2.765075,-2.538320,-3.124596,3.542732E+9
67.575000,-2.516960,-2.755873,-2.561653,-3.119009,3.542732E+9
67.580000,-2.411470,-2.785121,-2.403582,-2.896527,3.542732E+9
67.585000,-2.385836,-2.772305,-2.228094,-2.649069,3.542732E+9
67.590000,-2.304008,-2.695734,-1.943173,-2.420343,3.542732E+9
67.595000,-2.258657,-2.626393,-1.801534,-2.369734,3.542732E+9
67.600000,-2.074953,-2.499214,-1.758483,-2.089413,3.542732E+9
67.605000,-2.074953,-2.455177,-1.792989,-2.037489,3.542732E+9
67.610000,-1.938572,-2.295135,-1.762098,-1.980965,3.542732E+9
67.615000,-1.828153,-2.293820,-1.795290,-1.977350,3.542732E+9
67.620000,-1.918854,-2.233352,-1.775243,-1.981622,3.542732E+9
67.625000,-1.990495,-2.243540,-1.784774,-1.965520,3.542732E+9
67.630000,-1.878104,-2.100586,-1.782473,-1.998054,3.542732E+9
67.635000,-1.858715,-2.004955,-1.832096,-2.024344,3.542732E+9
67.640000,-1.774586,-1.894864,-1.866274,-2.019415,3.542732E+9
67.645000,-1.809749,-1.835054,-1.898808,-2.085798,3.542732E+9
67.650000,-1.699659,-1.744352,-1.857401,-2.074296,3.542732E+9
67.655000,-1.711818,-1.728578,-1.834068,-2.063780,3.542732E+9
67.660000,-1.613229,-1.649378,-1.758483,-1.943830,3.542732E+9
67.665000,-1.572151,-1.579709,-1.768014,-1.947445,3.542732E+9
67.670000,-1.463046,-1.478491,-1.675012,-1.791018,3.542732E+9
67.675000,-1.389104,-1.423610,-1.788717,-1.698673,3.542732E+9
67.680000,-1.317792,-1.298403,-1.602385,-1.657923,3.542732E+9
67.685000,-1.387790,-1.331923,-1.580695,-1.601070,3.542732E+9
67.690000,-1.329951,-1.355256,-1.579709,-1.585296,3.542732E+9
67.695000,-1.430183,-1.371030,-1.610929,-1.590225,3.542732E+9
67.700000,-1.412437,-1.366100,-1.634590,-1.630318,3.542732E+9
67.705000,-1.493937,-1.388447,-1.674683,-1.723977,3.542732E+9
67.710000,-1.447600,-1.402907,-1.682899,-1.783131,3.542732E+9
67.715000,-1.493280,-1.411451,-1.771300,-1.865288,3.542732E+9
67.720000,-1.453516,-1.401592,-1.763741,-1.916883,3.542732E+9
67.725000,-1.511354,-1.437413,-1.818294,-1.993782,3.542732E+9
67.730000,-1.481778,-1.414080,-1.820923,-2.006927,3.542732E+9
67.735000,-1.353612,-1.413094,-1.862001,-1.971435,3.542732E+9
67.740000,-1.452201,-1.381546,-1.764070,-1.914582,3.542732E+9
67.745000,-1.469290,-1.417038,-1.744024,-1.813036,3.542732E+9
67.750000,-1.373659,-1.344739,-1.672054,-1.703931,3.542732E+9
67.755000,-1.470933,-1.335209,-1.619473,-1.696372,3.542732E+9
67.760000,-1.352627,-1.328965,-1.562620,-1.610929,3.542732E+9
67.765000,-1.381874,-1.339481,-1.421310,-1.548489,3.542732E+9
67.770000,-1.404879,-1.337838,-1.574780,-1.566893,3.542732E+9
67.775000,-1.452858,-1.372344,-1.636891,-1.680927,3.542732E+9
67.780000,-1.460745,-1.408493,-1.688814,-1.708532,3.542732E+9
67.785000,-1.613558,-1.447272,-1.905709,-1.787403,3.542732E+9
67.790000,-1.769328,-1.570836,-1.977022,-1.925756,3.542732E+9
67.795000,-2.204762,-1.870546,-2.174528,-2.140350,3.542732E+9
67.800000,-2.883710,-2.250113,-2.515316,-2.430201,3.542732E+9
67.805000,-2.994130,-2.768032,-2.998402,-2.884696,3.542732E+9
67.810000,-3.022720,-2.834087,-3.232386,-3.404917,3.542732E+9
67.815000,-3.139712,-2.598131,-3.364495,-3.760823,3.542732E+9
67.820000,-2.945164,-2.448605,-3.296798,-3.788756,3.542732E+9
67.825000,-2.844274,-2.407855,-3.162059,-3.319144,3.542732E+9
67.830000,-2.712823,-2.432173,-2.770004,-3.326046,3.542732E+9
67.835000,-2.630994,-2.280018,-2.560339,-2.883381,3.542732E+9
67.840000,-2.514002,-2.089741,-2.399310,-2.308609,3.542732E+9
67.845000,-2.359217,-1.997397,-2.288234,-2.037818,3.542732E+9
67.850000,-2.310252,-2.025330,-2.061808,-1.916554,3.542732E+9
67.855000,-2.421657,-1.984252,-2.017114,-1.737451,3.542732E+9
67.860000,-2.336542,-2.026973,-2.064766,-1.628675,3.542732E+9
67.865000,-2.417056,-1.983594,-2.048663,-1.678955,3.542732E+9
67.870000,-2.311238,-1.990495,-2.090727,-1.932328,3.542732E+9
67.875000,-2.494613,-2.006598,-2.181429,-2.357246,3.542732E+9
67.880000,-2.463393,-2.076268,-2.374334,-2.582028,3.542732E+9
67.885000,-2.723996,-2.228423,-2.645782,-2.878781,3.542732E+9
67.890000,-2.759159,-2.365133,-2.756530,-2.998402,3.542732E+9
67.895000,-2.816998,-2.431187,-2.797938,-2.997744,3.542732E+9
67.900000,-2.811740,-2.436774,-2.672073,-2.777563,3.542732E+9
67.905000,-2.788079,-2.362832,-2.483439,-2.641839,3.542732E+9
67.910000,-2.626065,-2.294149,-2.207719,-2.311238,3.542732E+9
67.915000,-2.530105,-2.225465,-2.029274,-2.156125,3.542732E+9
67.920000,-2.311895,-2.109459,-1.956975,-1.898151,3.542732E+9
67.925000,-2.268844,-2.032231,-1.977022,-1.784774,3.542732E+9
67.930000,-2.188330,-2.012514,-1.875475,-1.765713,3.542732E+9
67.935000,-2.218236,-2.029931,-1.860030,-1.757497,3.542732E+9
67.940000,-2.121290,-1.956318,-1.812050,-1.796276,3.542732E+9
67.945000,-2.155796,-1.971435,-1.824866,-1.838997,3.542732E+9
67.950000,-2.009227,-1.876790,-1.845241,-1.863316,3.542732E+9
67.955000,-2.137721,-1.779187,-1.912939,-2.142651,3.542732E+9
67.960000,-1.946131,-1.757169,-1.944487,-2.005284,3.542732E+9
67.965000,-1.950403,-1.766042,-1.955332,-2.096643,3.542732E+9
67.970000,-1.887963,-1.740737,-1.926741,-2.141665,3.542732E+9
67.975000,-1.883362,-1.718719,-1.968149,-2.119318,3.542732E+9
67.980000,-1.729893,-1.629332,-1.868245,-1.988852,3.542732E+9
67.985000,-1.675012,-1.756840,-1.838669,-1.932985,3.542732E+9
67.990000,-1.549147,-1.472905,-1.676983,-1.803177,3.542732E+9
67.995000,-1.429526,-1.405864,-1.712147,-1.726606,3.542732E+9
68.000000,-1.354927,-1.301032,-1.575437,-1.601727,3.542732E+9
68.005000,-1.428868,-1.113056,-1.571493,-1.520556,3.542732E+9
68.010000,-1.310233,-1.309248,-1.562620,-1.519570,3.542732E+9
68.015000,-1.401921,-1.353284,-1.563606,-1.544874,3.542732E+9
68.020000,-1.390419,-1.361828,-1.613887,-1.592197,3.542732E+9
68.025000,-1.482764,-1.380560,-1.693743,-1.664824,3.542732E+9
68.030000,-1.451872,-1.383518,-1.687828,-1.751911,3.542732E+9
68.035000,-1.493280,-1.398306,-1.739094,-1.907352,3.542732E+9
68.040000,-1.453187,-1.407508,-1.743366,-1.967491,3.542732E+9
68.045000,-1.538959,-1.435112,-1.846556,-2.038804,3.542732E+9
68.050000,-1.497223,-1.426239,-1.852143,-2.011528,3.542732E+9
68.055000,-1.517927,-1.445957,-1.885663,-2.002655,3.542732E+9
68.060000,-1.465018,-1.389433,-1.776558,-1.946131,3.542732E+9
68.065000,-1.471262,-1.405864,-1.737451,-1.844913,3.542732E+9
68.070000,-1.387133,-1.359528,-1.691443,-1.730550,3.542732E+9
68.075000,-1.518584,-1.348683,-1.651022,-1.704260,3.542732E+9
68.080000,-1.366100,-1.334881,-1.593183,-1.592526,3.542732E+9
68.085000,-1.394034,-1.328965,-1.559006,-1.579709,3.542732E+9
68.090000,-1.369387,-1.328637,-1.544874,-1.580038,3.542732E+9
68.095000,-1.410137,-1.370372,-1.622431,-1.674354,3.542732E+9
68.100000,-1.410137,-1.394034,-1.634919,-1.679941,3.542732E+9
68.105000,-1.467975,-1.438399,-1.775243,-1.786745,3.542732E+9
68.110000,-1.506425,-1.573794,-1.755854,-1.956647,3.542732E+9
68.115000,-1.731207,-1.605671,-1.873175,-2.184387,3.542732E+9
68.120000,-1.965848,-2.358560,-2.001012,-2.553437,3.542732E+9
68.125000,-2.581371,-2.996430,-2.314853,-3.032579,3.542732E+9
68.130000,-2.949765,-3.014833,-2.850190,-3.405574,3.542732E+9
68.135000,-2.858734,-2.979670,-3.264263,-3.826549,3.542732E+9
68.140000,-2.609304,-2.870565,-3.203467,-4.026356,3.542732E+9
68.145000,-2.474566,-2.751930,-3.044739,-4.160109,3.542732E+9
68.150000,-2.490998,-2.643153,-2.782492,-3.861055,3.542732E+9
68.155000,-2.373020,-2.567240,-2.544236,-3.359237,3.542732E+9
68.160000,-2.282975,-2.449591,-2.386494,-2.756859,3.542732E+9
68.165000,-2.220207,-2.403911,-2.308280,-2.347058,3.542732E+9
68.170000,-2.001998,-2.285933,-2.008241,-2.170584,3.542732E+9
68.175000,-2.072324,-2.335228,-1.819280,-2.067723,3.542732E+9
68.180000,-1.992139,-2.365461,-1.808106,-2.027631,3.542732E+9
68.185000,-2.020401,-2.399968,-1.836040,-1.995096,3.542732E+9
68.190000,-1.936929,-2.227766,-1.836040,-2.095985,3.542732E+9
68.195000,-2.023030,-2.256357,-1.883362,-2.347058,3.542732E+9
68.200000,-2.109131,-2.327669,-2.055564,-2.654327,3.542732E+9
68.205000,-2.396024,-2.518603,-2.372691,-3.065771,3.542732E+9
68.210000,-2.402268,-2.591558,-2.624093,-3.085489,3.542732E+9
68.215000,-2.551794,-2.616534,-2.728597,-3.174219,3.542732E+9
68.220000,-2.421328,-2.565925,-2.609962,-3.024363,3.542732E+9
68.225000,-2.370391,-2.559681,-2.417385,-2.805825,3.542732E+9
68.230000,-2.315510,-2.520574,-2.078897,-2.530433,3.542732E+9
68.235000,-2.273445,-2.450576,-1.857729,-2.459778,3.542732E+9
68.240000,-2.099600,-2.322411,-1.771957,-2.028288,3.542732E+9
68.245000,-2.027631,-2.259643,-1.779844,-1.914911,3.542732E+9
68.250000,-1.898151,-2.129506,-1.763084,-1.848199,3.542732E+9
68.255000,-1.952703,-2.134764,-1.824209,-1.820923,3.542732E+9
68.260000,-1.894207,-2.069366,-1.768999,-1.839326,3.542732E+9
68.265000,-1.946459,-2.041433,-1.771300,-1.868574,3.542732E+9
68.270000,-1.865945,-2.007913,-1.759798,-1.943173,3.542732E+9
68.275000,-1.855100,-1.951389,-1.820923,-1.980965,3.542732E+9
68.280000,-1.764399,-1.822895,-1.883691,-2.013500,3.542732E+9
68.285000,-1.889935,-1.803177,-1.931342,-2.234996,3.542732E+9
68.290000,-1.734493,-1.759141,-1.901108,-2.164998,3.542732E+9
68.295000,-1.768342,-1.753883,-1.885991,-2.191945,3.542732E+9
68.300000,-1.645435,-1.681913,-1.829467,-2.024016,3.542732E+9
68.305000,-1.627689,-1.590554,-1.840312,-1.901108,3.542732E+9
68.310000,-1.524499,-1.518256,-1.709518,-1.809749,3.542732E+9
68.315000,-1.445300,-1.515298,-1.647407,-1.743695,3.542732E+9
68.320000,-1.380560,-1.346711,-1.589239,-1.629332,3.542732E+9
68.325000,-1.379574,-1.347697,-1.652993,-1.560977,3.542732E+9
68.330000,-1.327322,-1.333895,-1.585296,-1.560649,3.542732E+9
68.335000,-1.393048,-1.379574,-1.598441,-1.574451,3.542732E+9
68.340000,-1.389104,-1.354598,-1.612572,-1.631961,3.542732E+9
68.345000,-1.430840,-1.400606,-1.644120,-1.684870,3.542732E+9
68.350000,-1.437741,-1.394362,-1.656937,-1.746981,3.542732E+9
68.355000,-1.499195,-1.396663,-1.728578,-1.855758,3.542732E+9
68.360000,-1.449243,-1.393705,-1.750596,-1.878762,3.542732E+9
68.365000,-1.499852,-1.401592,-1.833082,-2.017114,3.542732E+9
68.370000,-1.480792,-1.420981,-1.817637,-1.971106,3.542732E+9
68.375000,-1.520885,-1.462717,-1.837683,-2.037489,3.542732E+9
68.380000,-1.483749,-1.402578,-1.790689,-1.936929,3.542732E+9
68.385000,-1.464032,-1.389104,-1.820923,-1.869889,3.542732E+9
68.390000,-1.405207,-1.357885,-1.694401,-1.795618,3.542732E+9
68.395000,-1.439056,-1.386804,-1.662852,-1.696044,3.542732E+9
68.400000,-1.375959,-1.328637,-1.602713,-1.637219,3.542732E+9
68.405000,-1.424596,-1.323707,-1.578066,-1.648721,3.542732E+9
68.410000,-1.367743,-1.333237,-1.556048,-1.595812,3.542732E+9
68.415000,-1.436427,-1.358213,-1.731536,-1.629332,3.542732E+9
68.420000,-1.408822,-1.371358,-1.651350,-1.630647,3.542732E+9
68.425000,-1.518584,-1.398306,-1.770314,-1.737122,3.542732E+9
68.430000,-1.617173,-1.458116,-1.838669,-1.807120,3.542732E+9
68.435000,-1.909981,-1.678955,-2.050963,-1.969792,3.542732E+9
68.440000,-2.342129,-1.986881,-2.186030,-2.212649,3.542732E+9
68.445000,-2.980984,-2.540949,-2.586300,-2.528790,3.542732E+9
68.450000,-3.049339,-2.830801,-2.943521,-2.982956,3.542732E+9
68.455000,-2.996101,-2.699349,-3.188021,-3.469985,3.542732E+9
68.460000,-2.957980,-2.503486,-3.233701,-3.698712,3.542732E+9
68.465000,-2.892583,-2.407197,-3.231072,-3.741762,3.542732E+9
68.470000,-2.729254,-2.362504,-2.964553,-3.488389,3.542732E+9
68.475000,-2.665171,-2.362832,-2.711837,-3.144971,3.542732E+9
68.480000,-2.471609,-2.167955,-2.452220,-2.597145,3.542732E+9
68.485000,-2.392080,-2.021715,-2.277717,-2.188002,3.542732E+9
68.490000,-2.301379,-2.052606,-2.102229,-1.990495,3.542732E+9
68.495000,-2.374334,-2.150538,-2.044719,-1.871203,3.542732E+9
68.500000,-2.365790,-2.243211,-2.005612,-1.757826,3.542732E+9
68.505000,-2.465693,-2.103873,-2.052606,-1.705245,3.542732E+9
68.510000,-2.356260,-2.094014,-2.076268,-1.872846,3.542732E+9
68.515000,-2.410484,-2.138379,-2.150209,-2.128520,3.542732E+9
68.520000,-2.425929,-2.117346,-2.280346,-2.462736,3.542732E+9
68.525000,-2.634609,-2.246826,-2.475552,-2.799252,3.542732E+9
68.530000,-2.688175,-2.379592,-2.660899,-3.016805,3.542732E+9
68.535000,-2.872865,-2.479496,-2.780192,-3.143985,3.542732E+9
68.540000,-2.818313,-2.516960,-2.747986,-2.902442,3.542732E+9
68.545000,-2.882396,-2.510387,-2.603060,-2.707893,3.542732E+9
68.550000,-2.714794,-2.432502,-2.297764,-2.472923,3.542732E+9
68.555000,-2.656627,-2.386165,-2.079554,-2.281661,3.542732E+9
68.560000,-2.426586,-2.258328,-1.942516,-2.026973,3.542732E+9
68.565000,-2.314195,-2.227109,-1.924441,-1.911624,3.542732E+9
68.570000,-2.245183,-2.092042,-1.909653,-1.796933,3.542732E+9
68.575000,-2.209034,-2.115046,-1.865288,-1.823223,3.542732E+9
68.580000,-2.183401,-2.055235,-1.831768,-1.812050,3.542732E+9
68.585000,-2.245183,-2.030260,-1.875475,-1.822237,3.542732E+9
68.590000,-2.079554,-1.965848,-1.839983,-1.867260,3.542732E+9
68.595000,-2.093685,-1.942187,-1.872518,-1.910967,3.542732E+9
68.600000,-1.942516,-1.797590,-1.902752,-2.011856,3.542732E+9
68.605000,-1.914254,-1.784116,-1.928713,-2.019415,3.542732E+9
68.610000,-1.862001,-1.731207,-1.928385,-2.075939,3.542732E+9
68.615000,-1.915239,-1.702616,-1.921155,-2.144294,3.542732E+9
68.620000,-1.745338,-1.654308,-1.873175,-2.030588,3.542732E+9
68.625000,-1.728249,-1.608300,-1.876133,-1.942187,3.542732E+9
68.630000,-1.607643,-1.533044,-1.733836,-1.861344,3.542732E+9
68.635000,-1.496237,-1.434455,-1.683556,-1.832754,3.542732E+9
68.640000,-1.394362,-1.335866,-1.603699,-1.653979,3.542732E+9
68.645000,-1.347040,-1.322064,-1.698344,-1.606985,3.542732E+9
68.650000,-1.309248,-1.305633,-1.541588,-1.561635,3.542732E+9
68.655000,-1.380560,-1.322393,-1.582995,-1.526143,3.542732E+9
68.660000,-1.369715,-1.347368,-1.605342,-1.560649,3.542732E+9
68.665000,-1.457131,-1.407179,-1.664495,-1.600413,3.542732E+9
68.670000,-1.435770,-1.385161,-1.666139,-1.713133,3.542732E+9
68.675000,-1.533701,-1.416052,-1.695058,-1.902423,3.542732E+9
68.680000,-1.459760,-1.402907,-1.719705,-1.883034,3.542732E+9
68.685000,-1.519241,-1.418024,-1.880076,-1.938901,3.542732E+9
68.690000,-1.522856,-1.428211,-1.832754,-1.999368,3.542732E+9
68.695000,-1.518913,-1.480463,-1.826181,-2.096314,3.542732E+9
68.700000,-1.478163,-1.403564,-1.795618,-1.993125,3.542732E+9
68.705000,-1.466661,-1.388447,-1.838012,-1.892564,3.542732E+9
68.710000,-1.391405,-1.359199,-1.713790,-1.798905,3.542732E+9
68.715000,-1.444314,-1.390747,-1.655294,-1.691772,3.542732E+9
68.720000,-1.375302,-1.331266,-1.617501,-1.619145,3.542732E+9
68.725000,-1.433798,-1.341782,-1.572151,-1.861673,3.542732E+9
68.730000,-1.358213,-1.318778,-1.535673,-1.528114,3.542732E+9
68.735000,-1.413094,-1.349669,-1.576423,-1.592526,3.542732E+9
68.740000,-1.400935,-1.366429,-1.591540,-1.627360,3.542732E+9
68.745000,-1.446286,-1.386147,-1.679612,-1.781159,3.542732E+9
68.750000,-1.445629,-1.435441,-1.693415,-1.834725,3.542732E+9
68.755000,-1.524499,-1.570179,-1.857072,-1.956975,3.542732E+9
68.760000,-1.590554,-1.722006,-1.821909,-2.199832,3.542732E+9
68.765000,-1.801205,-2.198518,-1.909653,-2.503486,3.542732E+9
68.770000,-2.114717,-2.844603,-2.020072,-2.904414,3.542732E+9
68.775000,-2.655313,-3.101263,-2.452877,-3.245531,3.542732E+9
68.780000,-2.867607,-2.977698,-2.966196,-3.543270,3.542732E+9
68.785000,-2.639867,-2.944506,-3.117037,-3.899833,3.542732E+9
68.790000,-2.256685,-2.862349,-2.862020,-4.081895,3.542732E+9
68.795000,-2.294478,-2.661556,-2.692448,-4.062505,3.542732E+9
68.800000,-2.299407,-2.536349,-2.507758,-3.498248,3.542732E+9
68.805000,-2.273117,-2.450576,-2.334242,-3.039809,3.542732E+9
68.810000,-2.133121,-2.508087,-2.225465,-2.563954,3.542732E+9
68.815000,-2.079883,-2.455834,-2.185373,-2.329641,3.542732E+9
68.820000,-2.010213,-2.366119,-1.902094,-2.166969,3.542732E+9
68.825000,-2.016129,-2.398324,-1.830453,-2.125891,3.542732E+9
68.830000,-1.956975,-2.429216,-1.814679,-2.134764,3.542732E+9
68.835000,-2.013828,-2.497570,-1.810407,-2.246826,3.542732E+9
68.840000,-1.936929,-2.317482,-1.846556,-2.426586,3.542732E+9
68.845000,-2.105187,-2.417385,-2.013171,-2.672073,3.542732E+9
68.850000,-2.157110,-2.540949,-2.256357,-2.942206,3.542732E+9
68.855000,-2.488040,-2.682589,-2.480810,-3.252432,3.542732E+9
68.860000,-2.476538,-2.778877,-2.648083,-3.187035,3.542732E+9
68.865000,-2.480153,-2.681932,-2.665500,-3.104220,3.542732E+9
68.870000,-2.365461,-2.657284,-2.448276,-2.880095,3.542732E+9
68.875000,-2.397667,-2.673059,-2.165326,-2.707236,3.542732E+9
68.880000,-2.292834,-2.626393,-1.902094,-2.418699,3.542732E+9
68.885000,-2.226780,-2.501514,-1.787731,-2.339171,3.542732E+9
68.890000,-2.053592,-2.369076,-1.725292,-2.054907,3.542732E+9
68.895000,-1.969792,-2.295135,-1.753883,-2.023358,3.542732E+9
68.900000,-1.859701,-2.186030,-1.784774,-1.907681,3.542732E+9
68.905000,-1.968477,-2.198846,-1.818622,-1.909981,3.542732E+9
68.910000,-1.913268,-2.139365,-1.766699,-1.959604,3.542732E+9
68.915000,-1.955661,-2.086455,-1.772614,-1.998711,3.542732E+9
68.920000,-1.855100,-2.001012,-1.827495,-1.999697,3.542732E+9
68.925000,-1.853129,-1.956647,-1.883691,-2.007584,3.542732E+9
68.930000,-1.775243,-1.824538,-1.882705,-2.077582,3.542732E+9
68.935000,-2.064437,-1.848528,-1.875475,-2.113403,3.542732E+9
68.940000,-1.689143,-1.754868,-1.862330,-2.136407,3.542732E+9
68.945000,-1.705245,-1.700973,-1.852800,-2.055893,3.542732E+9
68.950000,-1.622102,-1.635247,-1.754211,-1.949417,3.542732E+9
68.955000,-1.578066,-1.583981,-1.741395,-1.836697,3.542732E+9
68.960000,-1.443328,-1.452858,-1.649707,-1.721677,3.542732E+9
68.965000,-1.430840,-1.533372,-1.616187,-1.665481,3.542732E+9
68.970000,-1.316149,-1.309905,-1.564921,-1.569850,3.542732E+9
68.975000,-1.378588,-1.332909,-1.645764,-1.555719,3.542732E+9
68.980000,-1.340796,-1.327322,-1.584967,-1.598112,3.542732E+9
68.985000,-1.449572,-1.210659,-1.627689,-1.630975,3.542732E+9
68.990000,-1.427554,-1.392062,-1.660552,-1.716419,3.542732E+9
68.995000,-1.501824,-1.428211,-1.692100,-1.802848,3.542732E+9
69.000000,-1.448915,-1.407508,-1.693743,-1.862987,3.542732E+9
69.005000,-1.511026,-1.399292,-1.746324,-1.938243,3.542732E+9
69.010000,-1.461074,-1.398963,-1.771957,-1.934300,3.542732E+9
69.015000,-1.495251,-1.410465,-1.863316,-1.940544,3.542732E+9
69.020000,-1.465346,-1.389762,-1.782473,-1.938243,3.542732E+9
69.025000,-1.494594,-1.424268,-1.788717,-1.964205,3.542732E+9
69.030000,-1.432483,-1.398635,-1.742709,-1.862001,3.542732E+9
69.035000,-1.359199,-1.378588,-1.786088,-1.750925,3.542732E+9
69.040000,-1.420324,-1.351969,-1.656937,-1.706560,3.542732E+9
69.045000,-1.425911,-1.392391,-1.619802,-1.684870,3.542732E+9
69.050000,-1.360842,-1.323707,-1.564921,-1.638534,3.542732E+9
69.055000,-1.496566,-1.325679,-1.579381,-1.640834,3.542732E+9
69.060000,-1.383189,-1.352627,-1.588253,-1.632618,3.542732E+9
69.065000,-1.470276,-1.354927,-1.663838,-1.692100,3.542732E+9
69.070000,-1.496895,-1.383518,-1.720691,-1.746324,3.542732E+9
69.075000,-1.611586,-1.417366,-1.838340,-1.861016,3.542732E+9
69.080000,-1.822895,-1.526800,-1.988195,-1.848199,3.542732E+9
69.085000,-2.334570,-1.732522,-2.334242,-1.971435,3.542732E+9
69.090000,-2.977041,-2.124576,-2.568554,-2.209034,3.542732E+9
69.095000,-3.181120,-2.657284,-2.982956,-2.652355,3.542732E+9
69.100000,-3.035208,-2.631980,-3.186049,-3.168632,3.542732E+9
69.105000,-3.142342,-2.342457,-3.271493,-3.466699,3.542732E+9
69.110000,-2.939248,-2.148895,-3.232386,-3.510078,3.542732E+9
69.115000,-2.857420,-2.142651,-3.079573,-3.453883,3.542732E+9
69.120000,-2.672730,-2.224808,-2.742728,-3.072343,3.542732E+9
69.125000,-2.627379,-2.091056,-2.610948,-2.582685,3.542732E+9
69.130000,-2.563625,-1.955332,-2.354617,-2.128520,3.542732E+9
69.135000,-2.482125,-1.934629,-2.198189,-1.970778,3.542732E+9
69.140000,-2.422972,-1.951389,-2.096643,-1.780830,3.542732E+9
69.145000,-2.503157,-2.058193,-2.458792,-1.664824,3.542732E+9
69.150000,-2.504143,-1.944816,-2.138050,-1.624731,3.542732E+9
69.155000,-2.548179,-1.936272,-2.213963,-1.707217,3.542732E+9
69.160000,-2.463722,-1.909653,-2.225137,-1.946131,3.542732E+9
69.165000,-2.600760,-2.027302,-2.344429,-2.303350,3.542732E+9
69.170000,-2.695734,-2.080211,-2.519589,-2.621135,3.542732E+9
69.175000,-2.840002,-2.206733,-2.703950,-2.891269,3.542732E+9
69.180000,-2.928075,-2.292506,-2.802210,-2.947136,3.542732E+9
69.185000,-3.041452,-2.356588,-2.793008,-2.893898,3.542732E+9
69.190000,-2.898170,-2.338185,-2.590573,-2.620478,3.542732E+9
69.195000,-2.882067,-2.267201,-2.388465,-2.414427,3.542732E+9
69.200000,-2.684889,-2.202133,-2.182415,-2.132792,3.542732E+9
69.205000,-2.570855,-2.097957,-2.071010,-1.928056,3.542732E+9
69.210000,-2.434802,-2.039133,-1.996739,-1.786417,3.542732E+9
69.215000,-2.442689,-2.029602,-1.986223,-1.765385,3.542732E+9
69.220000,-2.328984,-1.975379,-1.928385,-1.737451,3.542732E+9
69.225000,-2.374663,-2.024344,-1.947445,-1.775901,3.542732E+9
69.230000,-2.234010,-1.967491,-1.895193,-1.824209,3.542732E+9
69.235000,-2.281990,-1.913268,-1.905709,-1.876790,3.542732E+9
69.240000,-2.146594,-1.845570,-1.887306,-1.955004,3.542732E+9
69.245000,-2.101244,-1.862659,-1.952375,-1.942187,3.542732E+9
69.250000,-1.972421,-1.727264,-1.965191,-1.999040,3.542732E+9
69.255000,-1.989838,-1.715762,-1.971435,-2.054578,3.542732E+9
69.260000,-1.888949,-1.711489,-1.961576,-2.049977,3.542732E+9
69.265000,-1.897493,-1.676983,-1.930028,-2.021387,3.542732E+9
69.270000,-1.765713,-1.609943,-1.841298,-1.897165,3.542732E+9
69.275000,-1.717733,-1.535344,-1.804163,-1.817308,3.542732E+9
69.280000,-1.542903,-1.458774,-1.668439,-1.730878,3.542732E+9
69.285000,-1.458774,-1.396663,-1.627689,-1.723649,3.542732E+9
69.290000,-1.355584,-1.309248,-1.552762,-1.608628,3.542732E+9
69.295000,-1.402249,-1.323379,-1.667124,-1.579709,3.542732E+9
69.300000,-1.360514,-1.321078,-1.587596,-1.582010,3.542732E+9
69.305000,-1.430183,-1.592526,-1.653651,-1.574122,3.542732E+9
69.310000,-1.398963,-1.367086,-1.644120,-1.657266,3.542732E+9
69.315000,-1.478163,-1.397977,-1.686842,-1.736137,3.542732E+9
69.320000,-1.416052,-1.384832,-1.719048,-1.777215,3.542732E+9
69.325000,-1.507739,-1.376616,-1.767356,-1.875147,3.542732E+9
69.330000,-1.481120,-1.412766,-1.771300,-1.929370,3.542732E+9
69.335000,-1.520885,-1.443985,-1.856415,-1.998383,3.542732E+9
69.340000,-1.489008,-1.404879,-1.826181,-1.986552,3.542732E+9
69.345000,-1.506096,-1.456802,-1.841955,-2.000354,3.542732E+9
69.350000,-1.439713,-1.392719,-1.754211,-1.926741,3.542732E+9
69.355000,-1.648721,-1.409808,-1.789374,-1.836040,3.542732E+9
69.360000,-1.390090,-1.339810,-1.657923,-1.715762,3.542732E+9
69.365000,-1.405536,-1.387133,-1.625060,-1.610929,3.542732E+9
69.370000,-1.350326,-1.326993,-1.570836,-1.566564,3.542732E+9
69.375000,-1.433141,-1.343754,-1.562620,-1.638205,3.542732E+9
69.380000,-1.368072,-1.377602,-1.559006,-1.583324,3.542732E+9
69.385000,-1.444643,-1.418024,-1.825524,-1.672383,3.542732E+9
69.390000,-1.493608,-1.506754,-1.699001,-1.809749,3.542732E+9
69.395000,-1.600084,-1.689800,-1.822895,-2.110774,3.542732E+9
69.400000,-1.742709,-2.040776,-1.910639,-2.361518,3.542732E+9
69.405000,-2.262272,-2.764746,-2.095657,-2.830472,3.542732E+9
69.410000,-2.742399,-2.951736,-2.507101,-3.216612,3.542732E+9
69.415000,-2.854462,-2.970468,-3.037180,-3.511393,3.542732E+9
69.420000,-2.579399,-2.865964,-3.175862,-3.773311,3.542732E+9
69.425000,-2.337857,-2.702635,-2.974740,-3.947156,3.542732E+9
69.430000,-2.298092,-2.548179,-2.723010,-3.831478,3.542732E+9
69.435000,-2.404240,-2.512359,-2.512359,-3.419705,3.542732E+9
69.440000,-2.218893,-2.415413,-2.304994,-2.789393,3.542732E+9
69.445000,-2.209691,-2.461421,-2.207062,-2.421000,3.542732E+9
69.450000,-1.946788,-2.267201,-1.990167,-2.179786,3.542732E+9
69.455000,-1.922469,-2.223165,-1.815008,-2.184715,3.542732E+9
69.460000,-1.956975,-2.327998,-1.736137,-2.015143,3.542732E+9
69.465000,-1.957633,-2.369076,-1.783131,-2.077582,3.542732E+9
69.470000,-1.950074,-2.312552,-1.815008,-2.124248,3.542732E+9
69.475000,-2.001012,-2.261943,-1.922141,-2.287576,3.542732E+9
69.480000,-2.035518,-2.321425,-2.015143,-2.585972,3.542732E+9
69.485000,-2.259971,-2.688175,-2.242225,-2.895541,3.542732E+9
69.490000,-2.327012,-2.623435,-2.469308,-3.070372,3.542732E+9
69.495000,-2.492641,-2.730897,-2.628036,-3.117366,3.542732E+9
69.500000,-2.398982,-2.655641,-2.600103,-3.028964,3.542732E+9
69.505000,-2.503814,-2.675359,-2.451234,-2.932019,3.542732E+9
69.510000,-2.314195,-2.615877,-2.154810,-2.609633,3.542732E+9
69.515000,-2.365790,-2.566254,-1.935943,-2.464379,3.542732E+9
69.520000,-2.157439,-2.481796,-1.808435,-2.188002,3.542732E+9
69.525000,-2.114060,-2.355603,-1.817965,-2.034532,3.542732E+9
69.530000,-1.964534,-2.267530,-1.787074,-1.937915,3.542732E+9
69.535000,-1.968806,-2.230723,-1.785431,-1.991481,3.542732E+9
69.540000,-1.925756,-2.196875,-1.759798,-1.908995,3.542732E+9
69.545000,-1.946788,-2.196217,-1.780501,-1.935286,3.542732E+9
69.550000,-1.889606,-2.114060,-1.745995,-1.937915,3.542732E+9
69.555000,-1.899794,-1.986223,-1.846556,-1.943830,3.542732E+9
69.560000,-1.792661,-1.933971,-1.862001,-1.980637,3.542732E+9
69.565000,-1.845241,-1.989181,-1.920169,-2.022701,3.542732E+9
69.570000,-1.782473,-1.862659,-1.902094,-2.117346,3.542732E+9
69.575000,-1.830453,-1.869231,-1.904723,-2.163354,3.542732E+9
69.580000,-1.689471,-1.761112,-1.876133,-2.075939,3.542732E+9
69.585000,-1.687828,-1.675012,-1.838012,-2.020729,3.542732E+9
69.590000,-1.567221,-1.595483,-1.734822,-1.901437,3.542732E+9
69.595000,-1.468961,-1.500838,-1.696044,-1.792661,3.542732E+9
69.600000,-1.386475,-1.395348,-1.606985,-1.676983,3.542732E+9
69.605000,-1.365114,-1.335538,-1.618159,-1.661538,3.542732E+9
69.610000,-1.309905,-1.330937,-1.569193,-1.560977,3.542732E+9
69.615000,-1.348683,-1.338495,-1.657266,-1.548489,3.542732E+9
69.620000,-1.359199,-1.333566,-1.594169,-1.582995,3.542732E+9
69.625000,-1.443657,-1.383189,-1.619473,-1.573794,3.542732E+9
69.630000,-1.438727,-1.390747,-1.664824,-1.684213,3.542732E+9
69.635000,-1.501824,-1.422296,-1.691443,-1.810078,3.542732E+9
69.640000,-1.438399,-1.411451,-1.734822,-1.886649,3.542732E+9
69.645000,-1.550790,-1.402578,-1.799233,-1.991481,3.542732E+9
69.650000,-1.496566,-1.428211,-1.831439,-2.018429,3.542732E+9
69.655000,-1.528772,-1.441028,-1.895522,-2.062465,3.542732E+9
69.660000,-1.474219,-1.399292,-1.794633,-2.003969,3.542732E+9
69.665000,-1.457788,-1.431497,-1.796604,-1.957304,3.542732E+9
69.670000,-1.391733,-1.364129,-1.727592,-1.784116,3.542732E+9
69.675000,-1.272441,-1.307604,-1.742381,-1.666139,3.542732E+9
69.680000,-1.372016,-1.319764,-1.600084,-1.663181,3.542732E+9
69.685000,-1.368072,-1.387790,-1.576423,-1.568536,3.542732E+9
69.690000,-1.358213,-1.323379,-1.551447,-1.519570,3.542732E+9
69.695000,-1.486050,-1.350655,-1.595155,-1.644778,3.542732E+9
69.700000,-1.402249,-1.381217,-1.613229,-1.630647,3.542732E+9
69.705000,-1.508068,-1.396334,-1.590554,-1.723977,3.542732E+9
69.710000,-1.546189,-1.442671,-1.772614,-1.852471,3.542732E+9
69.715000,-1.715104,-1.585953,-1.933643,-2.028945,3.542732E+9
69.720000,-2.028945,-1.860030,-2.078897,-2.168613,3.542732E+9
69.725000,-2.668129,-2.306965,-2.428887,-2.450248,3.542732E+9
69.730000,-2.877466,-2.751930,-2.738127,-2.857091,3.542732E+9
69.735000,-2.923146,-2.620149,-3.086146,-3.316844,3.542732E+9
69.740000,-2.894555,-2.628036,-3.198866,-3.623784,3.542732E+9
69.745000,-2.799252,-2.536020,-3.158116,-3.736504,3.542732E+9
69.750000,-2.701978,-2.468651,-2.968496,-3.643502,3.542732E+9
69.755000,-2.696391,-2.514988,-2.734184,-3.446653,3.542732E+9
69.760000,-2.495270,-2.322082,-2.499542,-2.893569,3.542732E+9
69.765000,-2.478839,-2.237296,-2.442689,-2.428230,3.542732E+9
69.770000,-2.344101,-2.166312,-2.186030,-2.161711,3.542732E+9
69.775000,-2.386165,-2.217907,-2.072653,-2.122933,3.542732E+9
69.780000,-2.370062,-2.310909,-2.055235,-1.890264,3.542732E+9
69.785000,-2.328655,-2.211663,-2.052278,-1.852143,3.542732E+9
69.790000,-2.304665,-2.165655,-2.048334,-1.908667,3.542732E+9
69.795000,-2.323726,-2.159082,-2.133778,-2.112746,3.542732E+9
69.800000,-2.328655,-2.164669,-2.164012,-2.414756,3.542732E+9
69.805000,-2.509072,-2.280346,-2.339500,-2.721038,3.542732E+9
69.810000,-2.610619,-2.404240,-2.584657,-2.949765,3.542732E+9
69.815000,-2.764418,-2.559681,-2.690476,-3.071686,3.542732E+9
69.820000,-2.751601,-2.563625,-2.723010,-2.963567,3.542732E+9
69.825000,-2.814369,-2.518603,-2.599446,-2.770004,3.542732E+9
69.830000,-2.632637,-2.471937,-2.344758,-2.541607,3.542732E+9
69.835000,-2.655313,-2.392409,-2.100258,-2.412127,3.542732E+9
69.840000,-2.385836,-2.302365,-1.916554,-2.093356,3.542732E+9
69.845000,-2.268187,-2.189973,-1.852800,-1.966177,3.542732E+9
69.850000,-2.176828,-2.133449,-1.846556,-1.856086,3.542732E+9
69.855000,-2.157439,-2.092042,-1.871203,-1.843927,3.542732E+9
69.860000,-2.067395,-2.034860,-1.832096,-1.773600,3.542732E+9
69.865000,-2.121947,-2.224151,-1.862001,-1.870546,3.542732E+9
69.870000,-2.030588,-1.984580,-1.806463,-1.894864,3.542732E+9
69.875000,-2.027959,-1.901108,-1.909981,-1.931999,3.542732E+9
69.880000,-1.897165,-1.790689,-1.867260,-1.973078,3.542732E+9
69.885000,-1.921812,-1.761441,-1.965191,-1.980308,3.542732E+9
69.890000,-1.831768,-1.708532,-1.900780,-2.055564,3.542732E+9
69.895000,-1.853457,-1.746981,-1.898151,-2.125891,3.542732E+9
69.900000,-1.712475,-1.657266,-1.855758,-2.035189,3.542732E+9
69.905000,-1.718719,-1.582338,-1.833082,-2.096971,3.542732E+9
69.910000,-1.586610,-1.511683,-1.745667,-1.840969,3.542732E+9
69.915000,-1.563606,-1.444314,-1.671725,-1.783459,3.542732E+9
69.920000,-1.386147,-1.354270,-1.598441,-1.663181,3.542732E+9
69.925000,-1.354927,-1.288544,-1.635247,-1.970778,3.542732E+9
69.930000,-1.328637,-1.292816,-1.583653,-1.544874,3.542732E+9
69.935000,-1.382860,-1.343425,-1.589897,-1.603699,3.542732E+9
69.940000,-1.379574,-1.347368,-1.608300,-1.622760,3.542732E+9
69.945000,-1.407179,-1.336852,-1.710503,-1.641163,3.542732E+9
69.950000,-1.424596,-1.379574,-1.658909,-1.720691,3.542732E+9
69.955000,-1.517270,-1.442014,-1.697030,-1.819280,3.542732E+9
69.960000,-1.438070,-1.400278,-1.710832,-1.879419,3.542732E+9
69.965000,-1.559006,-1.405536,-1.778201,-1.791346,3.542732E+9
69.970000,-1.468961,-1.404879,-1.795290,-1.945802,3.542732E+9
69.975000,-1.510040,-1.426568,-1.834725,-1.975379,3.542732E+9
69.980000,-1.478491,-1.396991,-1.799891,-1.937915,3.542732E+9
69.985000,-1.479149,-1.388118,-1.805806,-2.022044,3.542732E+9
69.990000,-1.419338,-1.371358,-1.709518,-1.826838,3.542732E+9
69.995000,-1.441028,-1.386475,-1.635576,-1.710503,3.542732E+9
70.000000,-1.386804,-1.348026,-1.643792,-1.667124,3.542732E+9
70.005000,-1.385161,-1.338495,-1.625717,-1.604028,3.542732E+9
70.010000,-1.355584,-1.343096,-1.542903,-1.627689,3.542732E+9
70.015000,-1.417695,-1.392719,-1.568207,-1.630647,3.542732E+9
70.020000,-1.390419,-1.391733,-1.615201,-1.637219,3.542732E+9
70.025000,-1.494266,-1.424925,-1.681584,-1.733508,3.542732E+9
70.030000,-1.466004,-1.510697,-1.714776,-1.855758,3.542732E+9
70.035000,-1.623088,-1.739423,-1.813364,-2.072653,3.542732E+9
70.040000,-1.781159,-2.206405,-1.862659,-2.388794,3.542732E+9
70.045000,-2.358889,-2.920517,-2.108473,-2.876480,3.542732E+9
70.050000,-2.736813,-2.934319,-2.569212,-3.200838,3.542732E+9
70.055000,-2.573484,-2.861035,-3.038823,-3.529139,3.542732E+9
70.060000,-2.440060,-2.824885,-3.003988,-3.806174,3.542732E+9
70.065000,-2.248798,-2.728926,-2.822256,-3.996451,3.542732E+9
70.070000,-2.294806,-2.552123,-2.610619,-3.779226,3.542732E+9
70.075000,-2.108802,-2.552123,-2.446633,-3.286939,3.542732E+9
70.080000,-2.205419,-2.480482,-2.278046,-2.779534,3.542732E+9
70.085000,-2.211992,-2.509072,-2.158754,-2.453205,3.542732E+9
70.090000,-2.006270,-2.353959,-1.986881,-2.212977,3.542732E+9
70.095000,-2.039461,-2.372034,-1.869889,-2.136078,3.542732E+9
70.100000,-2.019086,-2.450905,-1.815993,-2.113731,3.542732E+9
70.105000,-1.998383,-2.454849,-1.854114,-2.273774,3.542732E+9
70.110000,-2.007913,-2.413441,-1.870874,-2.307951,3.542732E+9
70.115000,-2.092699,-2.412455,-1.942844,-2.563954,3.542732E+9
70.120000,-2.156125,-2.509730,-2.074296,-2.810097,3.542732E+9
70.125000,-2.444332,-2.713480,-2.358232,-3.067743,3.542732E+9
70.130000,-2.465693,-2.780520,-2.548837,-3.149243,3.542732E+9
70.135000,-2.610948,-2.920517,-2.657613,-3.149900,3.542732E+9
70.140000,-2.464050,-2.770661,-2.593859,-3.008918,3.542732E+9
70.145000,-2.462736,-2.818313,-2.369734,-2.789065,3.542732E+9
70.150000,-2.371048,-2.704607,-2.057536,-2.552452,3.542732E+9
70.155000,-2.409169,-2.664186,-1.879747,-2.467994,3.542732E+9
70.160000,-2.171899,-2.528133,-1.780830,-2.121619,3.542732E+9
70.165000,-2.168941,-2.405226,-1.807778,-2.060822,3.542732E+9
70.170000,-1.990824,-2.307951,-1.777872,-1.965520,3.542732E+9
70.175000,-2.064766,-2.298750,-1.838012,-2.017114,3.542732E+9
70.180000,-2.010542,-2.258000,-1.787731,-1.997725,3.542732E+9
70.185000,-1.984580,-2.188002,-1.815993,-2.133449,3.542732E+9
70.190000,-1.950731,-2.119975,-1.796604,-1.999040,3.542732E+9
70.195000,-1.882048,-2.048991,-1.810078,-2.071667,3.542732E+9
70.200000,-1.823223,-1.923455,-1.859044,-2.031245,3.542732E+9
70.205000,-1.803506,-1.908667,-1.934629,-2.036175,3.542732E+9
70.210000,-1.742381,-1.803506,-1.865616,-2.083169,3.542732E+9
70.215000,-1.778201,-2.011528,-1.864302,-2.090070,3.542732E+9
70.220000,-1.628675,-1.688485,-1.816651,-1.986881,3.542732E+9
70.225000,-1.596798,-1.634919,-1.787403,-1.896179,3.542732E+9
70.230000,-1.502481,-1.519899,-1.699987,-1.810407,3.542732E+9
70.235000,-1.486707,-1.447600,-1.659566,-1.773600,3.542732E+9
70.240000,-1.368072,-1.335538,-1.610929,-1.663838,3.542732E+9
70.245000,-1.367743,-1.307933,-1.626703,-1.606657,3.542732E+9
70.250000,-1.312205,-1.325679,-1.575766,-1.594497,3.542732E+9
70.255000,-1.398635,-1.347040,-1.614215,-1.645106,3.542732E+9
70.260000,-1.396334,-1.361500,-1.618487,-1.630975,3.542732E+9
70.265000,-1.425254,-1.393377,-1.750925,-1.674026,3.542732E+9
70.270000,-1.427225,-1.392719,-1.660881,-1.745667,3.542732E+9
70.275000,-1.513326,-1.586610,-1.759798,-1.819937,3.542732E+9
70.280000,-1.442342,-1.392391,-1.753883,-1.875147,3.542732E+9
70.285000,-1.503139,-1.414737,-1.816322,-1.931999,3.542732E+9
70.290000,-1.488350,-1.399292,-1.801205,-1.985895,3.542732E+9
70.295000,-1.536987,-1.419338,-1.824538,-2.065752,3.542732E+9
70.300000,-1.474219,-1.395020,-1.771300,-1.963548,3.542732E+9
70.305000,-1.474548,-1.392391,-1.805806,-1.889606,3.542732E+9
70.310000,-1.415395,-1.368072,-1.691114,-1.753554,3.542732E+9
70.315000,-1.433141,-1.366429,-1.653322,-1.724306,3.542732E+9
70.320000,-1.370044,-1.338495,-1.586610,-1.620459,3.542732E+9
70.325000,-1.380889,-1.358213,-1.638205,-1.560320,3.542732E+9
70.330000,-1.368729,-1.326336,-1.553747,-1.550133,3.542732E+9
70.335000,-1.437413,-1.400278,-1.613558,-1.602385,3.542732E+9
70.340000,-1.421310,-1.377931,-1.652665,-1.644120,3.542732E+9
70.345000,-1.600413,-1.385489,-1.760126,-1.736794,3.542732E+9
70.350000,-1.668110,-1.427554,-1.899137,-1.793975,3.542732E+9
70.355000,-2.038147,-1.576423,-2.259314,-1.939229,3.542732E+9
70.360000,-2.589915,-1.834397,-2.368419,-2.106830,3.542732E+9
70.365000,-3.153186,-2.321425,-2.808125,-2.398324,3.542732E+9
70.370000,-3.098305,-2.636252,-3.126896,-2.816341,3.542732E+9
70.375000,-3.118680,-2.484754,-3.369753,-3.278394,3.542732E+9
70.380000,-3.080559,-2.241897,-3.251775,-3.454540,3.542732E+9
70.385000,-2.880424,-2.180443,-3.220884,-3.384870,3.542732E+9
70.390000,-2.731883,-2.142979,-2.933004,-3.183092,3.542732E+9
70.395000,-2.688504,-2.174856,-2.636909,-2.826200,3.542732E+9
70.400000,-2.647754,-2.045048,-2.480482,-2.328326,3.542732E+9
70.405000,-2.643482,-1.986552,-2.344101,-2.009227,3.542732E+9
70.410000,-2.529119,-1.944159,-2.169270,-1.937586,3.542732E+9
70.415000,-2.601746,-2.067395,-2.333584,-1.837683,3.542732E+9
70.420000,-2.570855,-2.049320,-2.224808,-1.684213,3.542732E+9
70.425000,-2.631651,-1.932328,-2.239925,-1.927727,3.542732E+9
70.430000,-2.597474,-1.983266,-2.245512,-1.885991,3.542732E+9
70.435000,-2.656627,-2.017114,-2.321754,-2.211334,3.542732E+9
70.440000,-2.693762,-2.057864,-2.444332,-2.475881,3.542732E+9
70.445000,-2.870893,-2.176828,-2.814041,-2.721367,3.542732E+9
70.450000,-2.939577,-2.296449,-2.799581,-2.894226,3.542732E+9
70.455000,-3.066428,-2.377949,-2.846575,-2.928075,3.542732E+9
70.460000,-2.987886,-2.407526,-2.730897,-2.727282,3.542732E+9
70.465000,-3.038166,-2.399968,-2.595502,-2.468651,3.542732E+9
70.470000,-2.837045,-2.266544,-2.332927,-2.268516,3.542732E+9
70.475000,-2.785450,-2.214292,-2.133778,-2.074296,3.542732E+9
70.480000,-2.557381,-2.135092,-2.037489,-1.863316,3.542732E+9
70.485000,-2.529447,-2.049320,-2.007256,-1.796604,3.542732E+9
70.490000,-2.382550,-1.997725,-1.967163,-1.745338,3.542732E+9
70.495000,-2.368748,-1.988195,-1.842612,-1.766042,3.542732E+9
70.500000,-2.263586,-1.950731,-1.900451,-1.778858,3.542732E+9
70.505000,-2.214949,-1.921812,-1.906695,-1.648064,3.542732E+9
70.510000,-2.110774,-1.871860,-1.862330,-1.835711,3.542732E+9
70.515000,-2.095657,-1.809421,-1.904723,-1.900122,3.542732E+9
70.520000,-1.970449,-1.710175,-1.934629,-1.922141,3.542732E+9
70.525000,-1.934629,-1.701631,-2.015800,-1.959276,3.542732E+9
70.530000,-1.853129,-1.650693,-1.933643,-2.050306,3.542732E+9
70.535000,-1.881062,-1.814679,-1.929042,-2.045705,3.542732E+9
70.540000,-1.725292,-1.606657,-1.862659,-1.965520,3.542732E+9
70.545000,-1.700316,-1.558677,-1.809421,-1.863316,3.542732E+9
70.550000,-1.559334,-1.468633,-1.690457,-1.786417,3.542732E+9
70.555000,-1.508068,-1.413094,-1.629332,-1.759469,3.542732E+9
70.560000,-1.344411,-1.311877,-1.578066,-1.631633,3.542732E+9
70.565000,-1.342439,-1.292487,-1.644449,-1.544874,3.542732E+9
70.570000,-1.322721,-1.290516,-1.558677,-1.539288,3.542732E+9
70.575000,-1.390747,-1.517927,-1.619145,-1.600413,3.542732E+9
70.580000,-1.394362,-1.371030,-1.638862,-1.612243,3.542732E+9
70.585000,-1.428211,-1.389433,-1.783459,-1.645106,3.542732E+9
70.590000,-1.442671,-1.375631,-1.713461,-1.770643,3.542732E+9
70.595000,-1.514969,-1.466989,-1.735479,-1.890592,3.542732E+9
70.600000,-1.447272,-1.422953,-1.758483,-1.949745,3.542732E+9
70.605000,-1.359528,-1.417366,-1.823552,-1.947445,3.542732E+9
70.610000,-1.487364,-1.433798,-1.834068,-1.982937,3.542732E+9
70.615000,-1.522856,-1.424268,-1.811064,-2.014814,3.542732E+9
70.620000,-1.453187,-1.395348,-1.777215,-1.909653,3.542732E+9
70.625000,-1.436756,-1.372344,-1.764399,-1.947445,3.542732E+9
70.630000,-1.374973,-1.344411,-1.676655,-1.730878,3.542732E+9
70.635000,-1.431169,-1.361171,-1.667453,-1.644449,3.542732E+9
70.640000,-1.350655,-1.329622,-1.601727,-1.582338,3.542732E+9
70.645000,-1.393705,-1.338167,-1.599098,-1.553419,3.542732E+9
70.650000,-1.367415,-1.341453,-1.568864,-1.600084,3.542732E+9
70.655000,-1.449243,-1.418024,-1.621116,-1.647078,3.542732E+9
70.660000,-1.421967,-1.424268,-1.650036,-1.720034,3.542732E+9
70.665000,-1.519241,-1.497223,-1.719705,-1.919840,3.542732E+9
70.670000,-1.538959,-1.661209,-1.775572,-2.042419,3.542732E+9
70.675000,-1.689143,-1.951060,-1.916225,-2.321425,3.542732E+9
70.680000,-2.045705,-2.630994,-1.992139,-2.707565,3.542732E+9
70.685000,-2.663200,-3.004646,-2.349687,-3.216612,3.542732E+9
70.690000,-2.794980,-2.897841,-2.856762,-3.424963,3.542732E+9
70.695000,-2.567897,-2.895869,-3.149900,-3.635286,3.542732E+9
70.700000,-2.228752,-2.649397,-2.910986,-3.834436,3.542732E+9
70.705000,-2.219221,-2.607004,-2.693105,-3.799930,3.542732E+9
70.710000,-2.285605,-2.509401,-2.455834,-3.408203,3.542732E+9
70.715000,-2.278375,-2.522546,-2.280346,-2.938591,3.542732E+9
70.720000,-2.194903,-2.549822,-2.136407,-2.541607,3.542732E+9
70.725000,-2.131149,-2.415084,-2.046034,-2.337857,3.542732E+9
70.730000,-1.936929,-2.342786,-1.892564,-2.148237,3.542732E+9
70.735000,-2.037818,-2.434802,-1.826838,-2.178471,3.542732E+9
70.740000,-1.942516,-2.473580,-1.785760,-2.193917,3.542732E+9
70.745000,-1.984252,-2.457149,-1.838997,-2.419685,3.542732E+9
70.750000,-1.963219,-2.399639,-1.885991,-2.371705,3.542732E+9
70.755000,-2.084812,-2.483768,-2.007256,-2.719395,3.542732E+9
70.760000,-2.142651,-2.608647,-2.208377,-2.921174,3.542732E+9
70.765000,-2.400625,-2.775262,-2.550480,-3.069057,3.542732E+9
70.770000,-2.420671,-2.763760,-2.597145,-3.108821,3.542732E+9
70.775000,-2.513016,-2.746014,-2.570198,-3.084831,3.542732E+9
70.780000,-2.389123,-2.768361,-2.376635,-2.911972,3.542732E+9
70.785000,-2.323068,-2.826857,-2.133121,-2.644796,3.542732E+9
70.790000,-2.291191,-2.662871,-1.900451,-2.376635,3.542732E+9
70.795000,-2.208377,-2.605361,-1.770643,-2.216921,3.542732E+9
70.800000,-2.039461,-2.420014,-1.719376,-2.038147,3.542732E+9
70.805000,-2.024016,-2.328984,-1.750925,-2.001669,3.542732E+9
70.810000,-1.882048,-2.238611,-1.742381,-1.942844,3.542732E+9
70.815000,-1.957633,-2.226451,-1.894864,-1.949088,3.542732E+9
70.820000,-1.894207,-2.174856,-1.803506,-1.939887,3.542732E+9
70.825000,-1.913596,-2.128848,-1.795290,-2.189316,3.542732E+9
70.830000,-1.870217,-2.058850,-1.775243,-2.010542,3.542732E+9
70.835000,-1.811393,-1.982937,-1.833411,-2.099929,3.542732E+9
70.840000,-1.740080,-1.862987,-1.882048,-2.052606,3.542732E+9
70.845000,-1.629332,-1.810407,-1.957633,-2.042090,3.542732E+9
70.850000,-1.708860,-1.771957,-1.852800,-2.095328,3.542732E+9
70.855000,-1.707546,-1.808764,-1.804163,-2.055893,3.542732E+9
70.860000,-1.584639,-1.623417,-1.747639,-1.920169,3.542732E+9
70.865000,-1.546518,-1.562949,-1.737122,-1.802520,3.542732E+9
70.870000,-1.427554,-1.474219,-1.668110,-1.733179,3.542732E+9
70.875000,-1.429197,-1.401592,-1.632290,-1.700645,3.542732E+9
70.880000,-1.343096,-1.321735,-1.586939,-1.610929,3.542732E+9
70.885000,-1.345725,-1.330937,-1.624403,-1.583324,3.542732E+9
70.890000,-1.340139,-1.331594,-1.597784,-1.590883,3.542732E+9
70.895000,-1.450229,-1.402578,-1.651679,-1.666796,3.542732E+9
70.900000,-1.431497,-1.382203,-1.648064,-1.698673,3.542732E+9
70.905000,-1.447600,-1.371358,-1.741723,-1.735479,3.542732E+9
70.910000,-1.452201,-1.408493,-1.713133,-1.814350,3.542732E+9
70.915000,-1.495909,-1.460745,-1.752568,-1.891578,3.542732E+9
70.920000,-1.450229,-1.401921,-1.762756,-1.917211,3.542732E+9
70.925000,-1.543889,-1.407508,-1.799562,-2.017772,3.542732E+9
70.930000,-1.448258,-1.402249,-1.791675,-1.962233,3.542732E+9
70.935000,-1.495251,-1.412108,-1.807120,-1.937258,3.542732E+9
70.940000,-1.457131,-1.379903,-1.757497,-1.858715,3.542732E+9
70.945000,-1.431826,-1.377931,-1.751911,-1.870217,3.542732E+9
70.950000,-1.375631,-1.346054,-1.650693,-1.705903,3.542732E+9
70.955000,-1.419010,-1.342110,-1.736137,-1.676983,3.542732E+9
70.960000,-1.356241,-1.346383,-1.585296,-1.620131,3.542732E+9
70.965000,-1.406193,-1.541260,-1.602385,-1.575766,3.542732E+9
70.970000,-1.396663,-1.341453,-1.590883,-1.622431,3.542732E+9
70.975000,-1.439385,-1.366100,-1.623088,-1.653979,3.542732E+9
70.980000,-1.425254,-1.387461,-1.680270,-1.690786,3.542732E+9
70.985000,-1.530086,-1.414080,-1.777872,-1.769985,3.542732E+9
70.990000,-1.567221,-1.473233,-1.836697,-1.890921,3.542732E+9
70.995000,-1.798905,-1.694401,-2.004627,-2.137721,3.542732E+9
71.000000,-2.157439,-1.989838,-2.173871,-2.303350,3.542732E+9
71.005000,-2.830801,-2.569869,-2.528133,-2.633294,3.542732E+9
71.010000,-3.010232,-3.029950,-2.899484,-3.133140,3.542732E+9
71.015000,-3.096005,-3.001688,-3.287267,-3.636601,3.542732E+9
71.020000,-2.998402,-2.803524,-3.343134,-3.944199,3.542732E+9
71.025000,-2.851176,-2.698034,-3.268535,-4.030957,3.542732E+9
71.030000,-2.752915,-2.637895,-3.011218,-3.888660,3.542732E+9
71.035000,-2.743714,-2.512687,-2.732869,-3.577776,3.542732E+9
71.040000,-2.408840,-2.299407,-2.534706,-2.887982,3.542732E+9
71.045000,-2.406540,-2.163683,-2.371048,-2.351659,3.542732E+9
71.050000,-2.190959,-2.092371,-2.138707,-2.096971,3.542732E+9
71.055000,-2.268516,-2.152510,-2.006270,-1.961905,3.542732E+9
71.060000,-2.198846,-2.212649,-1.963548,-1.759141,3.542732E+9
71.065000,-2.188330,-2.087770,-1.948760,-1.719048,3.542732E+9
71.070000,-2.152181,-2.048991,-1.936600,-1.755197,3.542732E+9
71.075000,-2.145280,-1.995096,-1.870546,-1.997068,3.542732E+9
71.080000,-2.163026,-2.008241,-2.054578,-2.308609,3.542732E+9
71.085000,-2.384851,-2.169927,-2.308609,-2.667143,3.542732E+9
71.090000,-2.511044,-2.328984,-2.538649,-2.948450,3.542732E+9
71.095000,-2.675359,-2.466351,-2.727611,-3.073329,3.542732E+9
71.100000,-2.661228,-2.466022,-2.763432,-2.979341,3.542732E+9
71.105000,-2.688504,-2.506443,-2.649397,-2.808125,3.542732E+9
71.110000,-2.569869,-2.412784,-2.353302,-2.617849,3.542732E+9
71.115000,-2.657613,-2.352974,-2.087112,-2.722024,3.542732E+9
71.120000,-2.308280,-2.235324,-1.927727,-2.132792,3.542732E+9
71.125000,-2.299736,-2.163354,-1.908338,-1.971106,3.542732E+9
71.130000,-2.181429,-2.116689,-1.887635,-1.834397,3.542732E+9
71.135000,-2.191617,-2.076596,-1.908667,-1.869560,3.542732E+9
71.140000,-2.140022,-2.089413,-1.801862,-1.837683,3.542732E+9
71.145000,-2.115046,-2.045048,-1.788389,-2.377949,3.542732E+9
71.150000,-2.039133,-1.988195,-1.780501,-1.886649,3.542732E+9
71.155000,-2.051292,-1.914582,-1.832754,-1.967491,3.542732E+9
71.160000,-1.931671,-1.829139,-1.886320,-1.961576,3.542732E+9
71.165000,-1.925756,-1.827824,-2.016457,-1.989838,3.542732E+9
71.170000,-1.894207,-1.779844,-1.939887,-2.100915,3.542732E+9
71.175000,-1.949088,-1.772286,-1.986552,-2.162697,3.542732E+9
71.180000,-1.783459,-1.710832,-1.918526,-2.112417,3.542732E+9
71.185000,-1.799233,-1.699001,-1.883034,-2.016457,3.542732E+9
71.190000,-1.666467,-1.588253,-1.782145,-1.931342,3.542732E+9
71.195000,-1.654965,-1.520227,-1.691443,-1.918854,3.542732E+9
71.200000,-1.449901,-1.402249,-1.605014,-1.694401,3.542732E+9
71.205000,-1.422953,-1.327322,-1.591540,-1.596798,3.542732E+9
71.210000,-1.356241,-1.315820,-1.545532,-1.548818,3.542732E+9
71.215000,-1.353612,-1.314834,-1.582667,-1.656608,3.542732E+9
71.220000,-1.342768,-1.320092,-1.582010,-1.545860,3.542732E+9
71.225000,-1.401592,-1.377602,-1.644120,-1.574780,3.542732E+9
71.230000,-1.424596,-1.369387,-1.641491,-1.672383,3.542732E+9
71.235000,-1.488022,-1.399949,-1.699330,-1.785102,3.542732E+9
71.240000,-1.409808,-1.380889,-1.713790,-1.850828,3.542732E+9
71.245000,-1.498209,-1.418681,-1.786745,-1.910639,3.542732E+9
71.250000,-1.492622,-1.455487,-1.825852,-2.001340,3.542732E+9
71.255000,-1.581024,-1.458774,-1.841298,-2.131806,3.542732E+9
71.260000,-1.510040,-1.426239,-1.823552,-2.030917,3.542732E+9
71.265000,-1.519241,-1.420653,-1.875804,-1.947445,3.542732E+9
71.270000,-1.438727,-1.384832,-1.750925,-1.864631,3.542732E+9
71.275000,-1.427883,-1.365443,-1.711489,-1.823223,3.542732E+9
71.280000,-1.371358,-1.341125,-1.616844,-1.662524,3.542732E+9
71.285000,-1.339810,-1.317463,-1.672711,-1.574451,3.542732E+9
71.290000,-1.340796,-1.314834,-1.539945,-1.556705,3.542732E+9
71.295000,-1.404550,-1.453516,-1.582010,-1.541917,3.542732E+9
71.300000,-1.357885,-1.338495,-1.582667,-1.585624,3.542732E+9
71.305000,-1.449572,-1.372016,-1.626046,-1.659566,3.542732E+9
71.310000,-1.429197,-1.396334,-1.679612,-1.752239,3.542732E+9
71.315000,-1.538302,-1.464689,-1.746653,-1.886649,3.542732E+9
71.320000,-1.576423,-1.603042,-1.794304,-2.035189,3.542732E+9
71.325000,-1.813364,-1.937586,-1.921812,-2.446633,3.542732E+9
71.330000,-2.115703,-2.461093,-2.041762,-2.586300,3.542732E+9
71.335000,-2.606018,-3.018120,-2.498228,-2.983613,3.542732E+9
71.340000,-3.002345,-3.023378,-2.884039,-3.360223,3.542732E+9
71.345000,-2.879109,-2.874837,-3.274451,-3.712514,3.542732E+9
71.350000,-2.529447,-2.803524,-3.136426,-3.939269,3.542732E+9
71.355000,-2.437431,-2.679631,-2.918216,-4.028328,3.542732E+9
71.360000,-2.415742,-2.471280,-2.705921,-3.646788,3.542732E+9
71.365000,-2.404240,-2.360861,-2.484425,-3.168632,3.542732E+9
71.370000,-2.209363,-2.316824,-2.263586,-2.575784,3.542732E+9
71.375000,-2.162040,-2.307951,-2.131477,-2.311238,3.542732E+9
71.380000,-2.040118,-2.226451,-1.908995,-2.074953,3.542732E+9
71.385000,-2.039133,-2.250441,-1.799233,-1.903737,3.542732E+9
71.390000,-2.030260,-2.321096,-1.818622,-1.857401,3.542732E+9
71.395000,-2.072324,-2.355603,-1.822895,-1.975379,3.542732E+9
71.400000,-1.978008,-2.207719,-1.824209,-2.078568,3.542732E+9
71.405000,-2.015143,-2.176171,-2.017114,-2.276074,3.542732E+9
71.410000,-2.053921,-2.249455,-2.107487,-2.641839,3.542732E+9
71.415000,-2.316167,-2.422643,-2.400625,-3.035866,3.542732E+9
71.420000,-2.444661,-2.583014,-2.617520,-3.136755,3.542732E+9
71.425000,-2.479824,-2.665171,-2.710851,-3.094690,3.542732E+9
71.430000,-2.468651,-2.551137,-2.625407,-2.975726,3.542732E+9
71.435000,-2.473580,-2.639867,-2.365790,-2.806811,3.542732E+9
71.440000,-2.346401,-2.517945,-2.060493,-2.472595,3.542732E+9
71.445000,-2.447290,-2.441375,-1.872189,-2.299078,3.542732E+9
71.450000,-2.124576,-2.293163,-1.734822,-1.989181,3.542732E+9
71.455000,-2.111102,-2.209691,-1.762756,-1.894207,3.542732E+9
71.460000,-1.938572,-2.136407,-1.780501,-1.745010,3.542732E+9
71.465000,-1.983923,-2.118004,-1.805806,-1.767685,3.542732E+9
71.470000,-1.938901,-2.100915,-1.762098,-1.816651,3.542732E+9
71.475000,-1.953360,-2.049649,-1.759469,-2.035518,3.542732E+9
71.480000,-1.894536,-2.018758,-1.814679,-1.950074,3.542732E+9
71.485000,-1.893221,-1.960919,-1.898151,-2.036832,3.542732E+9
71.490000,-1.838997,-1.870546,-1.925427,-2.115375,3.542732E+9
71.495000,-1.807449,-1.907681,-2.024344,-2.189316,3.542732E+9
71.500000,-1.842284,-1.891907,-1.977350,-2.225465,3.542732E+9
71.505000,-1.869889,-1.866602,-1.920497,-2.144294,3.542732E+9
71.510000,-1.748624,-1.779187,-1.840969,-2.091713,3.542732E+9
71.515000,-1.685528,-1.737451,-1.749610,-1.952046,3.542732E+9
71.520000,-1.544546,-1.559006,-1.681913,-1.774586,3.542732E+9
71.525000,-1.514312,-1.463374,-1.630975,-1.659895,3.542732E+9
71.530000,-1.380560,-1.373002,-1.573794,-1.547503,3.542732E+9
71.535000,-1.390090,-1.345725,-1.605999,-1.526471,3.542732E+9
71.540000,-1.343754,-1.327979,-1.549475,-1.517270,3.542732E+9
71.545000,-1.321407,-1.339810,-1.643792,-1.601399,3.542732E+9
71.550000,-1.391405,-1.361171,-1.638862,-1.622760,3.542732E+9
71.555000,-1.465675,-1.412766,-1.768342,-1.726935,3.542732E+9
71.560000,-1.448586,-1.404550,-1.687499,-1.826181,3.542732E+9
71.565000,-1.478163,-1.492294,-1.726935,-1.877776,3.542732E+9
71.570000,-1.451872,-1.395020,-1.766042,-1.926413,3.542732E+9
71.575000,-1.529100,-1.436756,-1.812379,-1.957633,3.542732E+9
71.580000,-1.484735,-1.412437,-1.803834,-1.969792,3.542732E+9
71.585000,-1.518913,-1.412437,-1.806463,-1.998383,3.542732E+9
71.590000,-1.436098,-1.393048,-1.771957,-1.891907,3.542732E+9
71.595000,-1.478820,-1.371358,-1.797919,-1.818294,3.542732E+9
71.600000,-1.403235,-1.345397,-1.696701,-1.748953,3.542732E+9
71.605000,-1.383518,-1.371358,-1.640506,-1.692100,3.542732E+9
71.610000,-1.391733,-1.331594,-1.574451,-1.628346,3.542732E+9
71.615000,-1.441356,-1.349669,-1.619145,-1.613887,3.542732E+9
71.620000,-1.385818,-1.348026,-1.586610,-1.611915,3.542732E+9
71.625000,-1.493280,-1.389762,-1.656280,-1.629989,3.542732E+9
71.630000,-1.573137,-1.405864,-1.762756,-1.711818,3.542732E+9
71.635000,-1.854443,-1.497223,-1.942844,-1.794633,3.542732E+9
71.640000,-2.164998,-1.643135,-2.178471,-1.878762,3.542732E+9
71.645000,-2.856434,-1.961905,-2.562968,-2.081197,3.542732E+9
71.650000,-3.024035,-2.431845,-2.877795,-2.534377,3.542732E+9
71.655000,-2.943192,-2.551794,-3.159430,-3.154172,3.542732E+9
71.660000,-3.051640,-2.253727,-3.263935,-3.409846,3.542732E+9
71.665000,-2.969154,-2.125233,-3.465713,-3.474586,3.542732E+9
71.670000,-2.747329,-2.047348,-3.143327,-3.354308,3.542732E+9
71.675000,-2.743714,-2.214621,-2.863006,-3.123938,3.542732E+9
71.680000,-2.621464,-2.088756,-2.599446,-2.644468,3.542732E+9
71.685000,-2.593859,-1.955661,-2.447947,-2.149881,3.542732E+9
71.690000,-2.476538,-1.915897,-2.235324,-1.930356,3.542732E+9
71.695000,-2.537335,-1.936929,-2.090399,-1.847213,3.542732E+9
71.700000,-2.464707,-2.038804,-2.122604,-1.675669,3.542732E+9
71.705000,-2.597474,-1.923784,-2.126877,-1.590883,3.542732E+9
71.710000,-2.510058,-1.916883,-2.156453,-1.681256,3.542732E+9
71.715000,-2.546865,-1.921483,-2.294478,-1.914582,3.542732E+9
71.720000,-2.565925,-1.931342,-2.365461,-2.236967,3.542732E+9
71.725000,-2.682917,-1.933314,-2.540949,-2.686861,3.542732E+9
71.730000,-2.806153,-2.220207,-2.736484,-2.913615,3.542732E+9
71.735000,-2.997416,-2.323068,-2.855448,-3.047696,3.542732E+9
71.740000,-2.967511,-2.363161,-2.837373,-2.936948,3.542732E+9
71.745000,-3.000702,-2.371705,-2.810097,-2.658270,3.542732E+9
71.750000,-2.896198,-2.312223,-2.444661,-2.448605,3.542732E+9
71.755000,-2.809440,-2.203119,-2.183072,-2.210348,3.542732E+9
71.760000,-2.588272,-2.130163,-2.095328,-1.927727,3.542732E+9
71.765000,-2.493955,-2.046691,-2.016786,-1.758812,3.542732E+9
71.770000,-2.363490,-1.988195,-1.974393,-1.716090,3.542732E+9
71.775000,-2.415084,-1.981622,-1.926741,-1.738766,3.542732E+9
71.780000,-2.285933,-1.963219,-1.903080,-1.727592,3.542732E+9
71.785000,-2.314524,-1.951389,-1.911624,-1.793318,3.542732E+9
71.790000,-2.189645,-1.934629,-1.906366,-1.853457,3.542732E+9
71.795000,-2.215935,-1.882048,-1.936272,-1.933643,3.542732E+9
71.800000,-2.085469,-1.816651,-1.929370,-1.987209,3.542732E+9
71.805000,-2.005941,-1.763084,-2.008570,-2.051292,3.542732E+9
71.810000,-1.965191,-1.726606,-1.983594,-2.049320,3.542732E+9
71.815000,-1.956318,-1.721020,-1.997725,-2.048663,3.542732E+9
71.820000,-1.828153,-1.699987,-1.922141,-2.015143,3.542732E+9
71.825000,-1.802191,-1.624403,-1.899794,-1.903409,3.542732E+9
71.830000,-1.633276,-1.533044,-1.779844,-1.829796,3.542732E+9
71.835000,-1.579052,-1.480463,-1.697030,-1.757169,3.542732E+9
71.840000,-1.416381,-1.367743,-1.618159,-1.672383,3.542732E+9
71.845000,-1.404221,-1.320421,-1.606328,-1.649050,3.542732E+9
71.850000,-1.338495,-1.312205,-1.559006,-1.569193,3.542732E+9
71.855000,-1.379245,-1.327979,-1.703274,-1.582010,3.542732E+9
71.860000,-1.397977,-1.357556,-1.611915,-1.587925,3.542732E+9
71.865000,-1.420324,-1.389762,-1.661538,-1.669753,3.542732E+9
71.870000,-1.436427,-1.384175,-1.655951,-1.702616,3.542732E+9
71.875000,-1.485064,-1.417366,-1.810078,-1.783788,3.542732E+9
71.880000,-1.435112,-1.395020,-1.731207,-1.823881,3.542732E+9
71.885000,-1.516612,-1.175496,-1.794304,-1.846227,3.542732E+9
71.890000,-1.466332,-1.418024,-1.809421,-1.984909,3.542732E+9
71.895000,-1.513655,-1.435441,-1.841626,-2.005941,3.542732E+9
71.900000,-1.497223,-1.404879,-1.832754,-1.982608,3.542732E+9
71.905000,-1.509383,-1.400606,-1.817308,-1.969792,3.542732E+9
71.910000,-1.417695,-1.381217,-1.722991,-1.867588,3.542732E+9
71.915000,-1.446614,-1.364786,-1.715104,-1.502481,3.542732E+9
71.920000,-1.392391,-1.337181,-1.623088,-1.666467,3.542732E+9
71.925000,-1.375959,-1.364457,-1.589568,-1.583981,3.542732E+9
71.930000,-1.370372,-1.348683,-1.557691,-1.558348,3.542732E+9
71.935000,-1.423282,-1.375631,-1.579709,-1.544217,3.542732E+9
71.940000,-1.371030,-1.409808,-1.586610,-1.616516,3.542732E+9
71.945000,-1.440699,-1.511683,-1.641820,-1.719376,3.542732E+9
71.950000,-1.459102,-1.614215,-1.695387,-1.925098,3.542732E+9
71.955000,-1.619145,-1.913596,-1.751582,-2.342129,3.542732E+9
71.960000,-1.754211,-2.486726,-1.793975,-2.722024,3.542732E+9
71.965000,-2.235981,-2.995773,-2.071010,-3.209382,3.542732E+9
71.970000,-2.560010,-2.952065,-2.566911,-3.516322,3.542732E+9
71.975000,-2.476210,-2.917559,-2.952065,-3.821948,3.542732E+9
71.980000,-2.191617,-2.843617,-2.829158,-3.961945,3.542732E+9
71.985000,-2.031245,-2.749629,-2.636909,-4.004338,3.542732E+9
71.990000,-2.073310,-2.568883,-2.370062,-3.650403,3.542732E+9
71.995000,-2.126219,-2.576113,-2.235981,-3.060513,3.542732E+9
72.000000,-2.015800,-2.515316,-2.112746,-2.587615,3.542732E+9
72.005000,-1.984909,-2.565597,-2.011528,-2.333913,3.542732E+9
72.010000,-1.835054,-2.426258,-1.843598,-2.209691,3.542732E+9
72.015000,-1.918854,-2.453534,-1.743038,-2.249127,3.542732E+9
72.020000,-1.845241,-2.510387,-1.721020,-2.273774,3.542732E+9
72.025000,-1.894864,-2.537335,-1.812707,-2.399639,3.542732E+9
72.030000,-1.873175,-2.515316,-1.838012,-2.558695,3.542732E+9
72.035000,-1.949417,-2.488369,-1.938243,-2.960281,3.542732E+9
72.040000,-2.023030,-2.644139,-2.091385,-3.049339,3.542732E+9
72.045000,-2.261943,-2.889625,-2.333913,-3.263277,3.542732E+9
72.050000,-2.324711,-2.912301,-2.497242,-3.186378,3.542732E+9
72.055000,-2.414427,-2.887982,-2.584657,-3.130511,3.542732E+9
72.060000,-2.276074,-2.860049,-2.378935,-2.972440,3.542732E+9
72.065000,-2.250113,-2.799252,-2.152181,-2.734512,3.542732E+9
72.070000,-2.163354,-2.762774,-1.887635,-2.537335,3.542732E+9
72.075000,-2.168284,-2.806482,-1.742709,-2.406211,3.542732E+9
72.080000,-2.016457,-2.610948,-1.722663,-2.202461,3.542732E+9
72.085000,-1.986223,-2.452220,-1.731536,-2.118004,3.542732E+9
72.090000,-1.867260,-2.384522,-1.758483,-2.082512,3.542732E+9
72.095000,-1.974721,-2.371705,-1.770643,-2.194903,3.542732E+9
72.100000,-1.902094,-2.342786,-1.755854,-2.131477,3.542732E+9
72.105000,-1.939558,-2.296449,-1.806135,-2.098614,3.542732E+9
72.110000,-1.868903,-2.199504,-1.775901,-2.051292,3.542732E+9
72.115000,-1.851485,-2.084155,-1.839655,-2.160725,3.542732E+9
72.120000,-1.768342,-1.987866,-1.854443,-2.019086,3.542732E+9
72.125000,-1.746324,-1.948760,-1.854772,-2.086784,3.542732E+9
72.130000,-1.690786,-1.858387,-1.797919,-2.121290,3.542732E+9
72.135000,-1.740409,-1.802848,-1.846556,-2.065752,3.542732E+9
72.140000,-1.592197,-1.690786,-1.793647,-1.964534,3.542732E+9
72.145000,-1.579052,-1.661866,-1.761770,-1.897165,3.542732E+9
72.150000,-1.470276,-1.540274,-1.659895,-1.844584,3.542732E+9
72.155000,-1.520227,-1.454173,-1.638534,-1.892235,3.542732E+9
72.160000,-1.357556,-1.347697,-1.625060,-1.663838,3.542732E+9
72.165000,-1.366100,-1.330937,-1.627689,-1.593183,3.542732E+9
72.170000,-1.336852,-1.342768,-1.591540,-1.582338,3.542732E+9
72.175000,-1.416381,-1.354270,-1.612243,-1.713461,3.542732E+9
72.180000,-1.409808,-1.375631,-1.617173,-1.616844,3.542732E+9
72.185000,-1.437084,-1.404550,-1.745667,-1.661209,3.542732E+9
72.190000,-1.433798,-1.371358,-1.686185,-1.754540,3.542732E+9
72.195000,-1.500181,-1.400278,-1.750596,-1.849842,3.542732E+9
72.200000,-1.447272,-1.400606,-1.752568,-1.921812,3.542732E+9
72.205000,-1.523842,-1.425582,-1.797919,-1.955332,3.542732E+9
72.210000,-1.493280,-1.421639,-1.808764,-1.978336,3.542732E+9
72.215000,-1.548161,-1.408165,-1.807120,-2.051621,3.542732E+9
72.220000,-1.470933,-1.393048,-1.756183,-1.968149,3.542732E+9
72.225000,-1.446286,-1.372016,-1.770643,-1.841955,3.542732E+9
72.230000,-1.396334,-1.367086,-1.676326,-1.734165,3.542732E+9
72.235000,-1.436427,-1.349997,-1.634919,-1.686514,3.542732E+9
72.240000,-1.347040,-1.329294,-1.577737,-1.613887,3.542732E+9
72.245000,-1.407179,-1.343754,-1.611586,-1.558348,3.542732E+9
72.250000,-1.376616,-1.317792,-1.587268,-1.562620,3.542732E+9
72.255000,-1.448586,-1.401592,-1.641491,-1.642477,3.542732E+9
72.260000,-1.456802,-1.398963,-1.680927,-1.712147,3.542732E+9
72.265000,-1.625060,-1.450558,-1.772614,-1.854443,3.542732E+9
72.270000,-1.717076,-1.546189,-1.905381,-1.933643,3.542732E+9
72.275000,-2.103215,-1.761770,-2.181429,-2.091713,3.542732E+9
72.280000,-2.724982,-2.205748,-2.397338,-2.316167,3.542732E+9
72.285000,-2.928075,-2.750944,-2.797280,-2.731555,3.542732E+9
72.290000,-2.956009,-2.695734,-3.023378,-3.152858,3.542732E+9
72.295000,-3.005632,-2.550480,-3.212011,-3.438437,3.542732E+9
72.300000,-2.742728,-2.287905,-3.084174,-3.535711,3.542732E+9
72.305000,-2.739442,-2.381564,-2.955023,-3.417076,3.542732E+9
72.310000,-2.646440,-2.344101,-2.693762,-3.184406,3.542732E+9
72.315000,-2.646440,-2.254385,-2.504472,-2.783807,3.542732E+9
72.320000,-2.603389,-2.210020,-2.389123,-2.316824,3.542732E+9
72.325000,-2.558038,-2.113403,-2.298750,-2.082512,3.542732E+9
72.330000,-2.516960,-2.118004,-2.168613,-1.976036,3.542732E+9
72.335000,-2.610948,-2.224151,-2.208377,-1.921155,3.542732E+9
72.340000,-2.479496,-2.106173,-2.167627,-1.824866,3.542732E+9
72.345000,-2.508415,-2.084812,-2.163354,-2.005284,3.542732E+9
72.350000,-2.509730,-2.095985,-2.175514,-2.100258,3.542732E+9
72.355000,-2.600760,-2.140679,-2.258986,-2.401611,3.542732E+9
72.360000,-2.651698,-2.216921,-2.429873,-2.617520,3.542732E+9
72.365000,-2.914273,-2.350016,-2.712823,-2.779206,3.542732E+9
72.370000,-2.889954,-2.432830,-2.750944,-2.888639,3.542732E+9
72.375000,-2.934648,-2.585314,-2.734184,-2.855448,3.542732E+9
72.380000,-2.877137,-2.443675,-2.607333,-2.672401,3.542732E+9
72.385000,-2.821270,-2.407855,-2.392738,-2.411141,3.542732E+9
72.390000,-2.684889,-2.311895,-2.155796,-2.235981,3.542732E+9
72.395000,-2.732540,-2.261286,-2.033217,-2.159411,3.542732E+9
72.400000,-2.433816,-2.161711,-1.948431,-1.898151,3.542732E+9
72.405000,-2.404240,-2.103215,-1.900451,-1.849514,3.542732E+9
72.410000,-2.271145,-2.074625,-1.897165,-1.804163,3.542732E+9
72.415000,-2.269502,-2.014157,-1.922798,-1.803834,3.542732E+9
72.420000,-2.179457,-1.933314,-1.862987,-1.808106,3.542732E+9
72.425000,-2.152510,-1.943502,-1.863316,-1.932328,3.542732E+9
72.430000,-2.034203,-1.863973,-1.837026,-1.883034,3.542732E+9
72.435000,-2.015143,-1.779187,-1.892893,-1.955004,3.542732E+9
72.440000,-1.903080,-1.713133,-1.920169,-1.965520,3.542732E+9
72.445000,-1.933971,-1.686514,-1.959276,-1.989510,3.542732E+9
72.450000,-1.810735,-1.638205,-1.885006,-2.065752,3.542732E+9
72.455000,-1.800876,-1.675012,-1.825852,-2.054250,3.542732E+9
72.460000,-1.679284,-1.575108,-1.785760,-1.922141,3.542732E+9
72.465000,-1.690457,-1.507739,-1.754540,-2.046034,3.542732E+9
72.470000,-1.479806,-1.408822,-1.663510,-1.720362,3.542732E+9
72.475000,-1.431169,-1.347368,-1.617501,-1.683885,3.542732E+9
72.480000,-1.341453,-1.294459,-1.560977,-1.606657,3.542732E+9
72.485000,-1.333566,-1.294788,-1.615201,-1.611915,3.542732E+9
72.490000,-1.334552,-1.304975,-1.595155,-1.549147,3.542732E+9
72.495000,-1.411451,-1.366758,-1.636891,-1.623745,3.542732E+9
72.500000,-1.394034,-1.370372,-1.649050,-1.689471,3.542732E+9
72.505000,-1.472576,-1.396006,-1.727592,-1.740080,3.542732E+9
72.510000,-1.444971,-1.384504,-1.699330,-1.838340,3.542732E+9
72.515000,-1.530743,-1.433141,-1.743038,-1.922469,3.542732E+9
72.520000,-1.468633,-1.424268,-1.774586,-1.949088,3.542732E+9
72.525000,-1.565578,-1.419010,-1.828481,-1.984580,3.542732E+9
72.530000,-1.476520,-1.425582,-1.805806,-1.947116,3.542732E+9
72.535000,-1.490979,-1.414080,-1.843927,-1.919840,3.542732E+9
72.540000,-1.443985,-1.365772,-1.744024,-1.846227,3.542732E+9
72.545000,-1.412108,-1.505768,-1.720034,-1.817637,3.542732E+9
72.550000,-1.360842,-1.347368,-1.663510,-1.709189,3.542732E+9
72.555000,-1.413752,-1.338824,-1.721020,-1.657266,3.542732E+9
72.560000,-1.346054,-1.318449,-1.601399,-1.623088,3.542732E+9
72.565000,-1.408822,-1.398306,-1.574122,-1.608300,3.542732E+9
72.570000,-1.382203,-1.359528,-1.581681,-1.653651,3.542732E+9
72.575000,-1.488679,-1.385818,-1.638205,-1.755526,3.542732E+9
72.580000,-1.439713,-1.402578,-1.679941,-1.723649,3.542732E+9
72.585000,-1.515626,-1.453516,-1.868903,-1.811393,3.542732E+9
72.590000,-1.551776,-1.524499,-1.799891,-1.917211,3.542732E+9
72.595000,-1.696044,-1.714118,-1.923784,-2.145608,3.542732E+9
72.600000,-2.078239,-2.190959,-2.052278,-2.370062,3.542732E+9
72.605000,-2.705921,-2.701978,-2.407197,-2.708879,3.542732E+9
72.610000,-2.879438,-2.746672,-2.807139,-3.078259,3.542732E+9
72.615000,-2.822256,-2.795309,-3.107835,-3.398673,3.542732E+9
72.620000,-2.582357,-2.530433,-3.046053,-3.587635,3.542732E+9
72.625000,-2.421657,-2.311238,-2.882067,-3.615240,3.542732E+9
72.630000,-2.403582,-2.316167,-2.673059,-3.336233,3.542732E+9
72.635000,-2.398653,-2.321754,-2.430530,-2.978684,3.542732E+9
72.640000,-2.304336,-2.319782,-2.229409,-2.510387,3.542732E+9
72.645000,-2.239268,-2.304336,-2.105516,-2.220865,3.542732E+9
72.650000,-2.053264,-2.157768,-1.942844,-2.070352,3.542732E+9
72.655000,-2.150867,-2.292177,-1.887635,-2.101901,3.542732E+9
72.660000,-2.091056,-2.321096,-1.887306,-2.028945,3.542732E+9
72.665000,-2.175514,-2.334899,-2.013500,-2.033217,3.542732E+9
72.670000,-2.156782,-2.287905,-1.991153,-2.202461,3.542732E+9
72.675000,-2.319453,-2.300721,-2.141665,-2.426258,3.542732E+9
72.680000,-2.379592,-2.434474,-2.302365,-2.722353,3.542732E+9
72.685000,-2.618506,-2.681274,-2.572498,-2.967182,3.542732E+9
72.690000,-2.636909,-2.659256,-2.681274,-3.088118,3.542732E+9
72.695000,-2.712823,-2.716438,-2.652683,-3.131168,3.542732E+9
72.700000,-2.661556,-2.730569,-2.551466,-2.920517,3.542732E+9
72.705000,-2.681932,-2.706579,-2.340157,-2.719067,3.542732E+9
72.710000,-2.582028,-2.663200,-2.079554,-2.406540,3.542732E+9
72.715000,-2.529776,-2.577756,-1.949088,-2.231052,3.542732E+9
72.720000,-2.298750,-2.458464,-1.867917,-1.991481,3.542732E+9
72.725000,-2.239925,-2.356917,-1.883034,-1.913268,3.542732E+9
72.730000,-2.161711,-2.274760,-1.871203,-1.889935,3.542732E+9
72.735000,-2.185701,-2.312552,-1.896179,-1.980637,3.542732E+9
72.740000,-2.140350,-2.249455,-1.901437,-1.963219,3.542732E+9
72.745000,-2.160725,-2.249784,-1.946131,-1.963548,3.542732E+9
72.750000,-2.065752,-2.143308,-1.864959,-2.030917,3.542732E+9
72.755000,-2.080540,-2.055893,-1.896179,-2.056221,3.542732E+9
72.760000,-1.943173,-1.982937,-1.904723,-2.060493,3.542732E+9
72.765000,-1.907681,-1.944159,-1.939558,-2.045377,3.542732E+9
72.770000,-1.826181,-1.836368,-1.903080,-2.066737,3.542732E+9
72.775000,-1.855758,-1.761112,-1.861673,-2.082512,3.542732E+9
72.780000,-1.642806,-1.677969,-1.805806,-1.908995,3.542732E+9
72.785000,-1.608300,-1.605999,-1.687828,-1.852471,3.542732E+9
72.790000,-1.479477,-1.507739,-1.689143,-1.751253,3.542732E+9
72.795000,-1.439056,-1.411780,-1.655294,-1.770643,3.542732E+9
72.800000,-1.349340,-1.327979,-1.587268,-1.626374,3.542732E+9
72.805000,-1.335866,-1.341782,-1.425911,-1.565907,3.542732E+9
72.810000,-1.320092,-1.339153,-1.566564,-1.608957,3.542732E+9
72.815000,-1.442014,-1.353284,-1.656608,-1.616187,3.542732E+9
72.820000,-1.412108,-1.392719,-1.650693,-1.661538,3.542732E+9
72.825000,-1.458774,-1.421639,-1.682241,-1.703274,3.542732E+9
72.830000,-1.452530,-1.401264,-1.706560,-1.779844,3.542732E+9
72.835000,-1.518913,-1.409479,-1.745667,-1.898808,3.542732E+9
72.840000,-1.454830,-1.401264,-1.767028,-1.870874,3.542732E+9
72.845000,-1.484078,-1.407508,-1.840312,-1.921812,3.542732E+9
72.850000,-1.459431,-1.404550,-1.800219,-1.969463,3.542732E+9
72.855000,-1.498538,-1.454830,-1.816651,-2.027302,3.542732E+9
72.860000,-1.448258,-1.383189,-1.776229,-1.942187,3.542732E+9
72.865000,-1.564921,-1.396006,-1.796276,-1.825852,3.542732E+9
72.870000,-1.399620,-1.356899,-1.690128,-1.758155,3.542732E+9
72.875000,-1.449572,-1.396334,-1.630647,-1.685528,3.542732E+9
72.880000,-1.371030,-1.354598,-1.582667,-1.612901,3.542732E+9
72.885000,-1.418352,-1.342768,-1.578066,-1.616187,3.542732E+9
72.890000,-1.394691,-1.332909,-1.577737,-1.553090,3.542732E+9
72.895000,-1.418681,-1.359199,-1.650364,-1.620788,3.542732E+9
72.900000,-1.431169,-1.398635,-1.653979,-1.674026,3.542732E+9
72.905000,-1.493280,-1.570508,-1.785760,-1.828153,3.542732E+9
72.910000,-1.571165,-1.484735,-1.841298,-1.904066,3.542732E+9
72.915000,-1.850171,-1.724963,-2.057864,-2.099600,3.542732E+9
72.920000,-2.258000,-2.086784,-2.163354,-2.384193,3.542732E+9
72.925000,-2.774276,-2.665171,-2.499542,-2.735498,3.542732E+9
72.930000,-2.804510,-2.814698,-2.848218,-3.150229,3.542732E+9
72.935000,-2.913944,-2.689161,-3.068728,-3.652704,3.542732E+9
72.940000,-2.750944,-2.576441,-3.072343,-3.647774,3.542732E+9
72.945000,-2.610948,-2.416728,-2.968496,-3.635944,3.542732E+9
72.950000,-2.576113,-2.491984,-2.739113,-3.424634,3.542732E+9
72.955000,-2.576441,-2.434145,-2.573155,-3.261634,3.542732E+9
72.960000,-2.476867,-2.305651,-2.421986,-2.586958,3.542732E+9
72.965000,-2.398653,-2.279032,-2.304994,-2.298750,3.542732E+9
72.970000,-2.295135,-2.217907,-2.154153,-2.172556,3.542732E+9
72.975000,-2.543250,-2.361189,-2.111760,-2.077911,3.542732E+9
72.980000,-2.392738,-2.345086,-2.083498,-2.025659,3.542732E+9
72.985000,-2.417056,-2.504800,-2.096971,-2.051621,3.542732E+9
72.990000,-2.414756,-2.311566,-2.126219,-2.204104,3.542732E+9
72.995000,-2.446304,-2.295463,-2.199175,-2.460435,3.542732E+9
73.000000,-2.460107,-2.317153,-2.325369,-2.700335,3.542732E+9
73.005000,-2.712823,-2.437103,-2.541607,-2.936948,3.542732E+9
73.010000,-2.700992,-2.531748,-2.646768,-2.949107,3.542732E+9
73.015000,-2.800238,-2.570855,-2.671744,-2.964224,3.542732E+9
73.020000,-2.720381,-2.586958,-2.600760,-2.746014,3.542732E+9
73.025000,-2.691462,-2.532734,-2.457149,-2.559681,3.542732E+9
73.030000,-2.586629,-2.476538,-2.180443,-2.377621,3.542732E+9
73.035000,-2.510058,-2.397996,-2.014485,-2.316496,3.542732E+9
73.040000,-2.332927,-2.307623,-1.934957,-2.101901,3.542732E+9
73.045000,-2.243211,-2.258986,-1.903409,-2.040776,3.542732E+9
73.050000,-2.184715,-2.185373,-1.883362,-1.963548,3.542732E+9
73.055000,-2.407197,-2.179129,-1.928056,-1.954018,3.542732E+9
73.060000,-2.164012,-2.122933,-1.860687,-1.955989,3.542732E+9
73.065000,-2.177157,-1.956318,-1.796604,-1.927070,3.542732E+9
73.070000,-2.045048,-2.025987,-1.852471,-1.938243,3.542732E+9
73.075000,-2.021387,-1.911296,-1.867588,-1.965848,3.542732E+9
73.080000,-1.921155,-1.838340,-1.904723,-1.947774,3.542732E+9
73.085000,-1.901108,-1.789374,-1.901108,-2.042419,3.542732E+9
73.090000,-1.815336,-1.740409,-1.876461,-2.049977,3.542732E+9
73.095000,-1.815008,-1.704260,-1.757826,-2.083498,3.542732E+9
73.100000,-1.686185,-1.630647,-1.809092,-1.969135,3.542732E+9
73.105000,-1.647735,-1.573794,-1.804163,-2.003969,3.542732E+9
73.110000,-1.549147,-1.495251,-1.694401,-1.832754,3.542732E+9
73.115000,-1.471919,-1.437413,-1.642477,-1.792661,3.542732E+9
73.120000,-1.364457,-1.324693,-1.592526,-1.668439,3.542732E+9
73.125000,-1.398306,-1.307933,-1.621445,-1.554076,3.542732E+9
73.130000,-1.336524,-1.302018,-1.577737,-1.550790,3.542732E+9
73.135000,-1.429526,-1.371687,-1.593840,-1.570836,3.542732E+9
73.140000,-1.393048,-1.365443,-1.623745,-1.595155,3.542732E+9
73.145000,-1.495251,-1.374316,-1.687171,-1.701302,3.542732E+9
73.150000,-1.444314,-1.371030,-1.688485,-1.758483,3.542732E+9
73.155000,-1.475534,-1.383518,-1.841955,-1.923455,3.542732E+9
73.160000,-1.458116,-1.405864,-1.747967,-1.943173,3.542732E+9
73.165000,-1.498209,-1.412766,-1.810078,-2.043076,3.542732E+9
73.170000,-1.488679,-1.422953,-1.811064,-1.996411,3.542732E+9
73.175000,-1.518913,-1.425582,-1.894864,-1.976364,3.542732E+9
73.180000,-1.458445,-1.379574,-1.762756,-1.924112,3.542732E+9
73.185000,-1.467318,-1.485064,-1.736137,-1.818622,3.542732E+9
73.190000,-1.399620,-1.358213,-1.676326,-1.720691,3.542732E+9
73.195000,-1.615530,-1.363471,-1.664495,-1.633933,3.542732E+9
73.200000,-1.364786,-1.333895,-1.588582,-1.580366,3.542732E+9
73.205000,-1.384832,-1.326336,-1.558348,-1.583981,3.542732E+9
73.210000,-1.370372,-1.319435,-1.553419,-1.593183,3.542732E+9
73.215000,-1.408822,-1.343096,-1.644778,-1.716747,3.542732E+9
73.220000,-1.404550,-1.367743,-1.647407,-1.695058,3.542732E+9
73.225000,-1.454501,-1.389762,-1.848856,-1.816322,3.542732E+9
73.230000,-1.441685,-1.407508,-1.731864,-1.864631,3.542732E+9
73.235000,-1.529758,-1.556376,-1.751253,-1.887635,3.542732E+9
73.240000,-1.510368,-1.451544,-1.789046,-1.948102,3.542732E+9
73.245000,-1.531729,-1.581681,-1.787403,-2.019743,3.542732E+9
73.250000,-1.575108,-1.774586,-1.773272,-2.124905,3.542732E+9
73.255000,-1.880076,-2.278046,-1.840969,-2.423300,3.542732E+9
73.260000,-2.387151,-2.921502,-2.010542,-2.694091,3.542732E+9
73.265000,-2.815026,-2.978355,-2.515316,-3.342477,3.542732E+9
73.270000,-2.679960,-2.871222,-2.903428,-3.400645,3.542732E+9
73.275000,-2.475224,-2.900142,-2.958966,-3.795658,3.542732E+9
73.280000,-2.187673,-2.607004,-2.781178,-4.007953,3.542732E+9
73.285000,-2.338514,-2.530433,-2.771319,-3.817676,3.542732E+9
73.290000,-2.341143,-2.532734,-2.571512,-3.315858,3.542732E+9
73.295000,-2.386822,-2.623107,-2.407526,-2.924460,3.542732E+9
73.300000,-2.252084,-2.579728,-2.230723,-2.594187,3.542732E+9
73.305000,-1.957633,-2.421986,-2.057536,-2.234010,3.542732E+9
73.310000,-2.130492,-2.481796,-1.951717,-2.205090,3.542732E+9
73.315000,-2.192274,-2.536020,-1.906038,-2.252413,3.542732E+9
73.320000,-2.082840,-2.524189,-1.918526,-2.233681,3.542732E+9
73.325000,-2.113074,-2.489683,-1.915897,-2.327012,3.542732E+9
73.330000,-2.069695,-2.406540,-1.924112,-2.514002,3.542732E+9
73.335000,-2.224479,-2.540292,-2.108145,-2.952722,3.542732E+9
73.340000,-2.379921,-2.727611,-2.369076,-3.061170,3.542732E+9
73.345000,-2.521889,-2.825871,-2.592216,-3.156473,3.542732E+9
73.350000,-2.518603,-2.775920,-2.653998,-3.137741,3.542732E+9
73.355000,-2.441046,-2.762117,-2.626065,-3.026335,3.542732E+9
73.360000,-2.437760,-2.757188,-2.313538,-2.789722,3.542732E+9
73.365000,-2.430530,-2.728597,-2.049977,-2.533391,3.542732E+9
73.370000,-2.343443,-2.650054,-1.874818,-2.306637,3.542732E+9
73.375000,-2.251756,-2.598460,-1.777872,-2.147580,3.542732E+9
73.380000,-2.083826,-2.404897,-1.781159,-2.013500,3.542732E+9
73.385000,-1.818294,-2.260957,-1.798905,-2.248141,3.542732E+9
73.390000,-1.961576,-2.235653,-1.829467,-1.988195,3.542732E+9
73.395000,-2.045048,-2.213306,-1.814679,-2.069695,3.542732E+9
73.400000,-1.960262,-2.127534,-1.798576,-1.992796,3.542732E+9
73.405000,-1.968149,-2.074296,-1.836368,-1.992139,3.542732E+9
73.410000,-1.850171,-1.961247,-1.819937,-2.005284,3.542732E+9
73.415000,-1.872518,-1.877447,-1.866931,-2.147252,3.542732E+9
73.420000,-1.739751,-1.815993,-1.853786,-2.026973,3.542732E+9
73.425000,-1.725292,-1.773272,-1.857729,-2.055235,3.542732E+9
73.430000,-1.642149,-1.689471,-1.803177,-2.039133,3.542732E+9
73.435000,-1.670411,-1.647735,-1.816979,-1.938901,3.542732E+9
73.440000,-1.565249,-1.577409,-1.733179,-1.847870,3.542732E+9
73.445000,-1.512012,-1.536330,-1.682570,-1.745338,3.542732E+9
73.450000,-1.375959,-1.388447,-1.624403,-1.708532,3.542732E+9
73.455000,-1.431497,-1.293802,-1.607971,-1.713790,3.542732E+9
73.460000,-1.315820,-1.288873,-1.592854,-1.620788,3.542732E+9
73.465000,-1.365114,-1.338495,-1.621116,-1.645764,3.542732E+9
73.470000,-1.381874,-1.346054,-1.638862,-1.676983,3.542732E+9
73.475000,-1.448915,-1.371687,-1.685856,-1.785760,3.542732E+9
73.480000,-1.428211,-1.387133,-1.667782,-1.729564,3.542732E+9
73.485000,-1.473233,-1.412108,-1.604028,-1.763084,3.542732E+9
73.490000,-1.437413,-1.408493,-1.670739,-1.814679,3.542732E+9
73.495000,-1.495251,-1.410137,-1.763741,-1.843927,3.542732E+9
73.500000,-1.461074,-1.404221,-1.768671,-1.871532,3.542732E+9
73.505000,-1.476520,-1.436427,-1.787074,-1.894864,3.542732E+9
73.510000,-1.461074,-1.405207,-1.796933,-1.924770,3.542732E+9
73.515000,-1.549147,-1.413094,-1.798576,-1.979322,3.542732E+9
73.520000,-1.442342,-1.397320,-1.743366,-1.879419,3.542732E+9
73.525000,-1.452530,-1.375959,-1.762098,-1.783788,3.542732E+9
73.530000,-1.420653,-1.346711,-1.644120,-1.717733,3.542732E+9
73.535000,-1.431497,-1.360514,-1.607971,-1.732850,3.542732E+9
73.540000,-1.367086,-1.339481,-1.551118,-1.651350,3.542732E+9
73.545000,-1.401592,-1.347697,-1.643792,-1.612243,3.542732E+9
73.550000,-1.405536,-1.355256,-1.610929,-1.645435,3.542732E+9
73.555000,-1.496237,-1.417366,-1.678955,-1.678955,3.542732E+9
73.560000,-1.539945,-1.411122,-1.770314,-1.726606,3.542732E+9
73.565000,-1.753883,-1.455816,-1.895522,-1.806792,3.542732E+9
73.570000,-2.032560,-1.610929,-2.080540,-1.903409,3.542732E+9
73.575000,-2.754559,-1.990495,-2.426586,-2.152181,3.542732E+9
73.580000,-2.945164,-2.456820,-2.728268,-2.538978,3.542732E+9
73.585000,-2.998730,-2.436117,-3.025021,-3.035208,3.542732E+9
73.590000,-3.044739,-2.410812,-3.144971,-3.327689,3.542732E+9
73.595000,-2.953051,-2.211006,-3.309614,-3.473272,3.542732E+9
73.600000,-2.812397,-2.150538,-3.069714,-3.358251,3.542732E+9
73.605000,-2.818641,-2.333256,-2.838359,-3.080888,3.542732E+9
73.610000,-2.732540,-2.205748,-2.603718,-2.699020,3.542732E+9
73.615000,-2.827186,-2.181100,-2.479824,-2.292834,3.542732E+9
73.620000,-2.652355,-2.071010,-2.324054,-2.047677,3.542732E+9
73.625000,-2.660571,-2.056221,-2.200161,-1.967491,3.542732E+9
73.630000,-2.606347,-2.172556,-2.207391,-1.887963,3.542732E+9
73.635000,-2.649397,-2.066737,-2.341143,-1.865288,3.542732E+9
73.640000,-2.632308,-2.048334,-2.202461,-1.885991,3.542732E+9
73.645000,-2.656298,-2.068381,-2.289877,-2.409826,3.542732E+9
73.650000,-2.691790,-2.096314,-2.335885,-2.327669,3.542732E+9
73.655000,-2.820942,-2.213963,-2.493627,-2.664514,3.542732E+9
73.660000,-2.856434,-2.273117,-2.659913,-2.734184,3.542732E+9
73.665000,-2.982956,-2.351988,-2.901785,-2.785121,3.542732E+9
73.670000,-2.931033,-2.393066,-2.689490,-2.748315,3.542732E+9
73.675000,-2.965210,-2.403582,-2.613248,-2.600103,3.542732E+9
73.680000,-2.821270,-2.320439,-2.386494,-2.346401,3.542732E+9
73.685000,-2.726954,-2.283304,-2.185701,-2.166641,3.542732E+9
73.690000,-2.575456,-2.170256,-2.081854,-1.990495,3.542732E+9
73.695000,-2.513016,-2.092371,-2.023687,-1.915568,3.542732E+9
73.700000,-2.385508,-2.016786,-1.970778,-1.854443,3.542732E+9
73.705000,-2.369076,-2.014814,-1.935614,-1.850499,3.542732E+9
73.710000,-2.225465,-1.965520,-1.916554,-1.794961,3.542732E+9
73.715000,-2.237625,-1.900451,-1.949745,-1.829467,3.542732E+9
73.720000,-2.138050,-1.896179,-1.837354,-1.811721,3.542732E+9
73.725000,-2.034532,-1.823223,-1.821251,-1.932985,3.542732E+9
73.730000,-1.933971,-1.720362,-1.839983,-1.877447,3.542732E+9
73.735000,-1.896179,-1.670082,-1.894207,-1.917868,3.542732E+9
73.740000,-1.774258,-1.600084,-1.910967,-1.932985,3.542732E+9
73.745000,-1.830453,-1.614544,-1.958290,-1.973078,3.542732E+9
73.750000,-1.709846,-1.586610,-1.838012,-1.999040,3.542732E+9
73.755000,-1.706889,-1.618487,-1.815665,-1.917211,3.542732E+9
73.760000,-1.576751,-1.481449,-1.746324,-1.831768,3.542732E+9
73.765000,-1.521542,-1.412766,-1.671068,-1.800219,3.542732E+9
73.770000,-1.378588,-1.344082,-1.593840,-1.710503,3.542732E+9
73.775000,-1.381546,-1.296760,-1.585953,-1.673697,3.542732E+9
73.780000,-1.337181,-1.321407,-1.586939,-1.591540,3.542732E+9
73.785000,-1.386475,-1.347040,-1.634919,-1.634919,3.542732E+9
73.790000,-1.413423,-1.368729,-1.627032,-1.595812,3.542732E+9
73.795000,-1.450887,-1.409479,-1.540274,-1.610272,3.542732E+9
73.800000,-1.384832,-1.366758,-1.666467,-1.685528,3.542732E+9
73.805000,-1.471590,-1.380231,-1.750268,-1.724963,3.542732E+9
73.810000,-1.425911,-1.390090,-1.725620,-1.859372,3.542732E+9
73.815000,-1.500510,-1.430183,-1.767356,-1.943173,3.542732E+9
73.820000,-1.473562,-1.408493,-1.794633,-1.983266,3.542732E+9
73.825000,-1.521213,-1.418024,-1.839326,-2.029931,3.542732E+9
73.830000,-1.474876,-1.415066,-1.807778,-1.960590,3.542732E+9
73.835000,-1.509054,-1.397320,-1.824538,-1.920497,3.542732E+9
73.840000,-1.431169,-1.390419,-1.713133,-1.802520,3.542732E+9
73.845000,-1.397649,-1.398635,-1.668439,-1.722663,3.542732E+9
73.850000,-1.365772,-1.330937,-1.607971,-1.609943,3.542732E+9
73.855000,-1.408493,-1.337181,-1.642806,-1.554733,3.542732E+9
73.860000,-1.350326,-1.314834,-1.542574,-1.549475,3.542732E+9
73.865000,-1.396334,-1.387790,-1.593840,-1.600413,3.542732E+9
73.870000,-1.370701,-1.383846,-1.636562,-1.672054,3.542732E+9
73.875000,-1.522856,-1.414737,-1.704260,-1.814350,3.542732E+9
73.880000,-1.488022,-1.508397,-1.729564,-1.923127,3.542732E+9
73.885000,-1.603699,-1.726278,-1.813036,-2.125891,3.542732E+9
73.890000,-1.740080,-2.178800,-1.838669,-2.417385,3.542732E+9
73.895000,-2.416728,-2.843617,-2.069366,-2.890283,3.542732E+9
73.900000,-2.734512,-2.861035,-2.483111,-3.131497,3.542732E+9
73.905000,-2.638881,-2.874508,-2.913287,-3.380269,3.542732E+9
73.910000,-2.395695,-2.788736,-2.875823,-3.597494,3.542732E+9
73.915000,-2.151524,-2.597145,-2.759159,-3.743077,3.542732E+9
73.920000,-2.199175,-2.445318,-2.555409,-3.539326,3.542732E+9
73.925000,-2.284947,-2.541935,-2.404568,-3.128210,3.542732E+9
73.930000,-2.202133,-2.526161,-2.196875,-2.767047,3.542732E+9
73.935000,-2.266544,-2.610619,-2.109459,-2.535034,3.542732E+9
73.940000,-2.000683,-2.391752,-1.970778,-2.293163,3.542732E+9
73.945000,-2.037489,-2.448605,-1.915897,-2.209034,3.542732E+9
73.950000,-2.064108,-2.548837,-1.841298,-2.243869,3.542732E+9
73.955000,-2.108473,-2.555409,-1.804820,-2.438746,3.542732E+9
73.960000,-2.095328,-2.572498,-1.854443,-2.412455,3.542732E+9
73.965000,-2.158096,-2.562639,-2.212320,-2.530105,3.542732E+9
73.970000,-2.175842,-2.625079,-2.135750,-2.777563,3.542732E+9
73.975000,-2.412127,-2.781178,-2.370062,-3.033894,3.542732E+9
73.980000,-2.435131,-2.862349,-2.531419,-3.087789,3.542732E+9
73.985000,-2.468322,-2.943192,-2.540949,-3.079902,3.542732E+9
73.990000,-2.449591,-2.848547,-2.421657,-2.993801,3.542732E+9
73.995000,-2.462736,-2.925117,-2.251098,-2.829815,3.542732E+9
74.000000,-2.355603,-2.796623,-2.025002,-2.531419,3.542732E+9
74.005000,-2.400625,-2.743057,-1.886320,-2.392738,3.542732E+9
74.010000,-2.192602,-2.612591,-1.777215,-2.190631,3.542732E+9
74.015000,-2.141994,-2.515645,-1.760784,-2.147580,3.542732E+9
74.020000,-1.982937,-2.377949,-1.765713,-1.994439,3.542732E+9
74.025000,-2.006927,-2.341143,-1.795947,-1.951389,3.542732E+9
74.030000,-1.973407,-2.295792,-1.771628,-1.959276,3.542732E+9
74.035000,-1.975050,-2.264572,-1.778201,-2.015800,3.542732E+9
74.040000,-1.895522,-2.131806,-1.764070,-1.934300,3.542732E+9
74.045000,-1.838012,-2.003312,-1.846227,-1.954675,3.542732E+9
74.050000,-1.764727,-1.899465,-1.828481,-2.028288,3.542732E+9
74.055000,-1.780830,-1.971106,-1.877118,-2.046362,3.542732E+9
74.060000,-1.699001,-1.765385,-1.855758,-2.072653,3.542732E+9
74.065000,-1.736465,-1.736794,-1.820266,-2.058193,3.542732E+9
74.070000,-1.608957,-1.676655,-1.758155,-1.985237,3.542732E+9
74.075000,-1.623745,-1.584967,-1.729235,-1.928713,3.542732E+9
74.080000,-1.472247,-1.465675,-1.675997,-1.771300,3.542732E+9
74.085000,-1.405207,-1.409151,-1.679284,-1.664167,3.542732E+9
74.090000,-1.302675,-1.298403,-1.599098,-1.613887,3.542732E+9
74.095000,-1.323379,-1.367086,-1.578066,-1.641163,3.542732E+9
74.100000,-1.326993,-1.310562,-1.571165,-1.588253,3.542732E+9
74.105000,-1.374973,-1.353612,-1.708860,-1.584639,3.542732E+9
74.110000,-1.416381,-1.375959,-1.660552,-1.661209,3.542732E+9
74.115000,-1.470933,-1.452858,-1.687171,-1.733836,3.542732E+9
74.120000,-1.444971,-1.410794,-1.680927,-1.798905,3.542732E+9
74.125000,-1.593183,-1.419338,-1.710832,-1.882705,3.542732E+9
74.130000,-1.450229,-1.425582,-1.751253,-1.923784,3.542732E+9
74.135000,-1.562949,-1.414409,-1.801205,-1.962891,3.542732E+9
74.140000,-1.490651,-1.402578,-1.798247,-1.962891,3.542732E+9
74.145000,-1.480463,-1.430183,-1.823552,-2.045377,3.542732E+9
74.150000,-1.451544,-1.392062,-1.758812,-1.870546,3.542732E+9
74.155000,-1.466004,-1.381546,-1.826510,-1.818622,3.542732E+9
74.160000,-1.370372,-1.351312,-1.676983,-1.731864,3.542732E+9
74.165000,-1.402907,-1.332580,-1.628675,-1.648064,3.542732E+9
74.170000,-1.363143,-1.324364,-1.585953,-1.632947,3.542732E+9
74.175000,-1.407508,-1.358213,-1.564592,-1.616187,3.542732E+9
74.180000,-1.392391,-1.346711,-1.566564,-1.612572,3.542732E+9
74.185000,-1.450887,-1.367415,-1.614544,-1.678626,3.542732E+9
74.190000,-1.460088,-1.404550,-1.664167,-1.733179,3.542732E+9
74.195000,-1.549804,-1.440042,-1.785431,-1.571165,3.542732E+9
74.200000,-1.629003,-1.482764,-1.879747,-1.833082,3.542732E+9
74.205000,-1.902094,-1.632947,-2.029602,-1.971435,3.542732E+9
74.210000,-2.468980,-1.982608,-2.255371,-2.200490,3.542732E+9
74.215000,-2.874837,-2.524847,-2.640524,-2.574798,3.542732E+9
74.220000,-2.831458,-2.654984,-2.901785,-3.020091,3.542732E+9
74.225000,-2.929718,-2.554423,-3.068728,-3.340834,3.542732E+9
74.230000,-2.732212,-2.301707,-3.072672,-3.518951,3.542732E+9
74.235000,-2.667143,-2.170584,-2.995115,-3.538998,3.542732E+9
74.240000,-2.555409,-2.275746,-2.729254,-3.204124,3.542732E+9
74.245000,-2.572169,-2.218893,-2.589915,-2.821270,3.542732E+9
74.250000,-2.607661,-2.209691,-2.365790,-2.397667,3.542732E+9
74.255000,-2.543907,-2.180772,-2.273445,-2.178143,3.542732E+9
74.260000,-2.430859,-2.103215,-2.165983,-1.956318,3.542732E+9
74.265000,-2.516631,-2.258657,-2.169927,-1.883034,3.542732E+9
74.270000,-2.461093,-2.181429,-2.153496,-1.897493,3.542732E+9
74.275000,-2.590573,-2.177157,-2.199175,-1.995096,3.542732E+9
74.280000,-2.490341,-2.167298,-2.207391,-2.207391,3.542732E+9
74.285000,-2.602732,-2.222836,-2.296778,-2.447619,3.542732E+9
74.290000,-2.665500,-2.300721,-2.485411,-2.741413,3.542732E+9
74.295000,-2.882724,-2.416399,-2.661228,-2.964553,3.542732E+9
74.300000,-2.922488,-2.512359,-2.775262,-2.981970,3.542732E+9
74.305000,-3.039809,-2.568883,-2.746014,-2.955351,3.542732E+9
74.310000,-2.926760,-2.571841,-2.612262,-2.707236,3.542732E+9
74.315000,-2.889954,-2.502500,-2.381564,-2.501843,3.542732E+9
74.320000,-2.734184,-2.418371,-2.165326,-2.239596,3.542732E+9
74.325000,-2.608976,-2.331941,-2.039461,-2.057536,3.542732E+9
74.330000,-2.454849,-2.254713,-1.954346,-1.923784,3.542732E+9
74.335000,-2.434474,-2.052935,-1.899794,-1.966834,3.542732E+9
74.340000,-2.295792,-2.114060,-1.914911,-1.875475,3.542732E+9
74.345000,-2.268844,-2.144951,-1.993782,-1.878104,3.542732E+9
74.350000,-2.211992,-2.041104,-1.920497,-1.908995,3.542732E+9
74.355000,-2.285605,-2.025987,-1.923784,-1.969135,3.542732E+9
74.360000,-2.101244,-1.964862,-1.875475,-1.976364,3.542732E+9
74.365000,-2.051292,-1.931671,-1.899794,-1.972092,3.542732E+9
74.370000,-1.960919,-1.769985,-1.920169,-1.980965,3.542732E+9
74.375000,-1.955661,-1.748953,-1.904723,-1.996411,3.542732E+9
74.380000,-1.818294,-1.700973,-1.875804,-1.994768,3.542732E+9
74.385000,-1.794961,-1.642149,-1.822237,-1.978993,3.542732E+9
74.390000,-1.662195,-1.586282,-1.763741,-1.881062,3.542732E+9
74.395000,-1.627360,-1.507739,-1.776229,-1.826838,3.542732E+9
74.400000,-1.494923,-1.429197,-1.670739,-1.743366,3.542732E+9
74.405000,-1.385161,-1.388118,-1.629003,-1.726606,3.542732E+9
74.410000,-1.305304,-1.272770,-1.584310,-1.654308,3.542732E+9
74.415000,-1.360185,-1.303004,-1.669753,-1.623088,3.542732E+9
74.420000,-1.346383,-1.326336,-1.616516,-1.610929,3.542732E+9
74.425000,-1.431169,-1.421639,-1.634919,-1.616844,3.542732E+9
74.430000,-1.444314,-1.401592,-1.642149,-1.708203,3.542732E+9
74.435000,-1.574451,-1.428211,-1.688814,-1.739423,3.542732E+9
74.440000,-1.457131,-1.402578,-1.683885,-1.756840,3.542732E+9
74.445000,-1.495909,-1.385161,-1.720362,-1.838340,3.542732E+9
74.450000,-1.448258,-1.409808,-1.719705,-1.883034,3.542732E+9
74.455000,-1.484407,-1.392391,-1.811393,-1.955661,3.542732E+9
74.460000,-1.462717,-1.389433,-1.804820,-1.945145,3.542732E+9
74.465000,-1.483421,-1.419010,-1.822237,-1.975707,3.542732E+9
74.470000,-1.444643,-1.387790,-1.771300,-1.949745,3.542732E+9
74.475000,-1.521213,-1.375631,-1.765056,-1.854114,3.542732E+9
74.480000,-1.391076,-1.350326,-1.686185,-1.732850,3.542732E+9
74.485000,-1.431497,-1.368072,-1.628346,-1.644778,3.542732E+9
74.490000,-1.385489,-1.346054,-1.573137,-1.592854,3.542732E+9
74.495000,-1.425911,-1.349997,-1.547832,-1.618159,3.542732E+9
74.500000,-1.383518,-1.344739,-1.543889,-1.565907,3.542732E+9
74.505000,-1.407836,-1.354927,-1.635905,-1.615858,3.542732E+9
74.510000,-1.412437,-1.377931,-1.671397,-1.673697,3.542732E+9
74.515000,-1.479149,-1.403235,-1.736137,-1.811064,3.542732E+9
74.520000,-1.457459,-1.418024,-1.745010,-1.892235,3.542732E+9
74.525000,-1.541588,-1.512340,-1.846227,-1.993782,3.542732E+9
74.530000,-1.571165,-1.628018,-1.853129,-2.131149,3.542732E+9
74.535000,-1.826838,-2.040118,-1.941530,-2.380578,3.542732E+9
74.540000,-2.374006,-2.702635,-2.091056,-2.703292,3.542732E+9
74.545000,-2.864321,-2.875823,-2.540292,-3.070043,3.542732E+9
74.550000,-2.825543,-2.872537,-2.940892,-3.310600,3.542732E+9
74.555000,-2.755216,-2.816670,-3.135112,-3.556415,3.542732E+9
74.560000,-2.354617,-2.566583,-2.876809,-3.722702,3.542732E+9
74.565000,-2.414099,-2.463722,-2.759817,-3.745049,3.542732E+9
74.570000,-2.342786,-2.405226,-2.604704,-3.221870,3.542732E+9
74.575000,-2.300064,-2.341471,-2.509730,-2.795309,3.542732E+9
74.580000,-2.269830,-2.413113,-2.239596,-2.498556,3.542732E+9
74.585000,-2.109788,-2.295463,-2.071010,-2.299078,3.542732E+9
74.590000,-2.105187,-2.328326,-1.914582,-2.224479,3.542732E+9
74.595000,-2.184058,-2.474895,-1.900451,-2.200818,3.542732E+9
74.600000,-2.108802,-2.401939,-1.960262,-2.164012,3.542732E+9
74.605000,-2.244854,-2.423957,-1.949417,-2.178471,3.542732E+9
74.610000,-2.122276,-2.327669,-1.962233,-2.409498,3.542732E+9
74.615000,-2.359875,-2.428558,-2.096643,-2.726954,3.542732E+9
74.620000,-2.388137,-2.606675,-2.348373,-2.804510,3.542732E+9
74.625000,-2.535363,-2.637238,-2.627708,-2.964224,3.542732E+9
74.630000,-2.593202,-2.685875,-2.653669,-3.031922,3.542732E+9
74.635000,-2.607990,-2.703950,-2.594516,-3.459469,3.542732E+9
74.640000,-2.490669,-2.675688,-2.403911,-2.846904,3.542732E+9
74.645000,-2.506443,-2.704278,-2.210677,-2.669444,3.542732E+9
74.650000,-2.420343,-2.593859,-1.999040,-2.361518,3.542732E+9
74.655000,-2.346730,-2.488697,-2.007913,-2.181429,3.542732E+9
74.660000,-2.216592,-2.418042,-1.839655,-2.072981,3.542732E+9
74.665000,-2.128191,-2.317153,-1.839326,-1.941858,3.542732E+9
74.670000,-2.049977,-2.226123,-1.835711,-1.933314,3.542732E+9
74.675000,-2.111760,-2.266544,-1.837026,-1.920497,3.542732E+9
74.680000,-2.012842,-2.135750,-1.823881,-1.892235,3.542732E+9
74.685000,-2.013828,-2.112746,-1.799891,-1.900451,3.542732E+9
74.690000,-1.901108,-1.993782,-1.797590,-1.938243,3.542732E+9
74.695000,-1.917211,-1.884020,-1.875475,-1.987866,3.542732E+9
74.700000,-1.775243,-1.783788,-1.889278,-2.000026,3.542732E+9
74.705000,-1.799233,-1.776558,-1.940544,-2.105516,3.542732E+9
74.710000,-1.702288,-1.749610,-1.853786,-2.136735,3.542732E+9
74.715000,-1.688157,-1.603699,-1.876133,-2.116360,3.542732E+9
74.720000,-1.633604,-1.617501,-1.800219,-1.930685,3.542732E+9
74.725000,-1.571822,-1.563935,-1.806463,-1.804163,3.542732E+9
74.730000,-1.457459,-1.466989,-1.633604,-1.737451,3.542732E+9
74.735000,-1.430512,-1.358870,-1.559663,-1.652336,3.542732E+9
74.740000,-1.302346,-1.295774,-1.587925,-1.581681,3.542732E+9
74.745000,-1.332580,-1.336195,-1.597784,-1.514641,3.542732E+9
74.750000,-1.364457,-1.349012,-1.601070,-1.562620,3.542732E+9
74.755000,-1.439713,-1.373002,-1.616516,-1.643135,3.542732E+9
74.760000,-1.400935,-1.368072,-1.639191,-1.678955,3.542732E+9
74.765000,-1.452201,-1.381874,-1.752239,-1.747310,3.542732E+9
74.770000,-1.435770,-1.380560,-1.711489,-1.839326,3.542732E+9
74.775000,-1.505110,-1.409479,-1.756183,-1.960262,3.542732E+9
74.780000,-1.476191,-1.412108,-1.760455,-1.975707,3.542732E+9
74.785000,-1.365772,-1.420324,-1.882048,-1.986552,3.542732E+9
74.790000,-1.511683,-1.421639,-1.825195,-1.956975,3.542732E+9
74.795000,-1.542903,-1.472905,-1.801534,-1.940872,3.542732E+9
74.800000,-1.442014,-1.403235,-1.739751,-1.853129,3.542732E+9
74.805000,-1.516284,-1.373330,-1.697358,-1.757497,3.542732E+9
74.810000,-1.386804,-1.350326,-1.656937,-1.665810,3.542732E+9
74.815000,-1.407179,-1.341125,-1.634262,-1.639848,3.542732E+9
74.820000,-1.356241,-1.307933,-1.570179,-1.591540,3.542732E+9
74.825000,-1.375302,-1.336524,-1.591868,-1.677641,3.542732E+9
74.830000,-1.366100,-1.340139,-1.584639,-1.662852,3.542732E+9
74.835000,-1.449901,-1.383189,-1.716747,-1.698344,3.542732E+9
74.840000,-1.460417,-1.387790,-1.705903,-1.750925,3.542732E+9
74.845000,-1.490322,-1.453516,-1.723649,-1.791018,3.542732E+9
74.850000,-1.500510,-1.428211,-1.756512,-1.830453,3.542732E+9
74.855000,-1.680927,-1.454830,-1.851157,-1.885006,3.542732E+9
74.860000,-1.788717,-1.574780,-1.965848,-1.911296,3.542732E+9
74.865000,-2.293492,-1.814679,-2.171899,-2.056550,3.542732E+9
74.870000,-2.864650,-2.375978,-2.527147,-2.345744,3.542732E+9
74.875000,-2.928404,-2.764089,-2.920845,-2.895212,3.542732E+9
74.880000,-2.935305,-2.646768,-3.103563,-3.241916,3.542732E+9
74.885000,-3.013847,-2.531091,-3.417405,-3.587306,3.542732E+9
74.890000,-2.674373,-2.270159,-3.088446,-3.625756,3.542732E+9
74.895000,-2.652683,-2.340814,-2.939248,-3.506135,3.542732E+9
74.900000,-2.491326,-2.282647,-2.603718,-3.120323,3.542732E+9
74.905000,-2.551137,-2.191945,-2.416070,-2.606675,3.542732E+9
74.910000,-2.456820,-2.152838,-2.298421,-2.199832,3.542732E+9
74.915000,-2.465365,-2.068709,-2.152510,-2.049649,3.542732E+9
74.920000,-2.420343,-2.185701,-2.086784,-1.846556,3.542732E+9
74.925000,-2.461421,-2.222508,-2.141665,-1.729564,3.542732E+9
74.930000,-2.429544,-2.103544,-2.110445,-1.731864,3.542732E+9
74.935000,-2.461421,-2.112746,-2.148895,-1.935614,3.542732E+9
74.940000,-2.405226,-2.096971,-2.162040,-2.211334,3.542732E+9
74.945000,-2.502500,-2.178800,-2.304336,-2.640853,3.542732E+9
74.950000,-2.634938,-2.305322,-2.537006,-2.868264,3.542732E+9
74.955000,-2.867607,-2.456492,-2.623764,-3.059527,3.542732E+9
74.960000,-2.893898,-2.539306,-2.789722,-3.086474,3.542732E+9
74.965000,-2.953379,-2.594187,-2.787422,-2.952394,3.542732E+9
74.970000,-2.885682,-2.580385,-2.602075,-2.677659,3.542732E+9
74.975000,-2.869250,-2.555738,-2.330627,-2.435131,3.542732E+9
74.980000,-2.683903,-2.420671,-2.102887,-2.163683,3.542732E+9
74.985000,-2.538320,-2.382550,-1.968477,-1.938572,3.542732E+9
74.990000,-2.385836,-2.253727,-1.917868,-1.852471,3.542732E+9
74.995000,-2.466351,-2.207391,-1.915568,-1.877447,3.542732E+9
75.000000,-2.296449,-2.199504,-1.911624,-1.801534,3.542732E+9
75.005000,-2.267201,-2.134435,-1.892235,-1.888949,3.542732E+9
75.010000,-2.258657,-2.104858,-1.907024,-1.969792,3.542732E+9
75.015000,-2.232038,-2.058522,-1.910967,-2.041104,3.542732E+9
75.020000,-2.122276,-1.971435,-1.939558,-2.037489,3.542732E+9
75.025000,-2.109788,-1.937586,-1.991810,-2.078897,3.542732E+9
75.030000,-1.973078,-1.860687,-1.971435,-2.064108,3.542732E+9
75.035000,-1.980637,-1.824866,-2.026645,-2.074296,3.542732E+9
75.040000,-1.849185,-1.744024,-1.886320,-2.048006,3.542732E+9
75.045000,-1.777544,-1.918854,-1.868903,-1.945473,3.542732E+9
75.050000,-1.654308,-1.586939,-1.777872,-1.859701,3.542732E+9
75.055000,-1.620131,-1.524499,-1.710503,-1.780173,3.542732E+9
75.060000,-1.459431,-1.446286,-1.624403,-1.671725,3.542732E+9
75.065000,-1.420653,-1.345397,-1.587596,-1.667124,3.542732E+9
75.070000,-1.330280,-1.300046,-1.565249,-1.608957,3.542732E+9
75.075000,-1.369715,-1.320750,-1.631633,-1.596469,3.542732E+9
75.080000,-1.349340,-1.321407,-1.604685,-1.595155,3.542732E+9
75.085000,-1.412766,-1.533044,-1.668768,-1.685856,3.542732E+9
75.090000,-1.428540,-1.407508,-1.653651,-1.697358,3.542732E+9
75.095000,-1.495909,-1.413094,-1.788060,-1.737780,3.542732E+9
75.100000,-1.447272,-1.395020,-1.717405,-1.800548,3.542732E+9
75.105000,-1.468633,-1.463374,-1.744681,-1.862330,3.542732E+9
75.110000,-1.454830,-1.404221,-1.773600,-1.922141,3.542732E+9
75.115000,-1.730221,-1.432155,-1.836368,-1.960590,3.542732E+9
75.120000,-1.475862,-1.419338,-1.824538,-1.949088,3.542732E+9
75.125000,-1.487036,-1.395020,-1.810735,-1.969135,3.542732E+9
75.130000,-1.447600,-1.390090,-1.750925,-1.872189,3.542732E+9
75.135000,-1.436427,-1.363471,-1.721020,-1.886320,3.542732E+9
75.140000,-1.396006,-1.346383,-1.648393,-1.694072,3.542732E+9
75.145000,-1.404221,-1.367086,-1.830453,-1.653651,3.542732E+9
75.150000,-1.349669,-1.333566,-1.563606,-1.590554,3.542732E+9
75.155000,-1.434784,-1.412108,-1.542903,-1.586610,3.542732E+9
75.160000,-1.389762,-1.352955,-1.595812,-1.609614,3.542732E+9
75.165000,-1.412108,-1.397977,-1.659237,-1.645435,3.542732E+9
75.170000,-1.422953,-1.384832,-1.690128,-1.720362,3.542732E+9
75.175000,-1.493937,-1.410465,-1.721020,-1.861344,3.542732E+9
75.180000,-1.455487,-1.497881,-1.759469,-1.962891,3.542732E+9
75.185000,-1.546189,-1.625717,-1.816979,-2.075939,3.542732E+9
75.190000,-1.650364,-1.960590,-1.856415,-2.351002,3.542732E+9
75.195000,-2.203119,-2.691790,-2.027959,-2.800567,3.542732E+9
75.200000,-2.587286,-2.768690,-2.416070,-3.057226,3.542732E+9
75.205000,-2.726625,-2.860049,-2.873851,-3.304027,3.542732E+9
75.210000,-2.537992,-2.820613,-2.925446,-3.545899,3.542732E+9
75.215000,-2.234996,-2.651369,-2.781835,-3.743406,3.542732E+9
75.220000,-2.210677,-2.478181,-2.623107,-3.632329,3.542732E+9
75.225000,-2.277060,-2.446961,-2.498228,-3.312243,3.542732E+9
75.230000,-2.141336,-2.417713,-2.295792,-2.836059,3.542732E+9
75.235000,-2.263586,-2.518274,-2.048991,-2.618835,3.542732E+9
75.240000,-2.021058,-2.368748,-2.020072,-2.391423,3.542732E+9
75.245000,-2.026316,-2.394709,-1.926084,-2.569540,3.542732E+9
75.250000,-2.036832,-2.450576,-1.884677,-2.263586,3.542732E+9
75.255000,-2.119318,-2.534048,-1.920497,-2.368419,3.542732E+9
75.260000,-2.079225,-2.521560,-1.898479,-2.366119,3.542732E+9
75.265000,-2.087112,-2.443675,-1.986881,-2.496913,3.542732E+9
75.270000,-2.159740,-2.533062,-2.062794,-2.735827,3.542732E+9
75.275000,-2.310252,-2.659913,-2.287905,-2.938591,3.542732E+9
75.280000,-2.352974,-2.724325,-2.504800,-2.999388,3.542732E+9
75.285000,-2.496913,-2.826857,-2.572827,-3.031922,3.542732E+9
75.290000,-2.447290,-2.753901,-2.483439,-3.007603,3.542732E+9
75.295000,-2.655970,-2.773948,-2.310909,-2.980656,3.542732E+9
75.300000,-2.332598,-2.724325,-2.099929,-2.587615,3.542732E+9
75.305000,-2.326683,-2.652026,-1.928713,-2.403254,3.542732E+9
75.310000,-2.173213,-2.509401,-1.829467,-2.201804,3.542732E+9
75.315000,-2.147252,-2.451562,-1.808106,-2.127534,3.542732E+9
75.320000,-1.973078,-2.340157,-1.777215,-2.016786,3.542732E+9
75.325000,-1.977679,-2.265229,-1.815008,-2.130163,3.542732E+9
75.330000,-1.955332,-2.229080,-1.806135,-1.963548,3.542732E+9
75.335000,-1.942187,-2.164340,-1.793975,-1.982937,3.542732E+9
75.340000,-1.898151,-2.096643,-1.773929,-1.949088,3.542732E+9
75.345000,-1.885006,-2.006927,-1.810078,-1.959604,3.542732E+9
75.350000,-1.742052,-1.887963,-1.842284,-2.003969,3.542732E+9
75.355000,-1.775901,-1.857729,-1.900780,-1.997397,3.542732E+9
75.360000,-1.688814,-1.746653,-1.857401,-2.040118,3.542732E+9
75.365000,-1.654965,-1.690128,-1.839326,-2.085469,3.542732E+9
75.370000,-1.592197,-1.636891,-1.763413,-2.030588,3.542732E+9
75.375000,-1.660223,-1.586939,-1.746981,-1.952703,3.542732E+9
75.380000,-1.498538,-1.499524,-1.700645,-1.811393,3.542732E+9
75.385000,-1.466004,-1.455487,-1.678298,-1.719376,3.542732E+9
75.390000,-1.367415,-1.350326,-1.594497,-1.659566,3.542732E+9
75.395000,-1.351969,-1.328965,-1.597455,-1.629003,3.542732E+9
75.400000,-1.339810,-1.320092,-1.579709,-1.560320,3.542732E+9
75.405000,-1.334552,-1.319764,-1.670411,-1.574122,3.542732E+9
75.410000,-1.378917,-1.367086,-1.614544,-1.639191,3.542732E+9
75.415000,-1.457459,-1.408822,-1.670411,-1.712475,3.542732E+9
75.420000,-1.418024,-1.373330,-1.704588,-1.768342,3.542732E+9
75.425000,-1.510697,-1.388776,-1.743038,-1.902752,3.542732E+9
75.430000,-1.476848,-1.381546,-1.739423,-1.928713,3.542732E+9
75.435000,-1.531072,-1.406850,-1.793647,-2.009885,3.542732E+9
75.440000,-1.468961,-1.416709,-1.791018,-1.971764,3.542732E+9
75.445000,-1.505768,-1.428540,-1.836368,-2.008241,3.542732E+9
75.450000,-1.459431,-1.402249,-1.766042,-1.878104,3.542732E+9
75.455000,-1.476191,-1.414080,-1.793975,-1.793647,3.542732E+9
75.460000,-1.402578,-1.355256,-1.664824,-1.732850,3.542732E+9
75.465000,-1.413752,-1.472576,-1.652008,-1.635576,3.542732E+9
75.470000,-1.344411,-1.322721,-1.613229,-1.604028,3.542732E+9
75.475000,-1.388776,-1.313848,-1.603042,-1.618816,3.542732E+9
75.480000,-1.391733,-1.354598,-1.599098,-1.648721,3.542732E+9
75.485000,-1.447929,-1.371358,-1.615201,-1.713790,3.542732E+9
75.490000,-1.454830,-1.381546,-1.676326,-1.741723,3.542732E+9
75.495000,-1.572151,-1.425582,-1.797590,-1.959604,3.542732E+9
75.500000,-1.632947,-1.485393,-1.856743,-1.852800,3.542732E+9
75.505000,-1.874818,-1.642477,-1.833082,-1.950731,3.542732E+9
75.510000,-2.435788,-1.972092,-2.242883,-2.193260,3.542732E+9
75.515000,-2.821599,-2.474238,-2.643482,-2.503486,3.542732E+9
75.520000,-2.865964,-2.698692,-2.944835,-2.970797,3.542732E+9
75.525000,-3.041124,-2.663857,-3.114079,-3.389471,3.542732E+9
75.530000,-2.788079,-2.416728,-3.123281,-3.596837,3.542732E+9
75.535000,-2.732869,-2.291520,-3.105864,-3.655333,3.542732E+9
75.540000,-2.627708,-2.366776,-2.818313,-3.371068,3.542732E+9
75.545000,-2.619821,-2.357246,-2.650712,-3.056898,3.542732E+9
75.550000,-2.645454,-2.323726,-2.428558,-2.608647,3.542732E+9
75.555000,-2.539306,-2.242225,-2.315510,-2.410812,3.542732E+9
75.560000,-2.451562,-2.183729,-2.199175,-2.085469,3.542732E+9
75.565000,-2.497242,-2.280346,-2.178471,-1.961905,3.542732E+9
75.570000,-2.438417,-2.208705,-2.162040,-1.896836,3.542732E+9
75.575000,-2.630994,-2.239596,-2.169270,-1.910967,3.542732E+9
75.580000,-2.441703,-2.188988,-2.127862,-2.058522,3.542732E+9
75.585000,-2.506772,-2.287905,-2.220865,-2.275417,3.542732E+9
75.590000,-2.535034,-2.247155,-2.362504,-2.560996,3.542732E+9
75.595000,-2.687847,-2.351988,-2.531748,-2.847232,3.542732E+9
75.600000,-2.775262,-2.444332,-2.690147,-2.961267,3.542732E+9
75.605000,-2.919202,-2.531748,-2.714794,-2.980656,3.542732E+9
75.610000,-2.815684,-2.502500,-2.654327,-2.749958,3.542732E+9
75.615000,-2.857420,-2.458464,-2.438417,-2.634609,3.542732E+9
75.620000,-2.713151,-2.439074,-2.225465,-2.344429,3.542732E+9
75.625000,-2.568226,-2.339500,-2.073967,-2.134106,3.542732E+9
75.630000,-2.401611,-2.217907,-1.959604,-1.968149,3.542732E+9
75.635000,-2.386822,-2.154481,-1.939558,-2.003969,3.542732E+9
75.640000,-2.236310,-2.119975,-1.888292,-1.835383,3.542732E+9
75.645000,-2.187016,-2.100586,-1.852471,-1.855758,3.542732E+9
75.650000,-2.131806,-2.030260,-1.865945,-1.861673,3.542732E+9
75.655000,-2.144951,-1.927727,-1.925098,-1.882048,3.542732E+9
75.660000,-2.053921,-1.910639,-1.890592,-1.922141,3.542732E+9
75.665000,-2.020401,-1.663838,-1.848528,-1.948760,3.542732E+9
75.670000,-1.928385,-1.776229,-1.892893,-2.003969,3.542732E+9
75.675000,-1.921812,-1.745010,-1.924441,-2.044391,3.542732E+9
75.680000,-1.843270,-1.709189,-1.918854,-2.021715,3.542732E+9
75.685000,-1.860358,-1.664167,-1.858715,-2.022701,3.542732E+9
75.690000,-1.681584,-1.596798,-1.778201,-1.944816,3.542732E+9
75.695000,-1.641163,-1.553747,-1.755526,-1.877776,3.542732E+9
75.700000,-1.495580,-1.450229,-1.673040,-1.745667,3.542732E+9
75.705000,-1.449572,-1.384175,-1.663838,-1.710175,3.542732E+9
75.710000,-1.346054,-1.301689,-1.607643,-1.630318,3.542732E+9
75.715000,-1.335209,-1.322721,-1.809092,-1.592197,3.542732E+9
75.720000,-1.323050,-1.312534,-1.590883,-1.592854,3.542732E+9
75.725000,-1.410137,-1.349669,-1.659237,-1.594826,3.542732E+9
75.730000,-1.396991,-1.379245,-1.667453,-1.639848,3.542732E+9
75.735000,-1.473562,-1.397320,-1.680270,-1.709846,3.542732E+9
75.740000,-1.443985,-1.412437,-1.677312,-1.790032,3.542732E+9
75.745000,-1.491308,-1.409808,-1.701302,-1.896508,3.542732E+9
75.750000,-1.471262,-1.418352,-1.745995,-1.893550,3.542732E+9
75.755000,-1.537645,-1.426239,-1.852800,-1.933314,3.542732E+9
75.760000,-1.476191,-1.403564,-1.807778,-1.947774,3.542732E+9
75.765000,-1.480792,-1.445629,-1.813364,-1.989838,3.542732E+9
75.770000,-1.434784,-1.376288,-1.782145,-1.895522,3.542732E+9
75.775000,-1.315163,-1.373659,-1.813036,-1.801534,3.542732E+9
75.780000,-1.365443,-1.335209,-1.680598,-1.753554,3.542732E+9
75.785000,-1.410794,-1.361171,-1.613558,-1.691772,3.542732E+9
75.790000,-1.349340,-1.340139,-1.586282,-1.623417,3.542732E+9
75.795000,-1.461403,-1.333566,-1.581352,-1.660552,3.542732E+9
75.800000,-1.383189,-1.350655,-1.590554,-1.620459,3.542732E+9
75.805000,-1.408493,-1.379245,-1.461403,-1.613229,3.542732E+9
75.810000,-1.440370,-1.384504,-1.642806,-1.669753,3.542732E+9
75.815000,-1.447600,-1.395677,-1.703602,-1.804820,3.542732E+9
75.820000,-1.437741,-1.430840,-1.744024,-1.803177,3.542732E+9
75.825000,-1.519241,-1.493280,-1.861016,-1.882376,3.542732E+9
75.830000,-1.577409,-1.614215,-1.848199,-2.074625,3.542732E+9
75.835000,-1.840312,-2.067066,-1.960262,-2.312223,3.542732E+9
75.840000,-2.423300,-2.672401,-2.135750,-2.629679,3.542732E+9
75.845000,-2.591558,-2.828172,-2.557710,-2.954694,3.542732E+9
75.850000,-2.782164,-2.827186,-2.914601,-3.283981,3.542732E+9
75.855000,-2.730569,-2.825543,-3.015819,-3.522566,3.542732E+9
75.860000,-2.348701,-2.484754,-2.856434,-3.608010,3.542732E+9
75.865000,-2.400625,-2.429216,-2.753901,-3.220555,3.542732E+9
75.870000,-2.370391,-2.420014,-2.505129,-3.104549,3.542732E+9
75.875000,-2.322082,-2.405226,-2.300064,-2.773291,3.542732E+9
75.880000,-2.276074,-2.447619,-2.160725,-2.426915,3.542732E+9
75.885000,-1.984580,-2.313538,-2.056221,-2.207719,3.542732E+9
75.890000,-2.114717,-2.318796,-1.931999,-2.174856,3.542732E+9
75.895000,-2.205419,-2.718081,-1.929699,-2.156782,3.542732E+9
75.900000,-2.136407,-2.442032,-1.923127,-2.178143,3.542732E+9
75.905000,-2.240254,-2.495927,-1.953360,-2.274431,3.542732E+9
75.910000,-2.179457,-2.401611,-2.031245,-2.463393,3.542732E+9
75.915000,-2.423957,-2.476210,-2.198518,-2.750944,3.542732E+9
75.920000,-2.393395,-2.595831,-2.377949,-2.852162,3.542732E+9
75.925000,-2.596816,-2.696720,-2.557710,-3.015490,3.542732E+9
75.930000,-2.575784,-2.735827,-2.588929,-3.004646,3.542732E+9
75.935000,-2.615877,-2.727611,-2.545222,-2.935962,3.542732E+9
75.940000,-2.513016,-2.731883,-2.371705,-2.706579,3.542732E+9
75.945000,-2.449262,-2.762117,-2.129834,-2.551794,3.542732E+9
75.950000,-2.384522,-2.610619,-1.950074,-2.276403,3.542732E+9
75.955000,-2.301707,-2.510716,-1.914582,-2.148237,3.542732E+9
75.960000,-2.169270,-2.428230,-1.839983,-2.008570,3.542732E+9
75.965000,-2.158754,-2.327669,-1.853457,-1.939887,3.542732E+9
75.970000,-2.070352,-2.282647,-1.851157,-1.956975,3.542732E+9
75.975000,-2.121947,-2.322411,-1.843270,-1.945802,3.542732E+9
75.980000,-2.057536,-2.195231,-1.814679,-1.957633,3.542732E+9
75.985000,-2.014157,-2.194246,-1.784774,-1.825195,3.542732E+9
75.990000,-1.939558,-2.066737,-1.826181,-1.958618,3.542732E+9
75.995000,-1.945802,-1.931014,-1.861016,-2.015800,3.542732E+9
76.000000,-1.833411,-1.889278,-1.884677,-1.998054,3.542732E+9
76.005000,-1.746653,-1.808764,-1.918854,-2.035189,3.542732E+9
76.010000,-1.696372,-1.705574,-1.848856,-2.032231,3.542732E+9
76.015000,-1.663838,-1.696701,-1.840969,-2.052935,3.542732E+9
76.020000,-1.570836,-1.612243,-1.775243,-1.911296,3.542732E+9
76.025000,-1.517927,-1.535344,-1.785431,-1.825195,3.542732E+9
76.030000,-1.440370,-1.426239,-1.648721,-1.738108,3.542732E+9
76.035000,-1.414080,-1.418681,-1.629332,-1.668110,3.542732E+9
76.040000,-1.333895,-1.320750,-1.578395,-1.607971,3.542732E+9
76.045000,-1.535344,-1.388447,-1.577737,-1.582338,3.542732E+9
76.050000,-1.373002,-1.358542,-1.571493,-1.575108,3.542732E+9
76.055000,-1.453187,-1.366758,-1.634590,-1.628018,3.542732E+9
76.060000,-1.413094,-1.373659,-1.667453,-1.648064,3.542732E+9
76.065000,-1.439385,-1.391405,-1.728907,-1.523185,3.542732E+9
76.070000,-1.453187,-1.377274,-1.722006,-1.829467,3.542732E+9
76.075000,-1.474548,-1.419010,-1.755526,-1.980965,3.542732E+9
76.080000,-1.435770,-1.408165,-1.789374,-1.966834,3.542732E+9
76.085000,-1.534030,-1.404550,-1.865616,-1.965520,3.542732E+9
76.090000,-1.492622,-1.422296,-1.811393,-1.999040,3.542732E+9
76.095000,-1.507411,-1.454501,-1.769985,-1.947116,3.542732E+9
76.100000,-1.461403,-1.387790,-1.724635,-1.834068,3.542732E+9
76.105000,-1.488679,-1.381546,-1.698016,-1.772286,3.542732E+9
76.110000,-1.404550,-1.361500,-1.629332,-1.655294,3.542732E+9
76.115000,-1.421310,-1.347040,-1.659237,-1.594826,3.542732E+9
76.120000,-1.352298,-1.328637,-1.573137,-1.565578,3.542732E+9
76.125000,-1.378588,-1.344411,-1.589239,-1.603370,3.542732E+9
76.130000,-1.383846,-1.339481,-1.609614,-1.631633,3.542732E+9
76.135000,-1.631304,-1.382860,-1.740737,-1.676326,3.542732E+9
76.140000,-1.429197,-1.382532,-1.700645,-1.775901,3.542732E+9
76.145000,-1.532058,-1.442999,-1.782145,-1.856086,3.542732E+9
76.150000,-1.603699,-1.485393,-1.868574,-1.937915,3.542732E+9
76.155000,-1.877447,-1.625389,-2.006270,-2.089413,3.542732E+9
76.160000,-2.212977,-1.880076,-2.165983,-2.206405,3.542732E+9
76.165000,-2.891269,-2.443347,-2.591887,-2.469308,3.542732E+9
76.170000,-2.912958,-2.803524,-2.876152,-2.843617,3.542732E+9
76.175000,-2.958638,-2.694419,-3.138398,-3.321116,3.542732E+9
76.180000,-2.941220,-2.542264,-3.166332,-3.569560,3.542732E+9
76.185000,-2.706579,-2.328655,-3.198209,-3.628056,3.542732E+9
76.190000,-2.591887,-2.339171,-2.903756,-3.491675,3.542732E+9
76.195000,-2.609633,-2.543579,-2.660242,-3.182434,3.542732E+9
76.200000,-2.495270,-2.211992,-2.473580,-2.725311,3.542732E+9
76.205000,-2.531748,-2.217907,-2.357903,-2.305322,3.542732E+9
76.210000,-2.347715,-2.144951,-2.225137,-2.113074,3.542732E+9
76.215000,-2.559681,-2.227437,-2.162040,-2.018758,3.542732E+9
76.220000,-2.450576,-2.293163,-2.150867,-1.896836,3.542732E+9
76.225000,-2.452548,-2.174856,-2.090070,-1.905381,3.542732E+9
76.230000,-2.402268,-2.187344,-2.101244,-1.999368,3.542732E+9
76.235000,-2.452548,-2.148895,-2.208048,-2.256028,3.542732E+9
76.240000,-2.481796,-2.224151,-2.304994,-2.536349,3.542732E+9
76.245000,-2.625079,-2.362832,-2.546536,-2.891597,3.542732E+9
76.250000,-2.752587,-2.444332,-2.687518,-3.016476,3.542732E+9
76.255000,-2.883710,-2.549822,-3.028307,-3.157458,3.542732E+9
76.260000,-2.820942,-2.585314,-2.748972,-2.940563,3.542732E+9
76.265000,-2.851504,-2.536349,-2.647097,-2.652355,3.542732E+9
76.270000,-2.717423,-2.461421,-2.314853,-2.467337,3.542732E+9
76.275000,-2.674044,-2.557381,-2.069038,-2.268516,3.542732E+9
76.280000,-2.439732,-2.330627,-1.914911,-2.044062,3.542732E+9
76.285000,-2.335556,-2.258657,-1.875804,-1.908995,3.542732E+9
76.290000,-2.286919,-2.156125,-1.893221,-1.832425,3.542732E+9
76.295000,-2.351659,-2.132792,-1.906038,-1.857072,3.542732E+9
76.300000,-2.186358,-2.095657,-1.884677,-1.860030,3.542732E+9
76.305000,-2.229080,-2.077254,-1.884677,-1.904395,3.542732E+9
76.310000,-2.137721,-2.022373,-1.876461,-1.938901,3.542732E+9
76.315000,-2.105187,-1.892564,-1.946131,-2.007256,3.542732E+9
76.320000,-1.940872,-1.817308,-1.935286,-2.028616,3.542732E+9
76.325000,-1.886649,-1.862001,-1.934300,-2.120633,3.542732E+9
76.330000,-1.852800,-1.726278,-1.912939,-2.119318,3.542732E+9
76.335000,-1.846227,-1.714776,-2.065752,-2.098614,3.542732E+9
76.340000,-1.705903,-1.632947,-1.849842,-1.959276,3.542732E+9
76.345000,-1.709518,-1.595155,-1.826510,-1.856415,3.542732E+9
76.350000,-1.566235,-1.530743,-1.691443,-1.774586,3.542732E+9
76.355000,-1.489336,-1.446286,-1.642477,-1.680927,3.542732E+9
76.360000,-1.347040,-1.311877,-1.594497,-1.572808,3.542732E+9
76.365000,-1.389762,-1.271784,-1.573465,-1.580366,3.542732E+9
76.370000,-1.297088,-1.286572,-1.555719,-1.546518,3.542732E+9
76.375000,-1.378588,-1.317135,-1.785102,-1.619145,3.542732E+9
76.380000,-1.391405,-1.344082,-1.638862,-1.647407,3.542732E+9
76.385000,-1.446286,-1.393377,-1.713790,-1.759141,3.542732E+9
76.390000,-1.460088,-1.388776,-1.715762,-1.814022,3.542732E+9
76.395000,-1.501167,-1.430183,-1.828810,-1.907352,3.542732E+9
76.400000,-1.462717,-1.432483,-1.740409,-1.926413,3.542732E+9
76.405000,-1.531072,-1.424268,-1.763413,-1.938572,3.542732E+9
76.410000,-1.482435,-1.418024,-1.817965,-1.941530,3.542732E+9
76.415000,-1.532387,-1.440042,-1.808435,-1.920169,3.542732E+9
76.420000,-1.462389,-1.400606,-1.767685,-1.879747,3.542732E+9
76.425000,-1.464032,-1.379903,-1.731864,-1.848199,3.542732E+9
76.430000,-1.398635,-1.337510,-1.700316,-1.736465,3.542732E+9
76.435000,-1.425582,-1.329951,-1.716747,-1.700316,3.542732E+9
76.440000,-1.357885,-1.325022,-1.603042,-1.657594,3.542732E+9
76.445000,-1.353612,-1.369058,-1.576751,-1.649707,3.542732E+9
76.450000,-1.375302,-1.342439,-1.562292,-1.617173,3.542732E+9
76.455000,-1.472247,-1.378588,-1.657923,-1.635247,3.542732E+9
76.460000,-1.408822,-1.372016,-1.632618,-1.662852,3.542732E+9
76.465000,-1.467318,-1.402578,-1.679612,-1.717733,3.542732E+9
76.470000,-1.436756,-1.393705,-1.699659,-1.774258,3.542732E+9
76.475000,-1.521542,-1.413423,-1.761112,-1.878433,3.542732E+9
76.480000,-1.487036,-1.439713,-1.789703,-1.886320,3.542732E+9
76.485000,-1.500838,-1.506754,-1.855100,-2.012514,3.542732E+9
76.490000,-1.559334,-1.693743,-1.796933,-2.148566,3.542732E+9
76.495000,-1.719376,-2.221522,-1.873175,-2.454849,3.542732E+9
76.500000,-2.064437,-2.742071,-1.972750,-2.730897,3.542732E+9
76.505000,-2.675359,-3.047039,-2.397667,-3.101591,3.542732E+9
76.510000,-2.947793,-2.966196,-2.910329,-3.473600,3.542732E+9
76.515000,-2.684232,-3.009247,-3.126567,-3.798287,3.542732E+9
76.520000,-2.317153,-2.781835,-2.979013,-4.009596,3.542732E+9
76.525000,-2.472266,-2.597474,-2.773948,-4.018469,3.542732E+9
76.530000,-2.271145,-2.389780,-2.628036,-3.524209,3.542732E+9
76.535000,-2.272459,-2.359546,-2.467994,-2.985914,3.542732E+9
76.540000,-2.162369,-2.431845,-2.284619,-2.521232,3.542732E+9
76.545000,-2.087112,-2.349030,-2.106502,-2.289548,3.542732E+9
76.550000,-2.007584,-2.302693,-1.896836,-2.164669,3.542732E+9
76.555000,-1.992467,-2.219879,-1.803834,-2.186030,3.542732E+9
76.560000,-1.979322,-2.393724,-1.872518,-2.095985,3.542732E+9
76.565000,-2.070352,-2.417713,-2.116032,-2.202461,3.542732E+9
76.570000,-1.960590,-2.299407,-1.880076,-2.376963,3.542732E+9
76.575000,-2.126219,-2.333584,-2.057864,-2.661885,3.542732E+9
76.580000,-2.218564,-2.521232,-2.258000,-2.950750,3.542732E+9
76.585000,-2.431845,-2.853476,-2.528133,-3.151215,3.542732E+9
76.590000,-2.520246,-2.752258,-2.731555,-3.186707,3.542732E+9
76.595000,-2.556395,-2.799909,-2.743057,-3.143656,3.542732E+9
76.600000,-2.452220,-2.698363,-2.546536,-2.945164,3.542732E+9
76.605000,-2.191945,-2.725968,-2.225465,-2.870893,3.542732E+9
76.610000,-2.344758,-2.682589,-1.986881,-2.490341,3.542732E+9
76.615000,-2.311238,-2.551466,-1.839983,-2.337528,3.542732E+9
76.620000,-2.153167,-2.429873,-1.789703,-2.077911,3.542732E+9
76.625000,-2.074953,-2.321096,-1.874161,-2.011199,3.542732E+9
76.630000,-1.952375,-2.272788,-1.808435,-1.955332,3.542732E+9
76.635000,-2.049649,-2.230066,-1.848528,-1.996739,3.542732E+9
76.640000,-2.031574,-2.231381,-1.828810,-1.981622,3.542732E+9
76.645000,-2.024344,-2.197203,-1.822895,-2.079554,3.542732E+9
76.650000,-1.920826,-2.071010,-1.829467,-2.017114,3.542732E+9
76.655000,-1.923127,-2.007913,-1.916225,-2.039461,3.542732E+9
76.660000,-1.822895,-1.920497,-1.912282,-2.074296,3.542732E+9
76.665000,-1.829467,-1.907681,-1.958618,-2.085141,3.542732E+9
76.670000,-1.778530,-1.843927,-1.917868,-2.159411,3.542732E+9
76.675000,-1.753225,-1.817965,-1.866931,-2.114717,3.542732E+9
76.680000,-1.648393,-1.691443,-1.790689,-2.000354,3.542732E+9
76.685000,-1.553419,-1.607314,-1.739094,-1.712804,3.542732E+9
76.690000,-1.443657,-1.492951,-1.653651,-1.747310,3.542732E+9
76.695000,-1.469290,-1.393377,-1.607643,-1.698016,3.542732E+9
76.700000,-1.346711,-1.331594,-1.578395,-1.585953,3.542732E+9
76.705000,-1.333566,-1.325679,-1.594169,-1.532387,3.542732E+9
76.710000,-1.336195,-1.321407,-1.568536,-1.560977,3.542732E+9
76.715000,-1.401921,-1.395020,-1.634262,-1.640834,3.542732E+9
76.720000,-1.393048,-1.391405,-1.642806,-1.646421,3.542732E+9
76.725000,-1.454173,-1.416709,-1.745995,-1.710832,3.542732E+9
76.730000,-1.424596,-1.386804,-1.685856,-1.819280,3.542732E+9
76.735000,-1.474876,-1.430840,-1.744681,-1.852143,3.542732E+9
76.740000,-1.480135,-1.401264,-1.777215,-1.916883,3.542732E+9
76.745000,-1.696044,-1.438070,-1.812707,-1.987209,3.542732E+9
76.750000,-1.485393,-1.443657,-1.810735,-1.997068,3.542732E+9
76.755000,-1.534030,-1.424596,-1.832754,-2.000683,3.542732E+9
76.760000,-1.490979,-1.423282,-1.775572,-1.886320,3.542732E+9
76.765000,-1.468633,-1.396006,-1.756183,-1.983266,3.542732E+9
76.770000,-1.412437,-1.373330,-1.657923,-1.710832,3.542732E+9
76.775000,-1.398635,-1.360842,-1.606328,-1.643463,3.542732E+9
76.780000,-1.331923,-1.319764,-1.568536,-1.580366,3.542732E+9
76.785000,-1.403235,-1.317135,-1.597455,-1.557691,3.542732E+9
76.790000,-1.359199,-1.333895,-1.590225,-1.641820,3.542732E+9
76.795000,-1.405207,-1.373330,-1.629989,-1.657594,3.542732E+9
76.800000,-1.431169,-1.361171,-1.673040,-1.733508,3.542732E+9
76.805000,-1.476848,-1.382532,-1.715104,-1.821251,3.542732E+9
76.810000,-1.457459,-1.413094,-1.740080,-1.819280,3.542732E+9
76.815000,-1.576423,-1.421310,-1.831110,-1.867917,3.542732E+9
76.820000,-1.671397,-1.487036,-1.881062,-1.904723,3.542732E+9
76.825000,-1.931342,-1.682241,-2.023358,-2.019086,3.542732E+9
76.830000,-2.354945,-1.847542,-2.254056,-2.086127,3.542732E+9
76.835000,-2.973755,-2.304994,-2.723010,-2.308937,3.542732E+9
76.840000,-2.956337,-2.712165,-3.041124,-2.806811,3.542732E+9
76.845000,-3.016476,-2.673387,-3.222527,-3.302056,3.542732E+9
76.850000,-3.034551,-2.466351,-3.227785,-3.588949,3.542732E+9
76.855000,-2.921174,-2.312881,-3.210697,-3.973447,3.542732E+9
76.860000,-2.700663,-2.345744,-2.975069,-3.492332,3.542732E+9
76.865000,-2.613248,-2.300393,-2.678645,-3.211354,3.542732E+9
76.870000,-2.504472,-2.140679,-2.464050,-2.675688,3.542732E+9
76.875000,-2.487383,-2.067066,-2.352645,-2.291191,3.542732E+9
76.880000,-2.396024,-2.042419,-2.149223,-2.050963,3.542732E+9
76.885000,-2.442032,-2.256028,-2.105187,-1.926741,3.542732E+9
76.890000,-2.425601,-2.158096,-2.148237,-1.688485,3.542732E+9
76.895000,-2.489026,-2.007584,-2.055564,-1.657266,3.542732E+9
76.900000,-2.397338,-2.061151,-2.148566,-1.756840,3.542732E+9
76.905000,-2.450576,-2.038475,-2.265558,-2.058850,3.542732E+9
76.910000,-2.446304,-2.063780,-2.281990,-2.470623,3.542732E+9
76.915000,-2.662542,-2.435131,-2.516631,-2.812069,3.542732E+9
76.920000,-2.693434,-2.322740,-2.683903,-3.040466,3.542732E+9
76.925000,-2.811083,-2.416070,-2.787093,-3.058870,3.542732E+9
76.930000,-2.856434,-2.452877,-2.732869,-2.937605,3.542732E+9
76.935000,-2.964553,-2.448276,-2.571512,-2.746014,3.542732E+9
76.940000,-2.747986,-2.398982,-2.335228,-2.380578,3.542732E+9
76.945000,-2.720710,-2.342457,-2.153824,-2.151195,3.542732E+9
76.950000,-2.472266,-2.204104,-2.021058,-1.919512,3.542732E+9
76.955000,-2.410484,-2.132792,-1.987209,-1.820923,3.542732E+9
76.960000,-2.317810,-2.087770,-1.901108,-1.748624,3.542732E+9
76.965000,-2.243211,-2.080869,-1.860030,-2.059508,3.542732E+9
76.970000,-2.211334,-2.046034,-1.876461,-1.858387,3.542732E+9
76.975000,-2.239925,-2.050635,-1.946788,-2.010870,3.542732E+9
76.980000,-2.133121,-1.948760,-1.921155,-1.961576,3.542732E+9
76.985000,-2.139693,-1.890264,-2.071338,-2.065752,3.542732E+9
76.990000,-2.023358,-1.833082,-1.954346,-2.109131,3.542732E+9
76.995000,-2.043076,-1.813364,-2.034203,-2.078568,3.542732E+9
77.000000,-1.961905,-1.789046,-1.981622,-2.045048,3.542732E+9
77.005000,-1.911296,-1.794304,-1.909981,-2.023687,3.542732E+9
77.010000,-1.756512,-1.687171,-1.824538,-1.947774,3.542732E+9
77.015000,-1.482435,-1.606985,-1.775243,-1.646749,3.542732E+9
77.020000,-1.589897,-1.519241,-1.709846,-1.745667,3.542732E+9
77.025000,-1.554076,-1.442342,-1.643463,-1.669753,3.542732E+9
77.030000,-1.415723,-1.363471,-1.582010,-1.629989,3.542732E+9
77.035000,-1.386147,-1.320421,-1.620788,-1.617501,3.542732E+9
77.040000,-1.336195,-1.309576,-1.591540,-1.593840,3.542732E+9
77.045000,-1.374645,-1.349012,-1.664495,-1.663181,3.542732E+9
77.050000,-1.393377,-1.354927,-1.654308,-1.689471,3.542732E+9
77.055000,-1.456145,-1.384175,-1.755526,-1.744681,3.542732E+9
77.060000,-1.455159,-1.373987,-1.691114,-1.780501,3.542732E+9
77.065000,-1.503796,-1.486050,-1.740080,-1.789703,3.542732E+9
77.070000,-1.463703,-1.403564,-1.743038,-1.831439,3.542732E+9
77.075000,-1.594826,-1.422953,-1.766699,-1.902423,3.542732E+9
77.080000,-1.486707,-1.435112,-1.764070,-1.929699,3.542732E+9
77.085000,-1.520227,-1.439385,-1.796604,-1.945145,3.542732E+9
77.090000,-1.460417,-1.399949,-1.780501,-1.862987,3.542732E+9
77.095000,-1.476848,-1.387133,-1.799233,-1.958290,3.542732E+9
77.100000,-1.401921,-1.361500,-1.699987,-1.792003,3.542732E+9
77.105000,-1.399949,-1.366758,-1.663510,-1.729235,3.542732E+9
77.110000,-1.365443,-1.325350,-1.607971,-1.670082,3.542732E+9
77.115000,-1.419995,-1.335209,-1.661538,-1.627032,3.542732E+9
77.120000,-1.395020,-1.346054,-1.605671,-1.630975,3.542732E+9
77.125000,-1.445629,-1.410794,-1.614215,-1.637876,3.542732E+9
77.130000,-1.404879,-1.374316,-1.616844,-1.667782,3.542732E+9
77.135000,-1.492951,-1.373987,-1.689800,-1.736465,3.542732E+9
77.140000,-1.431497,-1.376616,-1.715762,-1.744681,3.542732E+9
77.145000,-1.468304,-1.401264,-1.775243,-1.819608,3.542732E+9
77.150000,-1.476191,-1.445957,-1.733508,-1.902423,3.542732E+9
77.155000,-1.521870,-1.547503,-1.816979,-2.051949,3.542732E+9
77.160000,-1.568536,-1.655951,-1.838012,-2.091056,3.542732E+9
77.165000,-1.769985,-2.031903,-1.913268,-2.311238,3.542732E+9
77.170000,-2.314853,-2.787422,-2.001998,-2.677988,3.542732E+9
77.175000,-2.850190,-3.026664,-2.416070,-2.988871,3.542732E+9
77.180000,-2.825543,-2.952394,-2.864978,-3.248818,3.542732E+9
77.185000,-2.880095,-2.947793,-3.027321,-3.439094,3.542732E+9
77.190000,-2.400953,-2.704936,-2.873194,-3.842980,3.542732E+9
77.195000,-2.485083,-2.601417,-2.801224,-3.821619,3.542732E+9
77.200000,-2.445647,-2.554423,-2.689490,-3.365153,3.542732E+9
77.205000,-2.403582,-2.509401,-2.561982,-2.952394,3.542732E+9
77.210000,-2.318796,-2.540292,-2.339171,-2.668458,3.542732E+9
77.215000,-2.171242,-2.402597,-2.146923,-2.528462,3.542732E+9
77.220000,-2.116032,-2.386494,-1.964205,-2.269173,3.542732E+9
77.225000,-2.133449,-2.460435,-1.934957,-2.185701,3.542732E+9
77.230000,-2.076925,-2.438089,-1.859044,-2.149223,3.542732E+9
77.235000,-2.182415,-2.432173,-1.866274,-2.167627,3.542732E+9
77.240000,-2.052606,-2.330627,-1.843598,-2.254056,3.542732E+9
77.245000,-2.226123,-2.504800,-2.001669,-2.484754,3.542732E+9
77.250000,-2.283633,-2.555409,-2.257014,-2.715452,3.542732E+9
77.255000,-2.450576,-2.664186,-2.497242,-2.909015,3.542732E+9
77.260000,-2.465693,-2.604704,-2.596159,-2.987228,3.542732E+9
77.265000,-2.539964,-2.655313,-2.570198,-3.080231,3.542732E+9
77.270000,-2.397338,-2.638881,-2.398982,-2.860377,3.542732E+9
77.275000,-2.444332,-2.614234,-2.203776,-2.649397,3.542732E+9
77.280000,-2.353631,-2.583014,-1.973078,-2.361847,3.542732E+9
77.285000,-2.218893,-2.464379,-1.844256,-2.183072,3.542732E+9
77.290000,-2.116360,-2.373349,-1.775572,-2.031245,3.542732E+9
77.295000,-2.057864,-2.252413,-1.799891,-2.060822,3.542732E+9
77.300000,-1.960590,-2.171242,-1.815665,-1.886320,3.542732E+9
77.305000,-1.986881,-2.201147,-1.811064,-1.859372,3.542732E+9
77.310000,-1.964205,-2.098614,-1.782802,-1.882705,3.542732E+9
77.315000,-2.038147,-2.085141,-1.789703,-1.893550,3.542732E+9
77.320000,-1.851157,-1.948102,-1.795618,-1.930356,3.542732E+9
77.325000,-1.864302,-1.956647,-1.857401,-1.928713,3.542732E+9
77.330000,-1.743695,-1.794633,-1.886649,-2.000026,3.542732E+9
77.335000,-1.780173,-1.785431,-1.890592,-2.102558,3.542732E+9
77.340000,-1.674026,-1.723649,-1.863973,-2.130163,3.542732E+9
77.345000,-1.673368,-1.666139,-1.840312,-2.065423,3.542732E+9
77.350000,-1.602056,-1.594826,-1.783788,-1.929699,3.542732E+9
77.355000,-1.592854,-1.535673,-1.746324,-1.822237,3.542732E+9
77.360000,-1.445629,-1.466004,-1.639191,-1.704588,3.542732E+9
77.365000,-1.388776,-1.360514,-1.621774,-1.665153,3.542732E+9
77.370000,-1.341125,-1.302675,-1.580038,-1.559334,3.542732E+9
77.375000,-1.370372,-1.338824,-1.653322,-1.532058,3.542732E+9
77.380000,-1.345725,-1.331923,-1.597455,-1.578066,3.542732E+9
77.385000,-1.422953,-1.365443,-1.643792,-1.629332,3.542732E+9
77.390000,-1.373987,-1.358542,-1.655294,-1.696044,3.542732E+9
77.395000,-1.459431,-1.383189,-1.713790,-1.777544,3.542732E+9
77.400000,-1.420981,-1.386475,-1.718391,-1.835383,3.542732E+9
77.405000,-1.501167,-1.406850,-1.741066,-1.934629,3.542732E+9
77.410000,-1.485393,-1.421639,-1.752568,-1.934629,3.542732E+9
77.415000,-1.523514,-1.435112,-1.878104,-1.948102,3.542732E+9
77.420000,-1.489665,-1.430512,-1.799562,-1.903080,3.542732E+9
77.425000,-1.495251,-1.365114,-1.761441,-1.925098,3.542732E+9
77.430000,-1.453187,-1.408493,-1.730878,-1.837683,3.542732E+9
77.435000,-1.436098,-1.376616,-1.793975,-1.731536,3.542732E+9
77.440000,-1.386804,-1.335209,-1.668768,-1.695715,3.542732E+9
77.445000,-1.420981,-1.412108,-1.652993,-1.677641,3.542732E+9
77.450000,-1.331594,-1.332580,-1.595483,-1.670082,3.542732E+9
77.455000,-1.614215,-1.359199,-1.608957,-1.671068,3.542732E+9
77.460000,-1.391076,-1.346383,-1.625060,-1.681584,3.542732E+9
77.465000,-1.460088,-1.387461,-1.682241,-1.724963,3.542732E+9
77.470000,-1.507411,-1.410794,-1.726935,-1.757497,3.542732E+9
77.475000,-1.663181,-1.494266,-1.855100,-1.926084,3.542732E+9
77.480000,-1.875804,-1.686514,-1.966177,-1.913925,3.542732E+9
77.485000,-2.511373,-2.161383,-2.327340,-2.132135,3.542732E+9
77.490000,-2.754887,-2.584329,-2.553766,-2.530762,3.542732E+9
77.495000,-2.899156,-2.667472,-2.895541,-2.988871,3.542732E+9
77.500000,-2.902113,-2.610290,-3.030279,-3.379612,3.542732E+9
77.505000,-2.684561,-2.381564,-3.039480,-3.585006,3.542732E+9
77.510000,-2.508087,-2.287248,-2.951079,-3.560359,3.542732E+9
77.515000,-2.632966,-2.370062,-2.748643,-3.370411,3.542732E+9
77.520000,-2.461750,-2.241568,-2.502500,-2.895212,3.542732E+9
77.525000,-2.519589,-2.252742,-2.253070,-2.399310,3.542732E+9
77.530000,-2.342786,-2.133121,-2.212320,-2.116689,3.542732E+9
77.535000,-2.400953,-2.117675,-2.132463,-2.104858,3.542732E+9
77.540000,-2.380578,-2.234996,-2.082840,-1.811393,3.542732E+9
77.545000,-2.353631,-2.170584,-2.052278,-1.768342,3.542732E+9
77.550000,-2.362504,-2.161383,-2.009885,-1.847542,3.542732E+9
77.555000,-2.415413,-2.190959,-2.111102,-2.033875,3.542732E+9
77.560000,-2.417713,-2.191617,-2.156782,-2.297107,3.542732E+9
77.565000,-2.565597,-2.308937,-2.378607,-2.611276,3.542732E+9
77.570000,-2.683903,-2.450576,-2.596159,-2.934319,3.542732E+9
77.575000,-2.815026,-2.580056,-2.729583,-3.068728,3.542732E+9
77.580000,-2.819956,-2.593859,-2.759488,-3.002017,3.542732E+9
77.585000,-2.839016,-2.617849,-2.677988,-2.868264,3.542732E+9
77.590000,-2.771976,-2.576113,-2.435788,-2.597145,3.542732E+9
77.595000,-2.768690,-2.499214,-2.184387,-2.414756,3.542732E+9
77.600000,-2.550808,-2.406211,-1.986223,-2.112417,3.542732E+9
77.605000,-2.419685,-2.313867,-1.899465,-1.931671,3.542732E+9
77.610000,-2.341800,-2.242225,-1.868574,-1.835711,3.542732E+9
77.615000,-2.279689,-2.172885,-1.862001,-1.929699,3.542732E+9
77.620000,-2.212649,-2.156453,-1.843270,-1.766042,3.542732E+9
77.625000,-2.200161,-2.122604,-1.836697,-1.850499,3.542732E+9
77.630000,-2.140022,-2.071996,-1.836697,-1.894207,3.542732E+9
77.635000,-1.961247,-1.958290,-1.909653,-1.923784,3.542732E+9
77.640000,-1.980965,-1.873504,-1.897493,-1.980637,3.542732E+9
77.645000,-1.957633,-1.913596,-1.936600,-2.019415,3.542732E+9
77.650000,-1.843598,-1.795947,-1.942844,-2.083498,3.542732E+9
77.655000,-1.891907,-1.744681,-1.931014,-2.081197,3.542732E+9
77.660000,-1.779187,-1.683885,-1.869560,-2.027631,3.542732E+9
77.665000,-1.735151,-1.642806,-1.796604,-1.979322,3.542732E+9
77.670000,-1.598441,-1.549147,-1.720034,-1.839326,3.542732E+9
77.675000,-1.525814,-1.463046,-1.725292,-1.715433,3.542732E+9
77.680000,-1.377274,-1.350983,-1.601727,-1.642149,3.542732E+9
77.685000,-1.338495,-1.475205,-1.644449,-1.635247,3.542732E+9
77.690000,-1.313191,-1.302346,-1.559334,-1.584967,3.542732E+9
77.695000,-1.331594,-1.318120,-1.664167,-1.578395,3.542732E+9
77.700000,-1.349669,-1.321407,-1.600413,-1.606985,3.542732E+9
77.705000,-1.435441,-1.489008,-1.674683,-1.657923,3.542732E+9
77.710000,-1.422624,-1.400606,-1.677312,-1.725949,3.542732E+9
77.715000,-1.678626,-1.422296,-1.687171,-1.820266,3.542732E+9
77.720000,-1.466989,-1.421639,-1.726278,-1.872846,3.542732E+9
77.725000,-1.501495,-1.416052,-1.783131,-1.923127,3.542732E+9
77.730000,-1.504453,-1.419995,-1.816979,-1.942516,3.542732E+9
77.735000,-1.501495,-1.422624,-1.854443,-2.224479,3.542732E+9
77.740000,-1.459760,-1.406522,-1.802191,-1.946131,3.542732E+9
77.745000,-1.481778,-1.396991,-1.786088,-1.932985,3.542732E+9
77.750000,-1.398635,-1.364786,-1.728907,-1.841955,3.542732E+9
77.755000,-1.428540,-1.340467,-1.708860,-1.735151,3.542732E+9
77.760000,-1.372016,-1.326993,-1.621445,-1.669753,3.542732E+9
77.765000,-1.383846,-1.362157,-1.582667,-1.627689,3.542732E+9
77.770000,-1.365772,-1.348354,-1.550790,-1.574451,3.542732E+9
77.775000,-1.445629,-1.361171,-1.579381,-1.624074,3.542732E+9
77.780000,-1.385818,-1.379574,-1.595812,-1.600084,3.542732E+9
77.785000,-1.434127,-1.395677,-1.678955,-1.671068,3.542732E+9
77.790000,-1.434455,-1.426239,-1.696701,-1.761441,3.542732E+9
77.795000,-1.507739,-1.575766,-1.785102,-1.960262,3.542732E+9
77.800000,-1.578723,-1.742381,-1.813364,-2.145608,3.542732E+9
77.805000,-1.783459,-2.257342,-1.906038,-2.536020,3.542732E+9
77.810000,-2.351002,-2.903428,-2.133449,-2.984599,3.542732E+9
77.815000,-2.794323,-2.972769,-2.657613,-3.316515,3.542732E+9
77.820000,-2.682589,-2.915258,-3.049339,-3.602752,3.542732E+9
77.825000,-2.569869,-2.866621,-3.037837,-3.930396,3.542732E+9
77.830000,-2.211663,-2.664514,-2.796295,-4.028985,3.542732E+9
77.835000,-2.315510,-2.516960,-2.635595,-3.722373,3.542732E+9
77.840000,-2.215278,-2.425929,-2.475224,-3.137741,3.542732E+9
77.845000,-2.218564,-2.430859,-2.310580,-2.839345,3.542732E+9
77.850000,-2.102558,-2.441046,-2.121619,-2.376963,3.542732E+9
77.855000,-2.027302,-2.339171,-1.961576,-2.249127,3.542732E+9
77.860000,-1.963219,-2.336871,-1.806463,-2.100258,3.542732E+9
77.865000,-1.908667,-2.443347,-1.824209,-2.086455,3.542732E+9
77.870000,-1.961576,-2.409826,-1.830124,-2.175514,3.542732E+9
77.875000,-2.005941,-2.241568,-1.838997,-2.329641,3.542732E+9
77.880000,-2.000354,-2.344101,-1.916883,-2.527476,3.542732E+9
77.885000,-2.157110,-2.562639,-2.083498,-2.847232,3.542732E+9
77.890000,-2.317153,-2.680946,-2.377621,-3.066757,3.542732E+9
77.895000,-2.632637,-2.765075,-2.614562,-3.241259,3.542732E+9
77.900000,-2.497570,-2.774605,-2.661228,-3.143327,3.542732E+9
77.905000,-2.512030,-2.768690,-2.567568,-3.085817,3.542732E+9
77.910000,-2.426586,-2.734512,-2.325369,-2.810754,3.542732E+9
77.915000,-2.442689,-2.718409,-2.095985,-2.584986,3.542732E+9
77.920000,-2.297764,-2.653012,-1.880733,-2.332270,3.542732E+9
77.925000,-2.226780,-2.528133,-1.799891,-2.366447,3.542732E+9
77.930000,-2.068381,-2.417713,-1.797590,-2.057536,3.542732E+9
77.935000,-2.016129,-2.320439,-1.816322,-2.047020,3.542732E+9
77.940000,-1.951060,-2.246169,-1.819608,-1.972421,3.542732E+9
77.945000,-1.985895,-2.231709,-1.849842,-1.975707,3.542732E+9
77.950000,-1.984909,-2.190631,-1.770971,-2.006927,3.542732E+9
77.955000,-1.997725,-2.122933,-1.803177,-1.961905,3.542732E+9
77.960000,-1.877447,-1.996739,-1.834068,-1.957961,3.542732E+9
77.965000,-1.887306,-1.979651,-1.878104,-1.955661,3.542732E+9
77.970000,-1.782802,-1.879090,-1.859701,-2.036504,3.542732E+9
77.975000,-1.887963,-1.839655,-1.852800,-2.216921,3.542732E+9
77.980000,-1.692758,-1.764399,-1.843270,-2.082840,3.542732E+9
77.985000,-1.678298,-1.679284,-1.846556,-2.014485,3.542732E+9
77.990000,-1.600413,-1.598112,-1.772286,-1.915239,3.542732E+9
77.995000,-1.518256,-1.520227,-1.737122,-1.706560,3.542732E+9
78.000000,-1.390747,-1.410794,-1.641491,-1.738437,3.542732E+9
78.005000,-1.354598,-1.341453,-1.621774,-1.655951,3.542732E+9
78.010000,-1.313191,-1.288873,-1.591868,-1.590883,3.542732E+9
78.015000,-1.379903,-1.328637,-1.643463,-1.563278,3.542732E+9
78.020000,-1.359528,-1.351641,-1.581024,-1.569522,3.542732E+9
78.025000,-1.427554,-1.433469,-1.614872,-1.592197,3.542732E+9
78.030000,-1.409479,-1.384175,-1.635905,-1.642477,3.542732E+9
78.035000,-1.528114,-1.392719,-1.686185,-1.933314,3.542732E+9
78.040000,-1.439713,-1.405207,-1.705245,-1.825195,3.542732E+9
78.045000,-1.478820,-1.404879,-1.752897,-1.928385,3.542732E+9
78.050000,-1.487364,-1.410137,-1.792661,-1.965520,3.542732E+9
78.055000,-1.524171,-1.415723,-1.872518,-2.127534,3.542732E+9
78.060000,-1.480135,-1.398306,-1.817965,-2.011856,3.542732E+9
78.065000,-1.492951,-1.413752,-1.960919,-1.997068,3.542732E+9
78.070000,-1.441685,-1.388118,-1.750596,-1.883362,3.542732E+9
78.075000,-1.476520,-1.373002,-1.732193,-1.761441,3.542732E+9
78.080000,-1.418681,-1.354927,-1.640834,-1.655294,3.542732E+9
78.085000,-1.396663,-1.366100,-1.571822,-1.606328,3.542732E+9
78.090000,-1.331266,-1.333566,-1.527786,-1.554405,3.542732E+9
78.095000,-1.452858,-1.323707,-1.574122,-1.579709,3.542732E+9
78.100000,-1.388118,-1.337181,-1.593512,-1.588911,3.542732E+9
78.105000,-1.434784,-1.367086,-1.679284,-1.681256,3.542732E+9
78.110000,-1.462060,-1.371030,-1.699330,-1.761441,3.542732E+9
78.115000,-1.557034,-1.428211,-1.805149,-1.861673,3.542732E+9
78.120000,-1.741066,-1.510040,-1.950403,-1.936929,3.542732E+9
78.125000,-2.164340,-1.716419,-2.205419,-2.055235,3.542732E+9
78.130000,-2.773948,-2.113731,-2.482782,-2.281661,3.542732E+9
78.135000,-2.967182,-2.603389,-2.867279,-2.653012,3.542732E+9
78.140000,-2.994130,-2.674044,-3.119666,-3.123610,3.542732E+9
78.145000,-3.116708,-2.512687,-3.214969,-3.506135,3.542732E+9
78.150000,-2.840988,-2.272788,-3.159102,-3.550171,3.542732E+9
78.155000,-2.777234,-2.230723,-2.904414,-3.433508,3.542732E+9
78.160000,-2.604046,-2.254385,-2.738784,-3.169946,3.542732E+9
78.165000,-2.545879,-2.134106,-2.545222,-2.882724,3.542732E+9
78.170000,-2.570526,-2.110117,-2.379264,-2.318139,3.542732E+9
78.175000,-2.511701,-2.073967,-2.256357,-2.092042,3.542732E+9
78.180000,-2.498556,-2.090727,-2.164998,-1.909981,3.542732E+9
78.185000,-2.588929,-2.199175,-2.236639,-1.797919,3.542732E+9
78.190000,-2.495270,-2.052278,-2.175514,-1.767685,3.542732E+9
78.195000,-2.563954,-2.195889,-2.162369,-1.872189,3.542732E+9
78.200000,-2.511044,-2.059179,-2.195889,-2.066409,3.542732E+9
78.205000,-2.623435,-2.138050,-2.301050,-2.368748,3.542732E+9
78.210000,-2.692776,-2.233681,-2.498228,-2.672401,3.542732E+9
78.215000,-2.936291,-2.323726,-2.743714,-2.970140,3.542732E+9
78.220000,-2.933333,-2.425929,-2.822256,-2.992158,3.542732E+9
78.225000,-2.984271,-2.487054,-2.806482,-2.988214,3.542732E+9
78.230000,-2.926432,-2.476867,-2.660571,-2.733855,3.542732E+9
78.235000,-2.924131,-2.409498,-2.479824,-2.509072,3.542732E+9
78.240000,-2.748643,-2.358889,-2.199175,-2.226123,3.542732E+9
78.245000,-2.619492,-2.252413,-2.076268,-2.108145,3.542732E+9
78.250000,-2.481139,-2.188330,-1.968806,-1.890264,3.542732E+9
78.255000,-2.429544,-2.156125,-1.954675,-1.829467,3.542732E+9
78.260000,-2.321096,-2.096314,-1.919840,-1.771628,3.542732E+9
78.265000,-2.292177,-2.071010,-1.920497,-1.793975,3.542732E+9
78.270000,-2.244526,-2.024016,-1.897165,-1.836697,3.542732E+9
78.275000,-2.266544,-2.219550,-1.920497,-1.858058,3.542732E+9
78.280000,-2.131477,-1.897493,-1.906695,-1.909981,3.542732E+9
78.285000,-2.068381,-1.852800,-1.934300,-1.976693,3.542732E+9
78.290000,-1.922798,-1.764727,-1.928385,-2.028288,3.542732E+9
78.295000,-1.953689,-1.709846,-1.950403,-2.156782,3.542732E+9
78.300000,-1.855758,-1.701959,-1.934629,-2.074953,3.542732E+9
78.305000,-1.808764,-1.675340,-1.804491,-2.003969,3.542732E+9
78.310000,-1.714776,-1.603370,-1.811064,-1.931342,3.542732E+9
78.315000,-1.641163,-1.523842,-1.765385,-1.918197,3.542732E+9
78.320000,-1.480463,-1.433469,-1.633604,-1.717405,3.542732E+9
78.325000,-1.401921,-1.373987,-1.606985,-1.611258,3.542732E+9
78.330000,-1.295774,-1.284929,-1.550133,-1.557362,3.542732E+9
78.335000,-1.373330,-1.282957,-1.623417,-1.510368,3.542732E+9
78.340000,-1.318778,-1.308262,-1.574122,-1.549147,3.542732E+9
78.345000,-1.407836,-1.408165,-1.627032,-1.595812,3.542732E+9
78.350000,-1.404550,-1.376288,-1.658580,-1.662524,3.542732E+9
78.355000,-1.527129,-1.379245,-1.707546,-1.814350,3.542732E+9
78.360000,-1.425911,-1.393377,-1.705903,-1.848528,3.542732E+9
78.365000,-1.453844,-1.402249,-1.744681,-1.900780,3.542732E+9
78.370000,-1.500510,-1.417038,-1.774915,-1.954675,3.542732E+9
78.375000,-1.506096,-1.445957,-1.825524,-2.028945,3.542732E+9
78.380000,-1.487036,-1.429526,-1.808764,-1.954675,3.542732E+9
78.385000,-1.509711,-1.416381,-1.891578,-1.935943,3.542732E+9
78.390000,-1.430183,-1.387790,-1.749939,-1.866931,3.542732E+9
78.395000,-1.454830,-1.441028,-1.718719,-1.786088,3.542732E+9
78.400000,-1.374645,-1.336524,-1.677312,-1.696701,3.542732E+9
78.405000,-1.464032,-1.356899,-1.624403,-1.636233,3.542732E+9
78.410000,-1.340139,-1.319764,-1.563935,-1.601727,3.542732E+9
78.415000,-1.398963,-1.340796,-1.552433,-1.631633,3.542732E+9
78.420000,-1.358542,-1.348026,-1.571493,-1.619802,3.542732E+9
78.425000,-1.400935,-1.355584,-1.638862,-1.733836,3.542732E+9
78.430000,-1.431497,-1.370701,-1.669753,-1.710503,3.542732E+9
78.435000,-1.458445,-1.421310,-1.932985,-1.787403,3.542732E+9
78.440000,-1.459760,-1.424925,-1.732522,-1.827824,3.542732E+9
78.445000,-1.557691,-1.524828,-1.754868,-1.884348,3.542732E+9
78.450000,-1.507411,-1.536659,-1.810407,-1.990167,3.542732E+9
78.455000,-1.636233,-1.742709,-1.842941,-2.123262,3.542732E+9
78.460000,-1.845241,-2.164669,-1.897822,-2.383207,3.542732E+9
78.465000,-2.494284,-2.789393,-2.110774,-2.760803,3.542732E+9
78.470000,-2.773948,-2.867936,-2.550480,-3.007275,3.542732E+9
78.475000,-2.733526,-2.856434,-2.960281,-3.330646,3.542732E+9
78.480000,-2.549822,-2.773291,-2.934648,-3.600451,3.542732E+9
78.485000,-2.359217,-2.569869,-2.818641,-3.822934,3.542732E+9
78.490000,-2.389451,-2.478181,-2.698363,-3.592236,3.542732E+9
78.495000,-2.559024,-2.470623,-2.659585,-3.115394,3.542732E+9
78.500000,-2.332927,-2.447947,-2.407855,-2.715780,3.542732E+9
78.505000,-2.330955,-2.595831,-2.229738,-2.460764,3.542732E+9
78.510000,-2.150209,-2.374663,-2.055564,-2.297107,3.542732E+9
78.515000,-2.245512,-2.500857,-1.953689,-2.204762,3.542732E+9
78.520000,-2.177814,-2.496256,-1.954346,-2.171899,3.542732E+9
78.525000,-2.282318,-2.483768,-1.983594,-2.281990,3.542732E+9
78.530000,-2.165983,-2.448933,-1.966834,-2.330298,3.542732E+9
78.535000,-2.221850,-2.409169,-2.042419,-2.544564,3.542732E+9
78.540000,-2.336871,-2.559024,-2.189316,-2.762117,3.542732E+9
78.545000,-2.493298,-2.745028,-2.466679,-3.122952,3.542732E+9
78.550000,-2.604375,-2.806153,-2.626393,-3.013190,3.542732E+9
78.555000,-2.630337,-2.815355,-2.662214,-3.140041,3.542732E+9
78.560000,-2.594845,-2.801224,-2.537663,-2.921831,3.542732E+9
78.565000,-2.533062,-2.786436,-2.482782,-2.736484,3.542732E+9
78.570000,-2.490341,-2.744371,-2.090727,-2.491984,3.542732E+9
78.575000,-2.503157,-2.667472,-1.953032,-2.287905,3.542732E+9
78.580000,-2.262272,-2.536020,-1.865945,-2.124905,3.542732E+9
78.585000,-2.202790,-2.508087,-1.852471,-2.035189,3.542732E+9
78.590000,-2.035189,-2.288562,-1.851485,-1.985237,3.542732E+9
78.595000,-2.077582,-2.285276,-1.851485,-1.990167,3.542732E+9
78.600000,-2.019086,-2.210348,-1.842941,-1.967163,3.542732E+9
78.605000,-2.079225,-2.170256,-1.810407,-1.998711,3.542732E+9
78.610000,-1.946788,-2.071667,-1.787403,-1.939229,3.542732E+9
78.615000,-1.917540,-1.950731,-1.823552,-1.941858,3.542732E+9
78.620000,-1.787731,-1.854772,-1.850828,-1.935943,3.542732E+9
78.625000,-1.727592,-1.775572,-1.860030,-2.044719,3.542732E+9
78.630000,-1.683227,-1.684213,-1.819608,-2.047677,3.542732E+9
78.635000,-1.630975,-1.664167,-1.834068,-2.060165,3.542732E+9
78.640000,-1.550461,-1.567221,-1.792989,-1.920826,3.542732E+9
78.645000,-1.604356,-1.525485,-1.792661,-1.826510,3.542732E+9
78.650000,-1.457459,-1.450558,-1.676326,-1.785760,3.542732E+9
78.655000,-1.412437,-1.426897,-1.626046,-1.709846,3.542732E+9
78.660000,-1.321735,-1.285258,-1.605671,-1.666796,3.542732E+9
78.665000,-1.402578,-1.297745,-1.604356,-1.910310,3.542732E+9
78.670000,-1.345397,-1.333566,-1.605342,-1.586610,3.542732E+9
78.675000,-1.423939,-1.364457,-1.630647,-1.613558,3.542732E+9
78.680000,-1.411451,-1.378917,-1.639848,-1.655622,3.542732E+9
78.685000,-1.437741,-1.395677,-1.692758,-1.820923,3.542732E+9
78.690000,-1.472247,-1.386475,-1.690457,-1.759798,3.542732E+9
78.695000,-1.456145,-1.411451,-1.929042,-1.837354,3.542732E+9
78.700000,-1.426239,-1.384175,-1.732850,-1.893550,3.542732E+9
78.705000,-1.514969,-1.405864,-1.834397,-1.931671,3.542732E+9
78.710000,-1.454830,-1.406522,-1.803506,-1.962233,3.542732E+9
78.715000,-1.509054,-1.417038,-1.812050,-1.948760,3.542732E+9
78.720000,-1.468961,-1.401592,-1.775243,-1.919840,3.542732E+9
78.725000,-1.493280,-1.396991,-1.732193,-1.876461,3.542732E+9
78.730000,-1.404221,-1.366429,-1.675669,-1.713461,3.542732E+9
78.735000,-1.465018,-1.352955,-1.697358,-1.641163,3.542732E+9
78.740000,-1.376945,-1.340467,-1.586610,-1.606328,3.542732E+9
78.745000,-1.376288,-1.376945,-1.571493,-1.623417,3.542732E+9
78.750000,-1.379903,-1.315820,-1.570508,-1.609943,3.542732E+9
78.755000,-1.578395,-1.358542,-1.683227,-1.645106,3.542732E+9
78.760000,-1.404550,-1.366429,-1.701302,-1.734165,3.542732E+9
78.765000,-1.474219,-1.410137,-1.725949,-1.792661,3.542732E+9
78.770000,-1.447929,-1.393377,-1.750268,-1.850499,3.542732E+9
78.775000,-1.572808,-1.431826,-1.776558,-1.963877,3.542732E+9
78.780000,-1.623745,-1.496566,-1.850828,-1.925427,3.542732E+9
78.785000,-1.868245,-1.703274,-2.035189,-2.017443,3.542732E+9
78.790000,-2.331613,-2.037161,-2.173871,-2.192602,3.542732E+9
78.795000,-2.804510,-2.460764,-2.515974,-2.529119,3.542732E+9
78.800000,-2.920188,-2.878123,-2.920845,-2.964553,3.542732E+9
78.805000,-3.091733,-2.839016,-3.225156,-3.401630,3.542732E+9
78.810000,-2.872865,-2.657613,-3.144971,-3.784156,3.542732E+9
78.815000,-2.762774,-2.535363,-3.074972,-3.867628,3.542732E+9
78.820000,-2.618177,-2.504472,-2.886668,-3.646131,3.542732E+9
78.825000,-2.474566,-2.288891,-2.621792,-3.247174,3.542732E+9
78.830000,-2.447290,-2.248798,-2.417385,-2.705921,3.542732E+9
78.835000,-2.444332,-2.204433,-2.289548,-2.350016,3.542732E+9
78.840000,-2.313538,-2.151524,-2.117018,-2.049320,3.542732E+9
78.845000,-2.433159,-2.269173,-2.089413,-1.865945,3.542732E+9
78.850000,-2.293820,-2.202133,-2.080540,-1.718062,3.542732E+9
78.855000,-2.404240,-2.161054,-2.048334,-1.715104,3.542732E+9
78.860000,-2.289219,-2.167955,-1.993782,-1.934300,3.542732E+9
78.865000,-2.307951,-2.150209,-2.043076,-2.235324,3.542732E+9
78.870000,-2.367433,-2.202133,-2.213963,-2.522875,3.542732E+9
78.875000,-2.562968,-2.323726,-2.567240,-2.820613,3.542732E+9
78.880000,-2.680617,-2.494613,-2.690476,-3.069057,3.542732E+9
78.885000,-2.755216,-2.561325,-2.808125,-3.141027,3.542732E+9
78.890000,-2.770004,-2.588272,-2.739442,-3.033894,3.542732E+9
78.895000,-2.771319,-2.594516,-2.583014,-2.807797,3.542732E+9
78.900000,-2.670429,-2.518931,-2.302693,-2.467008,3.542732E+9
78.905000,-2.601746,-2.471937,-2.034860,-2.263258,3.542732E+9
78.910000,-2.380578,-2.355931,-1.886320,-2.034532,3.542732E+9
78.915000,-2.387480,-2.256028,-1.853786,-1.902752,3.542732E+9
78.920000,-2.215278,-2.156125,-1.849514,-1.758812,3.542732E+9
78.925000,-2.206076,-2.153496,-1.820923,-1.785102,3.542732E+9
78.930000,-2.103544,-2.091713,-1.786745,-1.809749,3.542732E+9
78.935000,-2.190959,-2.045377,-1.820266,-1.894207,3.542732E+9
78.940000,-2.083169,-1.992139,-1.841298,-1.935286,3.542732E+9
78.945000,-2.000683,-1.982608,-1.921155,-2.024344,3.542732E+9
78.950000,-1.945473,-1.812050,-1.928385,-2.051949,3.542732E+9
78.955000,-1.933971,-1.780830,-2.021715,-2.111431,3.542732E+9
78.960000,-1.840641,-1.766370,-1.939558,-2.127205,3.542732E+9
78.965000,-1.859044,-1.725292,-1.939558,-2.117018,3.542732E+9
78.970000,-1.727921,-1.664495,-1.856743,-2.008570,3.542732E+9
78.975000,-1.699001,-1.611586,-1.778858,-1.897165,3.542732E+9
78.980000,-1.552104,-1.513983,-1.681584,-1.809749,3.542732E+9
78.985000,-1.542903,-1.448915,-1.628346,-1.703602,3.542732E+9
78.990000,-1.352298,-1.316149,-1.590883,-1.561306,3.542732E+9
78.995000,-1.404221,-1.272770,-1.591540,-1.543560,3.542732E+9
79.000000,-1.316806,-1.290187,-1.562292,-1.553090,3.542732E+9
79.005000,-1.345725,-1.330280,-1.597455,-1.751911,3.542732E+9
79.010000,-1.392719,-1.324036,-1.639848,-1.642149,3.542732E+9
79.015000,-1.447272,-1.387133,-1.689800,-1.716419,3.542732E+9
79.020000,-1.434455,-1.385161,-1.678955,-1.783131,3.542732E+9
79.025000,-1.530415,-1.419338,-1.711818,-1.842941,3.542732E+9
79.030000,-1.478820,-1.418681,-1.725620,-1.911296,3.542732E+9
79.035000,-1.550461,-1.446943,-1.800876,-1.930356,3.542732E+9
79.040000,-1.505768,-1.448915,-1.830124,-1.934629,3.542732E+9
79.045000,-1.570179,-1.430183,-1.832425,-2.019743,3.542732E+9
79.050000,-1.477506,-1.419995,-1.771300,-1.930356,3.542732E+9
79.055000,-1.481120,-1.391076,-1.778201,-1.867588,3.542732E+9
79.060000,-1.402907,-1.351312,-1.723649,-1.766699,3.542732E+9
79.065000,-1.392391,-1.194556,-1.651022,-1.719376,3.542732E+9
79.070000,-1.360514,-1.306290,-1.574122,-1.661209,3.542732E+9
79.075000,-1.348354,-1.337181,-1.645106,-1.635576,3.542732E+9
79.080000,-1.345068,-1.320092,-1.558677,-1.604356,3.542732E+9
79.085000,-1.439056,-1.388118,-1.609614,-1.612572,3.542732E+9
79.090000,-1.422624,-1.374645,-1.638534,-1.660552,3.542732E+9
79.095000,-1.478491,-1.395020,-1.666139,-1.541588,3.542732E+9
79.100000,-1.457459,-1.407836,-1.706889,-1.773600,3.542732E+9
79.105000,-1.504453,-1.467318,-1.750268,-1.860358,3.542732E+9
79.110000,-1.534030,-1.598770,-1.774586,-1.993782,3.542732E+9
79.115000,-1.669096,-1.919512,-1.855429,-2.389780,3.542732E+9
79.120000,-2.177485,-2.615548,-1.976693,-2.631980,3.542732E+9
79.125000,-2.659913,-2.863992,-2.387808,-2.994130,3.542732E+9
79.130000,-2.723667,-2.886010,-2.833758,-3.287596,3.542732E+9
79.135000,-2.690147,-2.893898,-3.023049,-3.592893,3.542732E+9
79.140000,-2.315181,-2.635266,-2.855119,-3.780541,3.542732E+9
79.145000,-2.369405,-2.588272,-2.709208,-3.739462,3.542732E+9
79.150000,-2.357574,-2.518274,-2.569869,-3.296798,3.542732E+9
79.155000,-2.352645,-2.431516,-2.373677,-2.907700,3.542732E+9
79.160000,-2.265558,-2.519589,-2.183401,-2.510716,3.542732E+9
79.165000,-2.107816,-2.375649,-2.135421,-2.329969,3.542732E+9
79.170000,-2.057536,-2.366776,-1.889935,-2.172556,3.542732E+9
79.175000,-2.097957,-2.432830,-1.862659,-2.394709,3.542732E+9
79.180000,-2.060822,-2.440389,-1.865288,-2.138379,3.542732E+9
79.185000,-2.084812,-2.497899,-1.855100,-2.273774,3.542732E+9
79.190000,-2.045705,-2.374992,-1.888620,-2.384193,3.542732E+9
79.195000,-2.232695,-2.458792,-2.080211,-2.628694,3.542732E+9
79.200000,-2.294149,-2.628036,-2.267859,-2.845260,3.542732E+9
79.205000,-2.545879,-2.733526,-2.532405,-2.991172,3.542732E+9
79.210000,-2.508087,-2.758502,-2.611276,-3.071358,3.542732E+9
79.215000,-2.598788,-2.827186,-2.567897,-3.038823,3.542732E+9
79.220000,-2.468651,-2.776905,-2.377621,-2.835730,3.542732E+9
79.225000,-2.336542,-2.738456,-2.176500,-2.649397,3.542732E+9
79.230000,-2.414099,-2.716766,-1.973407,-2.372034,3.542732E+9
79.235000,-2.375649,-2.573484,-1.864959,-2.252413,3.542732E+9
79.240000,-2.171242,-2.482782,-1.778530,-2.055893,3.542732E+9
79.245000,-2.064108,-2.377292,-1.803506,-2.013500,3.542732E+9
79.250000,-2.002983,-2.274102,-1.810407,-1.957961,3.542732E+9
79.255000,-2.078568,-2.279689,-1.813693,-2.159411,3.542732E+9
79.260000,-2.007584,-2.223494,-1.810407,-1.954346,3.542732E+9
79.265000,-1.988852,-2.212649,-1.798905,-1.974393,3.542732E+9
79.270000,-1.939887,-2.058850,-1.796933,-1.993782,3.542732E+9
79.275000,-1.940544,-1.987209,-1.906038,-1.976036,3.542732E+9
79.280000,-1.770643,-1.868574,-1.886320,-1.993125,3.542732E+9
79.285000,-1.796604,-1.904395,-1.874818,-2.051292,3.542732E+9
79.290000,-1.703274,-1.765056,-1.842612,-2.079554,3.542732E+9
79.295000,-1.693086,-1.626703,-1.803177,-2.020729,3.542732E+9
79.300000,-1.591211,-1.608628,-1.778858,-1.911953,3.542732E+9
79.305000,-1.559991,-1.533372,-1.731536,-1.854772,3.542732E+9
79.310000,-1.438727,-1.443657,-1.655622,-1.758812,3.542732E+9
79.315000,-1.377931,-1.336852,-1.668110,-1.686842,3.542732E+9
79.320000,-1.311219,-1.292816,-1.598112,-1.605671,3.542732E+9
79.325000,-1.352627,-1.351312,-1.598441,-1.589239,3.542732E+9
79.330000,-1.348354,-1.345725,-1.576751,-1.584639,3.542732E+9
79.335000,-1.639520,-1.404221,-1.676655,-1.601070,3.542732E+9
79.340000,-1.411122,-1.388447,-1.633604,-1.636891,3.542732E+9
79.345000,-1.460745,-1.428211,-1.685528,-1.714776,3.542732E+9
79.350000,-1.441028,-1.394691,-1.708203,-1.800219,3.542732E+9
79.355000,-1.541917,-1.396006,-1.748953,-1.957961,3.542732E+9
79.360000,-1.473562,-1.397649,-1.759798,-1.962233,3.542732E+9
79.365000,-1.499852,-1.402249,-1.820266,-2.020072,3.542732E+9
79.370000,-1.479477,-1.397977,-1.805477,-1.972750,3.542732E+9
79.375000,-1.504453,-1.396334,-1.814679,-2.047020,3.542732E+9
79.380000,-1.439713,-1.403893,-1.737780,-1.884020,3.542732E+9
79.385000,-1.436756,-1.366100,-1.788389,-1.768014,3.542732E+9
79.390000,-1.411451,-1.342110,-1.626703,-1.663838,3.542732E+9
79.395000,-1.413752,-1.495251,-1.607971,-1.601070,3.542732E+9
79.400000,-1.356570,-1.331594,-1.575766,-1.582995,3.542732E+9
79.405000,-1.488679,-1.299717,-1.575108,-1.595483,3.542732E+9
79.410000,-1.386147,-1.345725,-1.594826,-1.623088,3.542732E+9
79.415000,-1.463046,-1.370044,-1.661209,-1.693415,3.542732E+9
79.420000,-1.458774,-1.372016,-1.711161,-1.755854,3.542732E+9
79.425000,-1.510697,-1.404879,-1.799562,-1.936929,3.542732E+9
79.430000,-1.639848,-1.465018,-1.871532,-1.899465,3.542732E+9
79.435000,-1.966506,-1.653979,-1.921483,-1.986881,3.542732E+9
79.440000,-2.548837,-2.046691,-2.338185,-2.200818,3.542732E+9
79.445000,-2.908357,-2.546865,-2.741085,-2.561325,3.542732E+9
79.450000,-2.956337,-2.745357,-3.046053,-3.080888,3.542732E+9
79.455000,-3.101920,-2.672730,-3.182763,-3.474586,3.542732E+9
79.460000,-2.822914,-2.385836,-3.142013,-3.587964,3.542732E+9
79.465000,-2.697377,-2.263915,-3.049668,-3.584677,3.542732E+9
79.470000,-2.549822,-2.296778,-2.762774,-3.314544,3.542732E+9
79.475000,-2.483768,-2.198189,-2.584329,-2.885353,3.542732E+9
79.480000,-2.491655,-2.169270,-2.382222,-2.385836,3.542732E+9
79.485000,-2.450905,-2.115046,-2.265229,-2.189316,3.542732E+9
79.490000,-2.410484,-2.114060,-2.132135,-1.971106,3.542732E+9
79.495000,-2.482782,-2.234010,-2.422314,-1.873175,3.542732E+9
79.500000,-2.393066,-2.118004,-2.150538,-1.788717,3.542732E+9
79.505000,-2.526818,-2.149552,-2.145937,-1.833411,3.542732E+9
79.510000,-2.427244,-2.125891,-2.120304,-2.077911,3.542732E+9
79.515000,-2.505458,-2.234010,-2.186687,-2.354945,3.542732E+9
79.520000,-2.576441,-2.252742,-2.401282,-2.631980,3.542732E+9
79.525000,-2.732540,-2.366776,-2.605689,-2.898170,3.542732E+9
79.530000,-2.825543,-2.485083,-2.791694,-3.029950,3.542732E+9
79.535000,-2.962910,-2.544236,-2.833430,-3.064785,3.542732E+9
79.540000,-2.857091,-2.506772,-2.682260,-2.816012,3.542732E+9
79.545000,-2.838359,-2.490998,-2.463722,-2.631323,3.542732E+9
79.550000,-2.716109,-2.450248,-2.217578,-2.335228,3.542732E+9
79.555000,-2.602075,-2.299736,-2.075939,-2.110774,3.542732E+9
79.560000,-2.425272,-2.232367,-1.954018,-1.903737,3.542732E+9
79.565000,-2.328655,-2.096314,-1.900122,-1.885334,3.542732E+9
79.570000,-2.250770,-2.108473,-1.843270,-1.807778,3.542732E+9
79.575000,-2.242225,-2.109131,-1.850171,-1.830782,3.542732E+9
79.580000,-2.164669,-2.065423,-1.883691,-1.797590,3.542732E+9
79.585000,-2.165983,-2.012514,-1.904395,-1.818294,3.542732E+9
79.590000,-2.115046,-1.953360,-1.871860,-1.932328,3.542732E+9
79.595000,-2.058850,-1.949088,-1.917540,-1.979322,3.542732E+9
79.600000,-1.903737,-1.758155,-1.935286,-2.015471,3.542732E+9
79.605000,-1.913596,-1.752568,-1.965520,-2.049320,3.542732E+9
79.610000,-1.832096,-1.715104,-1.946131,-2.102887,3.542732E+9
79.615000,-1.829796,-1.664167,-1.883362,-2.105844,3.542732E+9
79.620000,-1.717405,-1.622760,-1.809421,-1.992796,3.542732E+9
79.625000,-1.658580,-1.558677,-1.807120,-1.845241,3.542732E+9
79.630000,-1.513655,-1.455159,-1.669425,-1.740737,3.542732E+9
79.635000,-1.443328,-1.286572,-1.605342,-1.725620,3.542732E+9
79.640000,-1.313191,-1.308919,-1.561635,-1.600413,3.542732E+9
79.645000,-1.322064,-1.299717,-1.662852,-1.514969,3.542732E+9
79.650000,-1.328637,-1.291502,-1.574780,-1.529758,3.542732E+9
79.655000,-1.400606,-1.575766,-1.642477,-1.558348,3.542732E+9
79.660000,-1.389433,-1.362485,-1.631304,-1.627360,3.542732E+9
79.665000,-1.445957,-1.400606,-1.680270,-1.723649,3.542732E+9
79.670000,-1.414409,-1.397977,-1.692758,-1.809421,3.542732E+9
79.675000,-1.506096,-1.387461,-1.751582,-1.926741,3.542732E+9
79.680000,-1.485721,-1.414409,-1.783131,-1.951717,3.542732E+9
79.685000,-1.501495,-1.428540,-1.850171,-2.094014,3.542732E+9
79.690000,-1.500181,-1.422624,-1.815008,-1.995425,3.542732E+9
79.695000,-1.526471,-1.465346,-1.852800,-1.979651,3.542732E+9
79.700000,-1.452530,-1.397649,-1.784445,-1.879090,3.542732E+9
79.705000,-1.478163,-1.375302,-1.755854,-1.786088,3.542732E+9
79.710000,-1.389762,-1.331594,-1.650364,-1.727264,3.542732E+9
79.715000,-1.401921,-1.366100,-1.623745,-1.643792,3.542732E+9
79.720000,-1.329622,-1.310891,-1.581024,-1.578723,3.542732E+9
79.725000,-1.419338,-1.327322,-1.547503,-1.649378,3.542732E+9
79.730000,-1.350655,-1.352955,-1.547175,-1.612243,3.542732E+9
79.735000,-1.398306,-1.363143,-1.649050,-1.642149,3.542732E+9
79.740000,-1.433798,-1.370044,-1.662195,-1.678955,3.542732E+9
79.745000,-1.434127,-1.431169,-1.703274,-1.792661,3.542732E+9
79.750000,-1.468961,-1.462060,-1.736794,-1.856086,3.542732E+9
79.755000,-1.500510,-1.609614,-1.821580,-1.990824,3.542732E+9
79.760000,-1.617830,-1.839983,-1.818622,-2.213963,3.542732E+9
79.765000,-1.975707,-2.535363,-1.920826,-2.563954,3.542732E+9
79.770000,-2.451234,-2.874508,-2.230395,-2.964224,3.542732E+9
79.775000,-2.855777,-2.904414,-2.750286,-3.444352,3.542732E+9
79.780000,-2.657613,-2.911315,-3.024363,-3.628385,3.542732E+9
79.785000,-2.408840,-2.783807,-2.973755,-3.856783,3.542732E+9
79.790000,-2.229409,-2.555081,-2.780849,-3.933025,3.542732E+9
79.795000,-2.298092,-2.436445,-2.636581,-3.686553,3.542732E+9
79.800000,-2.119647,-2.304994,-2.382879,-3.023049,3.542732E+9
79.805000,-2.156125,-2.408840,-2.224808,-2.591887,3.542732E+9
79.810000,-2.017443,-2.359546,-2.041104,-2.251098,3.542732E+9
79.815000,-2.080540,-2.294478,-1.888620,-2.115375,3.542732E+9
79.820000,-1.997397,-2.381236,-1.756512,-2.047020,3.542732E+9
79.825000,-2.000354,-2.529776,-1.815665,-2.029602,3.542732E+9
79.830000,-1.988852,-2.383536,-1.843927,-2.107159,3.542732E+9
79.835000,-2.025002,-2.393395,-1.859044,-2.328326,3.542732E+9
79.840000,-2.025659,-2.359546,-1.941858,-2.566254,3.542732E+9
79.845000,-2.250113,-2.527476,-2.158754,-2.956666,3.542732E+9
79.850000,-2.371705,-2.690476,-2.448933,-3.138069,3.542732E+9
79.855000,-2.569212,-2.798924,-2.706579,-3.240273,3.542732E+9
79.860000,-2.507429,-2.777891,-2.718409,-3.163702,3.542732E+9
79.865000,-2.495599,-2.775262,-2.553437,-3.059855,3.542732E+9
79.870000,-2.449919,-2.789393,-2.277060,-2.821270,3.542732E+9
79.875000,-2.456163,-2.947793,-2.026316,-2.650712,3.542732E+9
79.880000,-2.283633,-2.660242,-1.859372,-2.285276,3.542732E+9
79.885000,-2.239925,-2.582357,-1.794633,-2.076925,3.542732E+9
79.890000,-2.079225,-2.443675,-1.769657,-1.985237,3.542732E+9
79.895000,-2.049977,-2.337528,-1.809749,-1.973735,3.542732E+9
79.900000,-2.004955,-2.331284,-1.815993,-1.954675,3.542732E+9
79.905000,-2.041104,-2.371377,-1.852471,-1.979651,3.542732E+9
79.910000,-2.010542,-2.221193,-1.815665,-2.046691,3.542732E+9
79.915000,-2.029274,-2.206733,-1.824538,-2.038147,3.542732E+9
79.920000,-1.892564,-2.045705,-1.852800,-2.033217,3.542732E+9
79.925000,-1.957961,-1.962562,-1.892564,-2.115703,3.542732E+9
79.930000,-1.821909,-1.929042,-1.888292,-2.075939,3.542732E+9
79.935000,-1.815993,-1.843270,-1.978336,-2.107159,3.542732E+9
79.940000,-1.715433,-1.760455,-1.840969,-2.078239,3.542732E+9
79.945000,-1.655951,-1.706560,-1.822237,-2.159740,3.542732E+9
79.950000,-1.559334,-1.609943,-1.748296,-1.874818,3.542732E+9
79.955000,-1.532058,-1.523842,-1.727264,-1.779844,3.542732E+9
79.960000,-1.399620,-1.389762,-1.628346,-1.697358,3.542732E+9
79.965000,-1.409479,-1.335866,-1.612901,-1.623417,3.542732E+9
79.970000,-1.301032,-1.310562,-1.560320,-1.603042,3.542732E+9
79.975000,-1.341782,-1.341782,-1.597455,-1.565249,3.542732E+9
79.980000,-1.351641,-1.334881,-1.604028,-1.556705,3.542732E+9
79.985000,-1.458445,-1.377274,-1.633276,-1.691443,3.542732E+9
79.990000,-1.430512,-1.405536,-1.636891,-1.710503,3.542732E+9
79.995000,-1.490651,-1.407179,-1.927727,-1.768342,3.542732E+9
80.000000,-1.467318,-1.393048,-1.734493,-1.832754,3.542732E+9
80.005000,-1.486707,-1.420981,-1.800548,-1.982608,3.542732E+9
80.010000,-1.466332,-1.405536,-1.793318,-1.968806,3.542732E+9
80.015000,-1.524499,-1.435441,-1.918197,-1.997397,3.542732E+9
80.020000,-1.453187,-1.402907,-1.814022,-2.006927,3.542732E+9
80.025000,-1.499195,-1.667124,-1.824866,-1.930685,3.542732E+9
80.030000,-1.447929,-1.384504,-1.728249,-1.843598,3.542732E+9
80.035000,-1.411780,-1.359199,-1.667124,-1.772943,3.542732E+9
80.040000,-1.380560,-1.348354,-1.614544,-1.649050,3.542732E+9
80.045000,-1.414409,-1.334881,-1.586610,-1.607971,3.542732E+9
80.050000,-1.357227,-1.339481,-1.544874,-1.548818,3.542732E+9
80.055000,-1.410465,-1.350326,-1.580038,-1.746981,3.542732E+9
80.060000,-1.409808,-1.360514,-1.597126,-1.607643,3.542732E+9
80.065000,-1.470276,-1.422624,-1.752568,-1.656937,3.542732E+9
80.070000,-1.488679,-1.397649,-1.742709,-1.747639,3.542732E+9
80.075000,-1.712804,-1.512669,-1.912610,-1.887963,3.542732E+9
80.080000,-1.945145,-1.714118,-2.058193,-2.063780,3.542732E+9
80.085000,-2.555409,-2.160068,-2.332927,-2.333256,3.542732E+9
80.090000,-2.719395,-2.552452,-2.691462,-2.760803,3.542732E+9
80.095000,-2.931690,-2.654984,-3.004974,-3.210368,3.542732E+9
80.100000,-2.889954,-2.576113,-3.063799,-3.498905,3.542732E+9
80.105000,-2.690476,-2.329969,-3.061170,-3.571203,3.542732E+9
80.110000,-2.586629,-2.335885,-2.874837,-3.464727,3.542732E+9
80.115000,-2.583343,-2.225137,-2.652026,-3.211025,3.542732E+9
80.120000,-2.475224,-2.234338,-2.447947,-2.694091,3.542732E+9
80.125000,-2.553766,-2.243211,-2.375320,-2.318467,3.542732E+9
80.130000,-2.382222,-2.119318,-2.194574,-2.091056,3.542732E+9
80.135000,-2.445976,-2.131149,-2.165655,-1.947116,3.542732E+9
80.140000,-2.361189,-2.164012,-2.129506,-1.839655,3.542732E+9
80.145000,-2.419357,-2.162040,-2.124248,-1.846227,3.542732E+9
80.150000,-2.410155,-2.140679,-2.079225,-1.965848,3.542732E+9
80.155000,-2.545550,-2.137393,-2.125562,-2.254713,3.542732E+9
80.160000,-2.481139,-2.183401,-2.227437,-2.402925,3.542732E+9
80.165000,-2.634938,-2.284619,-2.401282,-2.699678,3.542732E+9
80.170000,-2.759488,-2.419357,-2.624750,-2.847232,3.542732E+9
80.175000,-2.900470,-2.484097,-2.805496,-2.911972,3.542732E+9
80.180000,-2.846904,-2.510716,-2.694748,-2.832444,3.542732E+9
80.185000,-2.850518,-2.500528,-2.600760,-2.763760,3.542732E+9
80.190000,-2.755873,-2.485083,-2.385836,-2.471609,3.542732E+9
80.195000,-2.735169,-2.409826,-2.176500,-2.321096,3.542732E+9
80.200000,-2.543907,-2.322082,-2.029274,-2.100915,3.542732E+9
80.205000,-2.416399,-2.281661,-2.012185,-1.969792,3.542732E+9
80.210000,-2.324054,-2.184058,-1.915239,-1.918197,3.542732E+9
80.215000,-2.374006,-2.153824,-1.936272,-1.901108,3.542732E+9
80.220000,-2.261943,-2.150209,-1.892893,-1.862987,3.542732E+9
80.225000,-2.270488,-2.136735,-1.868574,-1.856415,3.542732E+9
80.230000,-2.213306,-2.049320,-1.859044,-1.882705,3.542732E+9
80.235000,-2.246498,-1.981622,-1.904066,-1.951717,3.542732E+9
80.240000,-2.019086,-1.872189,-1.914582,-1.938901,3.542732E+9
80.245000,-2.005941,-1.832425,-1.935286,-2.004627,3.542732E+9
80.250000,-1.885006,-1.790032,-1.913925,-2.036504,3.542732E+9
80.255000,-1.879747,-1.734822,-1.955989,-2.061808,3.542732E+9
80.260000,-1.766370,-1.672711,-1.856086,-2.031245,3.542732E+9
80.265000,-1.712147,-1.648393,-1.810078,-1.969792,3.542732E+9
80.270000,-1.576423,-1.517927,-1.723649,-1.863973,3.542732E+9
80.275000,-1.542574,-1.471262,-1.731536,-1.779844,3.542732E+9
80.280000,-1.394691,-1.369058,-1.631961,-1.689800,3.542732E+9
80.285000,-1.387461,-1.360185,-1.614872,-1.572479,3.542732E+9
80.290000,-1.348354,-1.292816,-1.576094,-1.562949,3.542732E+9
80.295000,-1.539616,-1.375631,-1.578066,-1.568207,3.542732E+9
80.300000,-1.384504,-1.360514,-1.583981,-1.569522,3.542732E+9
80.305000,-1.453187,-1.373002,-1.651679,-1.637548,3.542732E+9
80.310000,-1.413423,-1.364786,-1.666796,-1.710832,3.542732E+9
80.315000,-1.450887,-1.375631,-1.744681,-1.896508,3.542732E+9
80.320000,-1.444314,-1.390419,-1.736465,-1.906695,3.542732E+9
80.325000,-1.478820,-1.437413,-1.806792,-2.001998,3.542732E+9
80.330000,-1.469618,-1.416381,-1.824538,-2.011856,3.542732E+9
80.335000,-1.545532,-1.429854,-1.906366,-1.985566,3.542732E+9
80.340000,-1.453844,-1.407836,-1.805806,-1.966834,3.542732E+9
80.345000,-1.493280,-1.416709,-1.739751,-1.870217,3.542732E+9
80.350000,-1.415066,-1.377931,-1.689800,-1.763741,3.542732E+9
80.355000,-1.471919,-1.355913,-1.664824,-1.703602,3.542732E+9
80.360000,-1.375959,-1.317135,-1.602056,-1.597126,3.542732E+9
80.365000,-1.391076,-1.332909,-1.601727,-1.597784,3.542732E+9
80.370000,-1.346383,-1.344082,-1.541260,-1.588911,3.542732E+9
80.375000,-1.388447,-1.322393,-1.595812,-1.618487,3.542732E+9
80.380000,-1.392391,-1.363800,-1.655951,-1.661866,3.542732E+9
80.385000,-1.402907,-1.401264,-1.712804,-1.725620,3.542732E+9
80.390000,-1.445300,-1.420653,-1.720034,-1.830782,3.542732E+9
80.395000,-1.539288,-1.504782,-1.798247,-1.918854,3.542732E+9
80.400000,-1.553747,-1.599756,-1.840312,-2.029274,3.542732E+9
80.405000,-1.801534,-1.905381,-1.903409,-2.351659,3.542732E+9
80.410000,-2.224479,-2.517288,-2.040447,-2.570198,3.542732E+9
80.415000,-2.686204,-2.704936,-2.225137,-2.841645,3.542732E+9
80.420000,-2.712494,-2.731555,-2.739113,-3.081216,3.542732E+9
80.425000,-2.610619,-2.737799,-2.897841,-3.417733,3.542732E+9
80.430000,-2.246498,-2.386822,-2.741413,-3.447310,3.542732E+9
80.435000,-2.229080,-2.327340,-2.734512,-3.390128,3.542732E+9
80.440000,-2.248141,-2.301050,-2.423300,-3.050982,3.542732E+9
80.445000,-2.255699,-2.334899,-2.295792,-2.660899,3.542732E+9
80.450000,-2.243211,-2.417713,-2.106830,-2.386494,3.542732E+9
80.455000,-2.123590,-2.370391,-1.986223,-2.278703,3.542732E+9
80.460000,-2.092371,-2.377292,-1.874489,-2.152510,3.542732E+9
80.465000,-2.205419,-2.452548,-1.874161,-2.222836,3.542732E+9
80.470000,-2.122933,-2.440389,-1.885991,-2.194903,3.542732E+9
80.475000,-2.213963,-2.454849,-1.915568,-2.327012,3.542732E+9
80.480000,-2.114389,-2.399310,-1.990495,-2.431516,3.542732E+9
80.485000,-2.273445,-2.467008,-2.170256,-2.745686,3.542732E+9
80.490000,-2.390766,-2.620806,-2.344101,-2.846904,3.542732E+9
80.495000,-2.566583,-2.812397,-2.537335,-3.080888,3.542732E+9
80.500000,-2.578742,-2.809440,-2.576770,-3.051311,3.542732E+9
80.505000,-2.603718,-2.836059,-2.557710,-2.987228,3.542732E+9
80.510000,-2.528790,-2.810097,-2.335556,-2.806153,3.542732E+9
80.515000,-2.560010,-2.782164,-2.138707,-2.559681,3.542732E+9
80.520000,-2.433159,-2.744700,-1.944487,-2.326683,3.542732E+9
80.525000,-2.417056,-2.706250,-1.840312,-2.161711,3.542732E+9
80.530000,-2.269173,-2.549494,-1.798905,-2.070024,3.542732E+9
80.535000,-2.415742,-2.483111,-1.838997,-2.291848,3.542732E+9
80.540000,-2.117346,-2.373349,-1.896508,-1.939229,3.542732E+9
80.545000,-2.218564,-2.358560,-1.898479,-2.009227,3.542732E+9
80.550000,-2.115046,-2.326026,-1.836040,-2.055564,3.542732E+9
80.555000,-2.103215,-2.281004,-1.860030,-2.048334,3.542732E+9
80.560000,-1.996411,-2.144951,-1.861344,-2.026645,3.542732E+9
80.565000,-1.979322,-2.224808,-1.908010,-2.078897,3.542732E+9
80.570000,-1.842612,-1.985895,-1.879747,-2.049649,3.542732E+9
80.575000,-1.830124,-1.900780,-1.923127,-2.075282,3.542732E+9
80.580000,-1.753225,-1.787074,-1.820266,-2.061151,3.542732E+9
80.585000,-1.715104,-1.799562,-1.784774,-1.942516,3.542732E+9
80.590000,-1.623417,-1.650364,-1.780501,-1.838012,3.542732E+9
80.595000,-1.611915,-1.560320,-1.722006,-1.770643,3.542732E+9
80.600000,-1.459431,-1.453187,-1.645106,-1.706231,3.542732E+9
80.605000,-1.434455,-1.364457,-1.612243,-1.686842,3.542732E+9
80.610000,-1.300703,-1.294131,-1.572151,-1.616187,3.542732E+9
80.615000,-1.346711,-1.303004,-1.635576,-1.584967,3.542732E+9
80.620000,-1.348354,-1.332909,-1.587596,-1.605342,3.542732E+9
80.625000,-1.408493,-1.401921,-1.645106,-1.720034,3.542732E+9
80.630000,-1.411122,-1.393048,-1.672383,-1.740080,3.542732E+9
80.635000,-1.340139,-1.391733,-1.789703,-1.756183,3.542732E+9
80.640000,-1.447272,-1.404879,-1.721020,-1.843270,3.542732E+9
80.645000,-1.489336,-1.475534,-1.743366,-1.874818,3.542732E+9
80.650000,-1.485064,-1.396991,-1.767356,-1.902094,3.542732E+9
80.655000,-1.545860,-1.415066,-1.809421,-2.017114,3.542732E+9
80.660000,-1.465675,-1.408165,-1.797590,-1.928056,3.542732E+9
80.665000,-1.492951,-1.399620,-1.652336,-1.900122,3.542732E+9
80.670000,-1.421967,-1.385161,-1.715762,-1.871860,3.542732E+9
80.675000,-1.416052,-1.370372,-1.711489,-1.852143,3.542732E+9
80.680000,-1.385489,-1.358870,-1.679284,-1.688814,3.542732E+9
80.685000,-1.394362,-1.358870,-1.720691,-1.643135,3.542732E+9
80.690000,-1.355913,-1.343096,-1.571165,-1.615201,3.542732E+9
80.695000,-1.432155,-1.394362,-1.573465,-1.610272,3.542732E+9
80.700000,-1.391405,-1.350983,-1.609614,-1.616187,3.542732E+9
80.705000,-1.714776,-1.408493,-1.695387,-1.665810,3.542732E+9
80.710000,-1.554405,-1.438399,-1.777872,-1.754540,3.542732E+9
80.715000,-1.704588,-1.497881,-1.915239,-1.867588,3.542732E+9
80.720000,-1.922141,-1.644778,-2.089741,-2.014814,3.542732E+9
80.725000,-2.500528,-1.896179,-2.365133,-2.329312,3.542732E+9
80.730000,-2.845589,-2.387808,-2.715780,-2.631323,3.542732E+9
80.735000,-2.807139,-2.654327,-2.985914,-3.067743,3.542732E+9
80.740000,-2.825543,-2.359875,-3.139055,-3.354308,3.542732E+9
80.745000,-2.850847,-2.188659,-3.166989,-3.449939,3.542732E+9
80.750000,-2.612919,-2.087770,-3.035537,-3.377312,3.542732E+9
80.755000,-2.584657,-2.249127,-2.780849,-3.156144,3.542732E+9
80.760000,-2.591230,-2.237953,-2.545879,-2.804839,3.542732E+9
80.765000,-2.702307,-2.158096,-2.475224,-2.418699,3.542732E+9
80.770000,-2.494941,-2.078568,-2.342457,-2.155139,3.542732E+9
80.775000,-2.495927,-2.047348,-2.238282,-2.060165,3.542732E+9
80.780000,-2.456492,-2.144294,-2.197532,-2.001669,3.542732E+9
80.785000,-2.545222,-2.130820,-2.231052,-2.220865,3.542732E+9
80.790000,-2.514659,-2.074296,-2.248798,-2.030260,3.542732E+9
80.795000,-2.561325,-2.122933,-2.345415,-2.238282,3.542732E+9
80.800000,-2.532734,-2.095328,-2.407526,-2.448933,3.542732E+9
80.805000,-2.642167,-2.192602,-2.608319,-2.708222,3.542732E+9
80.810000,-2.756530,-2.324711,-2.666157,-2.866293,3.542732E+9
80.815000,-2.887982,-2.400953,-2.813055,-2.901785,3.542732E+9
80.820000,-2.869579,-2.427572,-2.737470,-2.822914,3.542732E+9
80.825000,-2.913615,-2.548837,-2.631323,-2.627379,3.542732E+9
80.830000,-2.793008,-2.392080,-2.415084,-2.432173,3.542732E+9
80.835000,-2.787750,-2.340157,-2.253070,-2.289219,3.542732E+9
80.840000,-2.603060,-2.288891,-2.127534,-2.083498,3.542732E+9
80.845000,-2.540292,-2.193917,-2.079225,-2.038147,3.542732E+9
80.850000,-2.406869,-2.119975,-2.025987,-1.960919,3.542732E+9
80.855000,-2.418371,-2.086784,-2.000026,-2.003641,3.542732E+9
80.860000,-2.286262,-2.107487,-1.964205,-1.982937,3.542732E+9
80.865000,-2.344758,-2.061808,-2.017114,-2.011199,3.542732E+9
80.870000,-2.244197,-2.029274,-1.970449,-1.969463,3.542732E+9
80.875000,-2.208048,-2.110445,-1.956975,-2.058522,3.542732E+9
80.880000,-2.102887,-1.897165,-1.939229,-1.995425,3.542732E+9
80.885000,-2.028616,-1.854443,-2.048334,-1.989838,3.542732E+9
80.890000,-1.947116,-1.783131,-1.961576,-1.972421,3.542732E+9
80.895000,-1.986223,-1.742381,-1.976693,-1.985237,3.542732E+9
80.900000,-1.815008,-1.689800,-1.876790,-1.974721,3.542732E+9
80.905000,-1.774258,-1.667124,-1.834725,-1.902423,3.542732E+9
80.910000,-1.644449,-1.559663,-1.745338,-1.830124,3.542732E+9
80.915000,-1.632290,-1.474548,-1.717076,-1.891578,3.542732E+9
80.920000,-1.420653,-1.383846,-1.632618,-1.697030,3.542732E+9
80.925000,-1.389433,-1.310891,-1.598112,-1.669096,3.542732E+9
80.930000,-1.344082,-1.307933,-1.568207,-1.606657,3.542732E+9
80.935000,-1.374645,-1.326336,-1.626703,-1.695715,3.542732E+9
80.940000,-1.397649,-1.348683,-1.617830,-1.547175,3.542732E+9
80.945000,-1.471262,-1.416709,-1.663181,-1.629003,3.542732E+9
80.950000,-1.445629,-1.392391,-1.672711,-1.697358,3.542732E+9
80.955000,-1.503467,-1.396663,-1.775901,-1.757497,3.542732E+9
80.960000,-1.441028,-1.392062,-1.763413,-1.856743,3.542732E+9
80.965000,-1.478163,-1.431497,-1.779844,-1.921812,3.542732E+9
80.970000,-1.484407,-1.415723,-1.792989,-1.992796,3.542732E+9
80.975000,-1.535673,-1.411122,-1.822895,-2.051949,3.542732E+9
80.980000,-1.454501,-1.390419,-1.803177,-1.958947,3.542732E+9
80.985000,-1.469618,-1.375631,-1.864959,-1.915568,3.542732E+9
80.990000,-1.418352,-1.359528,-1.730878,-1.801534,3.542732E+9
80.995000,-1.414080,-1.354270,-1.707217,-1.781487,3.542732E+9
81.000000,-1.391076,-1.341782,-1.609614,-1.625389,3.542732E+9
81.005000,-1.383518,-1.354927,-1.662852,-1.581681,3.542732E+9
81.010000,-1.360842,-1.356570,-1.555062,-1.533044,3.542732E+9
81.015000,-1.420653,-1.368729,-1.580695,-1.571493,3.542732E+9
81.020000,-1.382532,-1.360842,-1.615858,-1.646749,3.542732E+9
81.025000,-1.477506,-1.370372,-1.648393,-1.562949,3.542732E+9
81.030000,-1.419010,-1.376288,-1.709189,-1.801862,3.542732E+9
81.035000,-1.470933,-1.385161,-1.763413,-1.895850,3.542732E+9
81.040000,-1.445957,-1.410465,-1.768342,-1.947445,3.542732E+9
81.045000,-1.500510,-1.462717,-1.811393,-2.085141,3.542732E+9
81.050000,-1.508068,-1.581352,-1.818951,-2.076596,3.542732E+9
81.055000,-1.695387,-1.890921,-1.882048,-2.177157,3.542732E+9
81.060000,-1.982608,-2.425601,-1.879419,-2.412127,3.542732E+9
81.065000,-2.465365,-3.107507,-2.100586,-2.754887,3.542732E+9
81.070000,-2.803196,-2.989857,-2.557052,-3.101591,3.542732E+9
81.075000,-2.747657,-2.907043,-2.960938,-3.448296,3.542732E+9
81.080000,-2.448276,-2.866621,-2.984271,-3.805517,3.542732E+9
81.085000,-2.339828,-2.720053,-2.853805,-4.051332,3.542732E+9
81.090000,-2.382222,-2.584986,-2.735498,-3.848896,3.542732E+9
81.095000,-2.353302,-2.535691,-2.657284,-3.367124,3.542732E+9
81.100000,-2.255699,-2.507758,-2.417385,-2.910329,3.542732E+9
81.105000,-2.190959,-2.557381,-2.234667,-2.634280,3.542732E+9
81.110000,-2.130492,-2.455506,-2.056221,-2.375320,3.542732E+9
81.115000,-2.191617,-2.513345,-1.961247,-2.178471,3.542732E+9
81.120000,-2.038475,-2.480810,-1.862330,-2.098614,3.542732E+9
81.125000,-2.085469,-2.436117,-1.865288,-2.099929,3.542732E+9
81.130000,-1.978336,-2.373677,-1.817965,-2.231709,3.542732E+9
81.135000,-2.029931,-2.386822,-1.880405,-2.442361,3.542732E+9
81.140000,-2.105516,-2.448276,-2.077911,-2.692119,3.542732E+9
81.145000,-2.241240,-2.671087,-2.326355,-3.169289,3.542732E+9
81.150000,-2.435131,-2.712165,-2.545550,-3.112108,3.542732E+9
81.155000,-2.531419,-2.721696,-2.653669,-3.185721,3.542732E+9
81.160000,-2.409826,-2.690476,-2.567568,-2.990843,3.542732E+9
81.165000,-2.421657,-2.670101,-2.357903,-2.823571,3.542732E+9
81.170000,-2.340486,-2.647097,-2.066409,-2.556724,3.542732E+9
81.175000,-2.325369,-2.582028,-1.906366,-2.943849,3.542732E+9
81.180000,-2.144294,-2.438089,-1.787731,-2.110774,3.542732E+9
81.185000,-2.091056,-2.388465,-1.789703,-2.073639,3.542732E+9
81.190000,-1.952046,-2.246826,-1.808764,-1.963219,3.542732E+9
81.195000,-1.940872,-2.217250,-1.884677,-1.918854,3.542732E+9
81.200000,-1.937915,-2.152510,-1.795618,-1.932985,3.542732E+9
81.205000,-1.975050,-2.123262,-1.782802,-1.970120,3.542732E+9
81.210000,-1.861016,-2.042748,-1.737122,-1.980965,3.542732E+9
81.215000,-1.840641,-1.981622,-1.819280,-1.961576,3.542732E+9
81.220000,-1.753883,-1.824538,-1.865945,-1.979322,3.542732E+9
81.225000,-1.855100,-1.818622,-1.880076,-2.096643,3.542732E+9
81.230000,-1.735151,-1.798905,-1.863316,-2.100586,3.542732E+9
81.235000,-1.726278,-1.746324,-1.858715,-2.120961,3.542732E+9
81.240000,-1.627032,-1.686185,-1.811721,-1.967820,3.542732E+9
81.245000,-1.634262,-1.619473,-1.801534,-2.245840,3.542732E+9
81.250000,-1.525485,-1.520885,-1.699001,-1.782145,3.542732E+9
81.255000,-1.447272,-1.458774,-1.628346,-1.751582,3.542732E+9
81.260000,-1.340467,-1.344739,-1.576751,-1.671725,3.542732E+9
81.265000,-1.385161,-1.323050,-1.682241,-1.604685,3.542732E+9
81.270000,-1.339810,-1.297417,-1.631961,-1.586282,3.542732E+9
81.275000,-1.399620,-1.380560,-1.667782,-1.643792,3.542732E+9
81.280000,-1.373659,-1.371358,-1.644449,-1.691114,3.542732E+9
81.285000,-1.443985,-1.386804,-1.662195,-1.722334,3.542732E+9
81.290000,-1.442999,-1.380889,-1.676983,-1.756840,3.542732E+9
81.295000,-1.471262,-1.389433,-1.707217,-1.802520,3.542732E+9
81.300000,-1.451544,-1.395020,-1.694401,-1.817637,3.542732E+9
81.305000,-1.490322,-1.412437,-1.768342,-1.953032,3.542732E+9
81.310000,-1.488022,-1.424596,-1.794961,-1.930028,3.542732E+9
81.315000,-1.519899,-1.439056,-1.912939,-1.942516,3.542732E+9
81.320000,-1.481449,-1.418681,-1.820266,-1.931342,3.542732E+9
81.325000,-1.500838,-1.277371,-1.762098,-1.885334,3.542732E+9
81.330000,-1.406522,-1.367743,-1.717076,-1.800876,3.542732E+9
81.335000,-1.436427,-1.359856,-1.662852,-1.719048,3.542732E+9
81.340000,-1.384175,-1.349669,-1.618159,-1.674026,3.542732E+9
81.345000,-1.397649,-1.324036,-1.560320,-1.659895,3.542732E+9
81.350000,-1.386804,-1.335866,-1.560977,-1.626703,3.542732E+9
81.355000,-1.421967,-1.366758,-1.639520,-1.828481,3.542732E+9
81.360000,-1.500510,-1.398306,-1.704260,-1.625060,3.542732E+9
81.365000,-1.636562,-1.445957,-1.811721,-1.728578,3.542732E+9
81.370000,-1.817637,-1.553090,-1.943173,-1.825195,3.542732E+9
81.375000,-2.291191,-1.852471,-2.165983,-1.987538,3.542732E+9
81.380000,-2.873851,-2.189645,-2.455506,-2.280346,3.542732E+9
81.385000,-3.233043,-2.685218,-2.888311,-2.679960,3.542732E+9
81.390000,-3.049997,-2.762774,-3.197551,-3.235344,3.542732E+9
81.395000,-3.083517,-2.445318,-3.312572,-3.650403,3.542732E+9
81.400000,-2.998402,-2.346072,-3.305999,-3.675708,3.542732E+9
81.405000,-2.930047,-2.328326,-3.244874,-3.522566,3.542732E+9
81.410000,-2.771976,-2.393724,-2.838359,-3.202152,3.542732E+9
81.415000,-2.731883,-2.268844,-2.600431,-2.795309,3.542732E+9
81.420000,-2.586958,-2.093028,-2.423629,-2.205419,3.542732E+9
81.425000,-2.501514,-2.026973,-2.149881,-1.972421,3.542732E+9
81.430000,-2.403582,-2.038475,-2.055235,-1.870546,3.542732E+9
81.435000,-2.512687,-2.136078,-2.084812,-1.737451,3.542732E+9
81.440000,-2.409169,-2.015800,-2.057207,-1.641820,3.542732E+9
81.445000,-2.422972,-1.985895,-2.083498,-1.677641,3.542732E+9
81.450000,-2.352974,-1.939887,-2.156453,-1.858058,3.542732E+9
81.455000,-2.454191,-1.978993,-2.229738,-2.180443,3.542732E+9
81.460000,-2.567240,-2.065423,-2.393724,-2.531748,3.542732E+9
81.465000,-2.698034,-2.221850,-2.605689,-2.806153,3.542732E+9
81.470000,-2.743057,-2.310580,-2.700992,-2.879438,3.542732E+9
81.475000,-2.836387,-2.336871,-2.796295,-2.868593,3.542732E+9
81.480000,-2.790051,-2.381893,-2.608976,-2.645125,3.542732E+9
81.485000,-2.703621,-2.327012,-2.382222,-2.444990,3.542732E+9
81.490000,-2.636909,-2.234996,-2.153824,-2.255042,3.542732E+9
81.495000,-2.521889,-2.183729,-2.030588,-2.062794,3.542732E+9
81.500000,-2.324383,-2.083498,-1.985566,-1.844913,3.542732E+9
81.505000,-2.309266,-2.018429,-2.071667,-1.741395,3.542732E+9
81.510000,-2.220207,-1.977022,-1.912282,-1.749939,3.542732E+9
81.515000,-2.223165,-1.982280,-1.863316,-1.757826,3.542732E+9
81.520000,-2.128848,-1.953360,-1.823881,-1.766370,3.542732E+9
81.525000,-2.167627,-1.938243,-1.831768,-1.794633,3.542732E+9
81.530000,-2.053921,-1.855100,-1.847213,-1.837026,3.542732E+9
81.535000,-2.133121,-1.796276,-1.889606,-2.003969,3.542732E+9
81.540000,-1.946131,-1.782802,-1.922798,-1.974721,3.542732E+9
81.545000,-1.983266,-1.761112,-1.976364,-2.039790,3.542732E+9
81.550000,-1.913268,-1.723320,-1.967491,-2.082840,3.542732E+9
81.555000,-1.876461,-1.697687,-1.967820,-2.065752,3.542732E+9
81.560000,-1.757169,-1.656937,-1.854772,-1.958947,3.542732E+9
81.565000,-1.699001,-1.566564,-1.782802,-1.901437,3.542732E+9
81.570000,-1.539288,-1.470276,-1.685856,-1.775572,3.542732E+9
81.575000,-1.316477,-1.366100,-1.667782,-1.669425,3.542732E+9
81.580000,-1.367415,-1.308919,-1.585953,-1.612572,3.542732E+9
81.585000,-1.382532,-1.379574,-1.583324,-1.565578,3.542732E+9
81.590000,-1.340467,-1.326336,-1.580366,-1.542903,3.542732E+9
81.595000,-1.438070,-1.342439,-1.624403,-1.568536,3.542732E+9
81.600000,-1.421310,-1.371687,-1.642149,-1.583324,3.542732E+9
81.605000,-1.459102,-1.386475,-1.668110,-1.680598,3.542732E+9
81.610000,-1.464032,-1.400278,-1.667782,-1.755526,3.542732E+9
81.615000,-1.465346,-1.396006,-1.752239,-1.972750,3.542732E+9
81.620000,-1.462717,-1.401264,-1.773929,-1.908338,3.542732E+9
81.625000,-1.513983,-1.431169,-2.087770,-2.008570,3.542732E+9
81.630000,-1.492951,-1.437413,-1.860358,-2.041762,3.542732E+9
81.635000,-1.534687,-1.432483,-1.879747,-2.003312,3.542732E+9
81.640000,-1.465675,-1.392719,-1.805806,-1.942844,3.542732E+9
81.645000,-1.457131,-1.410137,-1.739094,-1.854443,3.542732E+9
81.650000,-1.384504,-1.358870,-1.676655,-1.726606,3.542732E+9
81.655000,-1.434455,-1.332580,-1.613229,-1.651350,3.542732E+9
81.660000,-1.352955,-1.338824,-1.570508,-1.568536,3.542732E+9
81.665000,-1.370701,-1.344739,-1.576094,-1.688485,3.542732E+9
81.670000,-1.398635,-1.381546,-1.558020,-1.573465,3.542732E+9
81.675000,-1.439713,-1.479806,-1.613558,-1.706889,3.542732E+9
81.680000,-1.463374,-1.570179,-1.663181,-1.837683,3.542732E+9
81.685000,-1.608300,-1.780173,-1.774915,-2.080869,3.542732E+9
81.690000,-1.752239,-2.261615,-1.840969,-2.447947,3.542732E+9
81.695000,-2.210348,-2.959952,-2.008899,-2.942863,3.542732E+9
81.700000,-2.627379,-3.061499,-2.461750,-3.341820,3.542732E+9
81.705000,-2.743057,-2.932347,-2.966525,-3.714815,3.542732E+9
81.710000,-2.348373,-2.852490,-3.034551,-3.875843,3.542732E+9
81.715000,-2.162369,-2.789393,-2.874837,-4.062834,3.542732E+9
81.720000,-2.176500,-2.672401,-2.561325,-3.920866,3.542732E+9
81.725000,-2.290863,-2.620478,-2.399639,-3.434822,3.542732E+9
81.730000,-2.164669,-2.539635,-2.212649,-2.799252,3.542732E+9
81.735000,-2.084155,-2.540292,-2.170584,-2.441375,3.542732E+9
81.740000,-1.914911,-2.415084,-1.970449,-2.211992,3.542732E+9
81.745000,-1.926413,-2.371377,-1.805477,-2.110774,3.542732E+9
81.750000,-1.922141,-2.433488,-1.703602,-2.129506,3.542732E+9
81.755000,-1.966834,-2.549494,-1.748953,-2.185701,3.542732E+9
81.760000,-1.891907,-2.404240,-1.771628,-2.273445,3.542732E+9
81.765000,-1.967491,-2.332270,-1.847213,-2.474895,3.542732E+9
81.770000,-1.983923,-2.462736,-1.997725,-2.786107,3.542732E+9
81.775000,-2.223165,-2.647754,-2.219550,-3.161402,3.542732E+9
81.780000,-2.346072,-2.774934,-2.471280,-3.133797,3.542732E+9
81.785000,-2.441375,-2.820942,-2.684561,-3.104878,3.542732E+9
81.790000,-2.365461,-2.742728,-2.536349,-3.013190,3.542732E+9
81.795000,-2.348044,-2.735169,-2.331613,-3.001031,3.542732E+9
81.800000,-2.244526,-2.679631,-2.068052,-2.604704,3.542732E+9
81.805000,-2.189645,-2.617849,-1.871203,-2.461750,3.542732E+9
81.810000,-2.087770,-2.515645,-1.760455,-2.224151,3.542732E+9
81.815000,-2.009556,-2.413770,-1.828810,-2.071338,3.542732E+9
81.820000,-1.860358,-2.266544,-1.767028,-1.954346,3.542732E+9
81.825000,-1.917868,-2.228423,-1.767685,-1.926413,3.542732E+9
81.830000,-1.871203,-2.220536,-1.745995,-1.950403,3.542732E+9
81.835000,-1.904395,-2.206076,-1.739751,-1.926413,3.542732E+9
81.840000,-1.867917,-2.085469,-1.728249,-1.923784,3.542732E+9
81.845000,-1.909653,-2.022044,-1.776558,-2.018758,3.542732E+9
81.850000,-1.732850,-1.917211,-1.847213,-1.967163,3.542732E+9
81.855000,-1.795618,-1.860687,-1.898479,-2.049977,3.542732E+9
81.860000,-1.752239,-1.838669,-1.877447,-2.114060,3.542732E+9
81.865000,-1.716747,-1.789703,-1.887306,-2.515974,3.542732E+9
81.870000,-1.655951,-1.733179,-1.818622,-2.092371,3.542732E+9
81.875000,-1.605014,-1.660552,-1.808435,-1.995096,3.542732E+9
81.880000,-1.491965,-1.529758,-1.718719,-1.841626,3.542732E+9
